385 49
376 56
391 46
379 42
671 247
667 249
669 240
660 234
766 137
758 143
766 134
756 132
480 156
470 156
484 153
478 151
443 75
436 74
445 66
433 62
614 51
617 43
606 47
47 113
40 123
48 103
40 108
351 165
343 165
354 150
345 155
468 185
457 181
462 170
458 168
784 93
780 99
789 81
772 84
67 98
56 97
68 87
61 81
782 52
771 54
784 46
775 48
52 135
40 138
46 134
40 126
30 77
19 76
30 66
19 62
781 73
775 72
784 66
777 67
687 33
679 33
692 23
685 24
404 201
398 207
404 188
395 193
562 180
552 179
561 176
550 177
498 185
488 180
501 173
491 168
317 144
304 138
311 124
304 132
653 49
645 54
654 46
640 40
479 137
477 138
480 126
476 134
444 164
435 162
448 152
434 148
711 55
702 57
713 43
698 47
674 53
660 55
672 42
662 38
310 114
306 115
313 111
300 109
819 92
827 90
815 86
766 50
759 49
767 42
754 43
649 31
640 34
649 23
645 25
443 179
433 182
444 170
436 177
783 35
777 35
781 22
779 26
486 75
471 78
480 62
475 62
669 34
663 35
671 24
665 26
630 58
628 54
635 43
626 39
800 94
798 97
806 82
799 81
636 72
628 72
631 68
626 64
487 178
476 182
480 167
476 172
805 31
797 35
800 21
792 24
861 28
850 32
860 21
855 19
140 165
138 162
142 155
134 146
822 32
817 36
820 20
812 19
427 166
420 163
429 152
419 150
536 178
528 185
542 176
534 177
614 76
603 78
613 63
603 67
763 27
758 28
763 19
755 22
824 58
818 49
822 43
814 41
807 80
798 74
800 62
790 59
463 158
458 165
468 147
451 153
822 78
817 78
823 67
818 68
50 95
38 97
51 81
36 89
803 49
797 53
808 39
798 48
520 184
515 186
522 177
510 177
651 76
646 76
653 68
644 69
177 349
198 330
956 26
1121 198
1085 342
1081 337
813 133
1005 99
1063 94
1062 72
994 86
795 354
780 343
418 350
424 329
404 337
165 95
138 91
951 244
871 154
851 146
969 302
980 276
991 176
991 157
453 292
434 294
993 355
1187 41
1184 32
1156 33
1120 150
868 143
860 140
1063 21
1050 27
1069 356
1042 355
1068 337
725 168
710 170
728 145
709 156
161 353
141 341
36 310
34 283
798 220
779 220
782 198
580 92
841 250
815 248
652 340
630 348
646 325
621 329
1212 189
1194 197
52 354
34 344
53 321
494 278
519 271
523 232
38 174
33 183
35 156
32 158
816 300
810 281
804 261
793 248
771 243
126 253
93 265
111 242
1062 169
1048 170
1066 153
866 228
864 221
881 194
1035 350
1016 339
1015 338
955 339
933 347
951 337
726 230
724 199
707 197
115 141
92 138
253 185
246 159
194 305
177 308
855 87
849 74
136 304
160 279
138 279
809 211
844 194
811 197
807 300
806 289
777 287
153 259
133 266
164 235
39 258
19 265
34 234
1063 130
1042 130
1052 114
472 48
949 191
929 201
1212 268
1211 233
1206 243
230 255
208 264
227 232
990 51
989 31
120 194
108 196
1009 171
1027 145
1005 148
605 351
592 354
611 337
591 334
117 300
107 298
109 276
1212 98
1218 63
1199 64
1212 339
1212 338
430 262
423 235
407 244
460 240
438 249
502 270
490 236
487 236
732 353
713 356
726 333
706 325
197 259
185 259
197 252
180 248
533 143
521 140
608 316
600 314
609 279
600 292
398 299
416 280
407 290
882 308
863 308
881 275
344 271
325 253
354 232
334 236
657 305
641 274
634 274
915 256
920 242
916 349
900 342
914 333
899 334
754 356
752 354
758 334
737 333
265 268
260 262
275 236
258 233
905 206
885 197
799 150
772 156
1212 136
1212 117
840 179
834 153
813 149
684 220
663 221
692 209
669 209
571 346
562 339
580 330
547 332
609 229
598 217
607 193
584 190
684 309
669 307
690 289
917 150
895 152
678 352
660 339
694 325
671 319
748 272
740 251
1027 136
1012 136
1021 119
1004 102
317 253
294 254
309 232
293 252
43 210
32 223
39 203
229 301
210 308
725 310
724 275
702 286
128 56
101 57
120 19
100 25
155 132
148 139
1212 299
1212 291
1206 287
799 134
777 119
578 298
546 313
579 274
556 286
980 271
971 256
962 237
639 264
636 267
644 231
623 245
281 299
311 282
289 289
869 339
864 343
876 335
858 336
376 234
373 248
1212 180
1212 164
251 221
244 188
865 265
858 246
682 139
658 129
694 113
674 105
120 354
97 353
641 221
632 219
552 256
577 239
550 238
76 52
54 58
88 35
63 33
1209 40
1206 46
1215 37
1198 37
842 340
820 355
833 334
821 335
347 305
331 299
352 286
336 275
230 229
227 197
206 197
161 54
133 54
155 27
136 35
274 298
247 314
278 294
610 265
594 264
607 247
588 246
81 313
71 304
78 276
68 290
1006 43
1024 21
1002 28
504 347
471 349
495 336
641 167
647 148
632 153
955 182
956 157
940 158
262 124
244 142
279 113
251 107
686 186
668 186
691 151
659 150
457 348
439 339
456 333
433 330
76 171
57 179
80 149
86 261
55 265
54 231
1125 58
1131 33
1124 33
376 296
365 297
378 275
374 288
728 126
702 139
733 105
713 122
315 224
289 213
312 197
754 177
743 171
770 146
750 155
224 340
206 353
236 324
211 325
911 126
902 129
914 109
186 55
174 56
194 35
168 22
74 350
59 355
74 326
65 317
278 49
260 50
269 32
254 27
176 213
201 193
174 209
231 45
207 57
229 28
205 29
534 306
520 309
531 277
508 279
52 57
32 58
37 33
34 33
118 82
126 79
102 77
76 213
55 219
73 190
68 206
760 220
743 213
753 205
743 197
946 298
923 300
942 292
934 286
384 347
360 339
378 335
374 324
470 85
921 304
891 301
922 286
901 294
275 351
256 341
271 319
565 131
578 116
563 123
955 91
940 93
956 61
938 64
392 227
370 214
393 192
374 202
347 339
328 353
353 338
393 182
366 175
387 162
374 147
114 185
114 157
96 161
577 229
552 215
575 190
547 194
355 215
328 217
346 204
327 192
300 344
286 351
316 333
290 322
353 93
325 99
342 63
325 66
239 144
218 133
226 122
217 106
379 93
357 97
382 61
370 70
200 135
182 133
202 116
173 120
306 93
283 101
308 68
287 68
198 95
178 87
190 74
183 70
858 53
869 22
533 345
522 351
535 327
523 324
504 219
469 211
496 190
475 191
947 124
937 130
950 119
933 113
352 57
331 58
350 30
324 20
150 178
140 172
150 153
543 217
512 225
543 203
509 189
236 96
239 79
219 64
612 171
594 168
611 160
599 165
200 180
172 175
189 150
185 152
684 86
671 101
686 79
660 67
716 262
706 264
728 239
704 237
304 187
291 183
308 161
281 149
644 124
632 135
640 103
638 115
344 129
324 139
343 110
327 121
274 88
258 83
263 80
255 75
311 54
287 57
308 28
288 24
692 255
658 258
678 246
421 143
409 135
415 108
406 103
466 52
450 45
455 24
441 26
579 174
565 153
559 165
459 139
446 142
465 106
446 113
392 127
374 135
385 106
368 115
614 140
588 127
607 113
585 108
288 115
30 139
20 104
456 218
445 212
455 209
445 198
74 84
91 71
65 65
421 87
394 97
415 69
409 73
361 53
376 34
356 24
73 143
72 124
88 109
72 110
240 177
205 169
234 160
218 160
494 138
493 121
483 112
352 172
336 184
336 147
765 96
736 99
765 80
751 61
426 55
394 44
413 19
409 19
429 216
407 211
414 197
721 84
700 88
725 66
711 71
738 52
743 24
746 129
765 105
739 102
426 184
394 174
396 154
461 90
436 101
454 71
720 54
721 25
709 27
541 163
520 164
618 82
583 96
588 79
29 85
49 77
494 153
695 45
638 35
840 89
831 60
645 91
630 83
831 47
832 35
1183 140
161 200
313.2 100.8
306 98.4
304.8 92.4
638.4 58.8
627.6 54
634.8 43.2
627.6 49.2
806.4 39.6
796.8 33.6
800.4 25.2
792 24
541.2 181.2
534 182.4
540 176.4
535.2 177.6
542.4 202.8
530.4 200.4
540 195.6
535.2 195.6
782.4 34.8
771.6 34.8
784.8 27.6
776.4 28.8
49.2 76.8
43.2 76.8
51.6 70.8
43.2 62.4
468 100.8
460.8 97.2
468 85.2
460.8 90
780 98.4
772.8 98.4
788.4 88.8
772.8 84
801.6 54
795.6 52.8
802.8 49.2
798 48
657.6 60
645.6 54
651.6 49.2
643.2 40.8
826.8 74.4
817.2 76.8
818.4 68.4
810 63.6
444 164.4
435.6 162
447.6 151.2
433.2 147.6
50.4 94.8
38.4 94.8
51.6 91.2
44.4 86.4
54 138
39.6 138
54 128.4
44.4 134.4
668.4 54
667.2 57.6
670.8 40.8
663.6 44.4
765.6 136.8
752.4 139.2
765.6 126
754.8 132
823.2 57.6
810 52.8
822 45.6
813.6 40.8
526.8 183.6
514.8 182.4
519.6 168
510 176.4
428.4 145.2
421.2 142.8
418.8 132
502.8 187.2
496.8 178.8
500.4 172.8
490.8 168
314.4 118.8
309.6 124.8
310.8 112.8
302.4 114
822 31.2
817.2 34.8
825.6 25.2
814.8 24
614.4 75.6
609.6 78
615.6 66
603.6 66
463.2 158.4
453.6 157.2
468 147.6
453.6 154.8
423.6 166.8
420 162
429.6 151.2
415.2 147.6
1033.2 98.4
996 96
991.2 50.4
991.2 26.4
1179.6 136.8
1154.4 121.2
955.2 338.4
922.8 340.8
1069.2 337.2
1035.6 349.2
968.4 300
93.6 264
871.2 153.6
38.4 174
36 156
142.8 92.4
469.2 303.6
433.2 294
432 330
457.2 332.4
34.8 309.6
33.6 283.2
954 244.8
1124.4 198
698.4 350.4
726 332.4
1020 146.4
296.4 338.4
78 350.4
68.4 351.6
957.6 190.8
928.8 200.4
122.4 350.4
106.8 348
103.2 330
500.4 264
489.6 236.4
1064.4 28.8
841.2 249.6
1099.2 345.6
1080 336
724.8 216
723.6 199.2
812.4 133.2
33.6 343.2
778.8 219.6
788.4 196.8
346.8 304.8
331.2 298.8
429.6 261.6
418.8 236.4
406.8 243.6
132 266.4
164.4 234
202.8 304.8
181.2 307.2
105.6 267.6
116.4 250.8
111.6 242.4
836.4 194.4
811.2 196.8
867.6 142.8
860.4 140.4
610.8 337.2
614.4 315.6
39.6 264
36 261.6
33.6 234
880.8 193.2
116.4 300
106.8 297.6
531.6 333.6
870 309.6
856.8 313.2
1066.8 175.2
1065.6 150
43.2 210
32.4 222
1002 44.4
1027.2 24
1000.8 22.8
810 309.6
190.8 262.8
186 256.8
955.2 61.2
942 28.8
1212 339.6
1210.8 327.6
1210.8 254.4
1210.8 232.8
136.8 303.6
556.8 339.6
550.8 316.8
678 351.6
694.8 325.2
668.4 318
651.6 339.6
630 348
645.6 325.2
620.4 328.8
115.2 141.6
96 141.6
582 99.6
854.4 86.4
848.4 74.4
722.4 273.6
702 285.6
639.6 264
634.8 266.4
646.8 230.4
624 244.8
804 260.4
770.4 242.4
471.6 48
471.6 39.6
578.4 297.6
546 312
556.8 285.6
230.4 254.4
225.6 255.6
226.8 231.6
904.8 205.2
885.6 196.8
678 307.2
668.4 307.2
690 288
916.8 150
890.4 148.8
806.4 148.8
771.6 156
868.8 338.4
846 339.6
866.4 314.4
609.6 262.8
594 264
600 248.4
600 313.2
608.4 279.6
592.8 290.4
1177.2 46.8
1180.8 39.6
1148.4 32.4
1063.2 130.8
1038 145.2
1051.2 114
450 268.8
459.6 240
438 248.4
746.4 271.2
740.4 250.8
324 253.2
354 231.6
330 248.4
865.2 264
849.6 256.8
856.8 243.6
289.2 294
310.8 284.4
288 288
274.8 350.4
252 351.6
256.8 334.8
1212 98.4
1213.2 79.2
1198.8 63.6
768 339.6
764.4 332.4
736.8 332.4
532.8 142.8
520.8 139.2
265.2 267.6
262.8 265.2
274.8 236.4
255.6 235.2
684 219.6
658.8 225.6
680.4 208.8
80.4 313.2
70.8 303.6
78 276
1210.8 128.4
1212 104.4
319.2 252
292.8 252
303.6 231.6
228 301.2
213.6 296.4
753.6 176.4
742.8 170.4
769.2 146.4
750 154.8
547.2 267.6
548.4 237.6
807.6 300
795.6 279.6
775.2 285.6
273.6 297.6
258 307.2
273.6 289.2
244.8 283.2
1131.6 32.4
1123.2 32.4
86.4 217.2
68.4 214.8
70.8 198
687.6 170.4
687.6 154.8
658.8 150
915.6 255.6
915.6 247.2
842.4 339.6
825.6 345.6
830.4 333.6
822 334.8
378 255.6
364.8 258
393.6 243.6
370.8 248.4
1026 136.8
1012.8 130.8
1022.4 114
909.6 338.4
900 342
914.4 332.4
898.8 333.6
970.8 255.6
962.4 236.4
96 228
120 193.2
108 195.6
613.2 219.6
586.8 216
604.8 189.6
583.2 189.6
682.8 145.2
693.6 112.8
662.4 123.6
252 184.8
280.8 148.8
244.8 158.4
801.6 351.6
778.8 342
807.6 327.6
771.6 333.6
838.8 181.2
832.8 153.6
813.6 148.8
428.4 294
397.2 298.8
415.2 279.6
408 289.2
1210.8 225.6
1213.2 195.6
393.6 298.8
364.8 296.4
379.2 291.6
250.8 220.8
1053.6 100.8
1040.4 103.2
1060.8 72
650.4 300
640.8 273.6
633.6 273.6
1206 45.6
1190.4 40.8
1209.6 39.6
1198.8 37.2
955.2 182.4
940.8 158.4
937.2 150
151.2 350.4
148.8 351.6
162 332.4
140.4 333.6
606 46.8
619.2 37.2
807.6 128.4
776.4 117.6
166.8 56.4
133.2 54
156 27.6
232.8 45.6
210 58.8
229.2 27.6
225.6 25.2
156 132
148.8 139.2
162 104.4
1210.8 180
1210.8 163.2
1184.4 148.8
728.4 126
708 136.8
727.2 123.6
700.8 114
902.4 128.4
892.8 145.2
913.2 109.2
1213.2 302.4
1212 290.4
242.4 213.6
243.6 188.4
210 190.8
643.2 175.2
624 184.8
646.8 147.6
621.6 151.2
470.4 85.2
486 74.4
640.8 220.8
632.4 219.6
648 190.8
621.6 189.6
944.4 88.8
937.2 90
942 70.8
938.4 63.6
90 55.2
64.8 60
86.4 26.4
63.6 32.4
364.8 336
379.2 314.4
373.2 324
54 57.6
33.6 61.2
37.2 33.6
198 343.2
170.4 351.6
205.2 334.8
172.8 333.6
354 214.8
328.8 216
346.8 204
326.4 192
759.6 219.6
748.8 211.2
760.8 198
742.8 196.8
278.4 49.2
262.8 58.8
268.8 31.2
262.8 39.6
75.6 170.4
92.4 153.6
75.6 148.8
252 141.6
273.6 105.6
250.8 106.8
565.2 130.8
564 127.2
579.6 112.8
562.8 123.6
492 310.8
478.8 313.2
494.4 278.4
478.8 291.6
235.2 336
224.4 339.6
237.6 320.4
217.2 322.8
715.2 261.6
706.8 264
726 237.6
703.2 236.4
205.2 220.8
175.2 212.4
200.4 193.2
174 208.8
640.8 132
628.8 133.2
644.4 123.6
638.4 116.4
865.2 54
858 52.8
871.2 26.4
849.6 32.4
116.4 60
108 61.2
98.4 36
920.4 301.2
900 294
919.2 285.6
900 286.8
114 184.8
114 157.2
96 160.8
684 85.2
670.8 100.8
694.8 66
661.2 66
206.4 138
182.4 132
201.6 115.2
174 120
610.8 170.4
584.4 183.6
609.6 165.6
598.8 164.4
945.6 297.6
927.6 306
942 291.6
921.6 285.6
235.2 86.4
238.8 79.2
212.4 73.2
691.2 254.4
676.8 252
678 246
669.6 247.2
504 218.4
494.4 189.6
475.2 190.8
194.4 55.2
186 55.2
205.2 28.8
314.4 224.4
288 212.4
312 196.8
392.4 219.6
369.6 213.6
382.8 200.4
374.4 201.6
393.6 97.2
367.2 93.6
379.2 73.2
374.4 80.4
310.8 54
289.2 57.6
308.4 27.6
286.8 22.8
123.6 84
124.8 78
103.2 76.8
613.2 144
588 127.2
607.2 112.8
585.6 106.8
238.8 144
218.4 132
225.6 121.2
393.6 172.8
366 175.2
387.6 162
370.8 148.8
339.6 103.2
325.2 98.4
340.8 62.4
325.2 66
345.6 58.8
324 60
356.4 24
324 33.6
198 96
178.8 87.6
193.2 79.2
182.4 69.6
273.6 87.6
255.6 85.2
265.2 82.8
258 82.8
308.4 182.4
282 183.6
307.2 159.6
286.8 148.8
496.8 339.6
484.8 339.6
495.6 321.6
484.8 320.4
151.2 177.6
150 182.4
154.8 166.8
141.6 153.6
571.2 212.4
552 214.8
574.8 189.6
547.2 194.4
426 55.2
411.6 58.8
414 26.4
396 38.4
354 337.2
320.4 337.2
352.8 333.6
326.4 331.2
344.4 128.4
324 138
343.2 109.2
325.2 124.8
493.2 136.8
478.8 138
493.2 120
474 124.8
459.6 139.2
446.4 141.6
464.4 104.4
445.2 112.8
427.2 94.8
408 103.2
415.2 68.4
405.6 62.4
79.2 90
73.2 84
92.4 80.4
60 81.6
764.4 87.6
735.6 98.4
765.6 79.2
748.8 81.6
934.8 129.6
956.4 116.4
932.4 112.8
468 211.2
442.8 219.6
454.8 208.8
444 195.6
39.6 106.8
36 112.8
240 177.6
213.6 183.6
234 159.6
217.2 159.6
316.8 144
300 109.2
543.6 217.2
512.4 224.4
508.8 188.4
466.8 51.6
444 51.6
454.8 24
441.6 26.4
578.4 174
552 178.8
578.4 166.8
559.2 164.4
378 42
361.2 52.8
393.6 32.4
367.2 25.2
384 145.2
374.4 135.6
378 123.6
368.4 115.2
721.2 84
699.6 87.6
724.8 66
698.4 76.8
204 169.2
172.8 174
189.6 150
178.8 166.8
283.2 99.6
319.2 79.2
286.8 68.4
764.4 40.8
751.2 61.2
763.2 27.6
742.8 24
351.6 171.6
336 184.8
343.2 165.6
336 154.8
403.2 136.8
430.8 120
410.4 109.2
91.2 134.4
64.8 136.8
86.4 109.2
72 123.6
543.6 163.2
428.4 216
406.8 211.2
418.8 207.6
398.4 207.6
639.6 103.2
633.6 102
652.8 68.4
630 82.8
722.4 55.2
702 57.6
727.2 34.8
709.2 26.4
448.8 90
462 82.8
436.8 82.8
840 88.8
819.6 92.4
831.6 62.4
746.4 128.4
765.6 111.6
733.2 105.6
426 183.6
403.2 187.2
400.8 157.2
610.8 92.4
588 102
588 79.2
688.8 52.8
685.2 24
670.8 24
639.6 39.6
633.6 24
26.4 85.2
28.8 76.8
798 96
789.6 80.4
778.8 82.8
487.2 178.8
493.2 153.6
477.6 151.2
462 169.2
442.8 180
772.8 40.8
829.2 46.8
829.2 24
1015.2 338.4
1120.8 150
1135.2 142.8
993.6 86.4
734.4 272.4
709.2 156
518.4 270
160.8 200.4
429.12 161.28
419.04 161.28
430.56 151.2
421.92 149.76
839.52 83.52
828 83.52
838.08 72
828 73.44
312.48 118.08
311.04 125.28
313.92 109.44
311.04 113.76
1212.48 338.4
1211.04 328.32
505.44 275.04
1124.64 198.72
1120.32 198.72
1064.16 142.56
1051.2 113.76
1003.68 152.64
745.92 272.16
237.6 319.68
1179.36 136.8
1154.88 120.96
868.32 338.4
846.72 339.84
914.4 332.64
807.84 306.72
809.28 280.8
871.2 154.08
990.72 156.96
956.16 156.96
93.6 264.96
954.72 244.8
920.16 241.92
990.72 50.4
987.84 33.12
138.24 90.72
780.48 218.88
780.48 197.28
803.52 260.64
774.72 231.84
842.4 250.56
1212.48 79.2
967.68 300.96
970.56 272.16
684 146.88
662.4 123.84
676.8 322.56
668.16 318.24
516.96 269.28
518.4 237.6
806.4 300.96
786.24 290.88
201.6 303.84
1028.16 31.68
1002.24 27.36
578.88 95.04
384.48 347.04
365.76 336.96
424.8 231.84
400.32 230.4
1211.04 224.64
1212.48 195.84
1100.16 345.6
1068.48 336.96
132.48 266.4
110.88 243.36
1061.28 168.48
1031.04 169.92
1065.6 152.64
956.16 116.64
807.84 128.16
578.88 298.08
545.76 311.04
550.08 270.72
995.04 86.4
635.04 266.4
642.24 230.4
624.96 244.8
535.68 332.64
511.2 331.2
532.8 142.56
514.08 138.24
41.76 263.52
33.12 260.64
28.8 230.4
1211.04 128.16
1212.48 122.4
139.68 254.88
164.16 234.72
836.64 194.4
815.04 195.84
296.64 338.4
923.04 201.6
459.36 240.48
447.84 244.8
1211.04 254.88
1211.04 233.28
688.32 226.08
681.12 208.8
779.04 341.28
781.92 331.2
915.84 253.44
915.84 247.68
806.4 149.76
771.84 155.52
866.88 144
859.68 141.12
879.84 194.4
845.28 194.4
44.64 180
38.88 174.24
36 155.52
1164.96 31.68
1149.12 31.68
116.64 141.12
115.2 141.12
616.32 283.68
600.48 272.16
116.64 306.72
106.56 298.08
43.2 211.68
31.68 221.76
30.24 208.8
136.8 303.84
501.12 264.96
488.16 234.72
246.24 302.4
227.52 300.96
682.56 308.16
668.16 306.72
691.2 288
721.44 273.6
711.36 275.04
1131.84 33.12
1123.2 31.68
273.6 298.08
262.08 309.6
273.6 289.44
283.68 182.88
252 184.32
280.8 148.32
269.28 266.4
262.08 266.4
259.2 234.72
908.64 151.2
897.12 151.2
345.6 266.4
324 253.44
335.52 230.4
80.64 313.92
76.32 313.92
743.04 169.92
760.32 148.32
750.24 154.08
707.04 136.8
727.2 123.84
701.28 115.2
744.48 264.96
741.6 244.8
230.4 254.88
226.08 254.88
233.28 231.84
226.08 231.84
119.52 192.96
100.8 198.72
865.44 264.96
849.6 256.32
856.8 243.36
547.2 266.4
567.36 237.6
548.64 237.6
1211.04 298.08
1212.48 290.88
61.92 303.84
86.4 282.24
77.76 276.48
686.88 169.92
659.52 171.36
691.2 151.2
659.52 151.2
318.24 252
292.32 252
308.16 231.84
302.4 231.84
1054.08 100.8
1041.12 102.24
1061.28 72
309.6 285.12
288 288
954.72 90.72
954.72 67.68
936 70.56
1211.04 162.72
1185.12 148.32
937.44 149.76
923.04 151.2
655.2 303.84
645.12 280.8
630.72 270.72
853.92 86.4
849.6 73.44
560.16 338.4
545.76 312.48
830.88 334.08
823.68 335.52
764.64 332.64
737.28 332.64
767.52 325.44
741.6 331.2
427.68 293.76
414.72 285.12
408.96 289.44
954.72 60.48
943.2 28.8
197.28 259.2
190.08 263.52
194.4 239.04
178.56 247.68
646.56 152.64
622.08 152.64
377.28 249.12
371.52 247.68
473.76 57.6
472.32 38.88
609.12 262.08
593.28 266.4
604.8 243.36
106.56 334.08
129.6 315.36
113.76 325.44
164.16 347.04
138.24 345.6
139.68 324
806.4 135.36
776.16 118.08
171.36 61.92
138.24 50.4
156.96 27.36
148.32 43.2
970.56 256.32
961.92 236.16
277.92 339.84
252 339.84
280.8 326.88
254.88 312.48
839.52 180
832.32 152.64
813.6 149.76
904.32 205.92
888.48 194.4
601.92 220.32
586.08 216
606.24 190.08
583.2 190.08
421.92 339.84
407.52 334.08
426.24 331.2
760.32 220.32
748.8 210.24
761.76 198.72
743.04 197.28
204.48 335.52
178.56 344.16
195.84 319.68
1199.52 63.36
1193.76 46.08
1199.52 37.44
1193.76 36
639.36 220.32
633.6 220.32
233.28 46.08
211.68 61.92
228.96 27.36
221.76 41.76
243.36 214.56
243.36 188.64
211.68 207.36
283.68 220.32
250.56 221.76
865.44 53.28
852.48 44.64
871.2 27.36
849.6 33.12
53.28 57.6
33.12 60.48
36 33.12
725.76 260.64
698.4 257.76
725.76 237.6
277.92 48.96
263.52 59.04
269.28 31.68
263.52 40.32
158.4 169.92
151.2 177.12
154.08 167.04
141.12 154.08
89.28 54.72
64.8 60.48
86.4 27.36
77.76 34.56
506.88 218.88
493.92 190.08
476.64 191.52
328.32 216
357.12 203.04
326.88 191.52
485.28 74.88
901.44 293.76
895.68 293.76
911.52 288
900 286.56
426.24 54.72
407.52 50.4
416.16 28.8
396 37.44
902.88 128.16
897.12 142.56
914.4 109.44
606.24 46.08
619.2 41.76
33.12 344.16
41.76 312.48
36 313.92
1012.32 133.92
1006.56 146.88
1016.64 122.4
1003.68 106.56
609.12 146.88
591.84 144
604.8 118.08
586.08 106.56
96.48 159.84
74.88 149.76
381.6 60.48
374.4 48.96
393.12 33.12
364.32 40.32
345.6 50.4
324 60.48
351.36 40.32
324 34.56
313.92 46.08
289.44 44.64
308.16 27.36
302.4 33.12
339.84 103.68
325.44 99.36
339.84 70.56
325.44 66.24
676.8 252
679.68 246.24
671.04 247.68
175.68 211.68
200.16 192.96
174.24 208.8
252 141.12
280.8 113.76
250.56 106.56
155.52 131.04
135.36 146.88
640.8 132.48
629.28 132.48
642.24 123.84
637.92 115.2
923.04 300.96
941.76 290.88
920.16 286.56
123.84 77.76
103.68 77.76
610.56 171.36
610.56 167.04
599.04 164.16
459.36 138.24
433.44 146.88
466.56 116.64
446.4 113.76
721.44 93.6
699.84 87.84
721.44 83.52
709.92 84.96
684 86.4
671.04 100.8
681.12 76.32
660.96 66.24
565.92 142.56
561.6 146.88
564.48 120.96
383.04 99.36
367.2 93.6
383.04 76.32
370.08 70.56
239.04 144
217.44 132.48
246.24 109.44
226.08 120.96
496.8 339.84
475.2 336.96
501.12 315.36
473.76 329.76
303.84 187.2
290.88 182.88
305.28 162.72
285.12 149.76
236.16 96.48
216 105.12
234.72 80.64
211.68 73.44
578.88 174.24
550.08 177.12
564.48 165.6
561.6 154.08
551.52 214.56
570.24 195.84
545.76 194.4
391.68 220.32
368.64 213.12
383.04 200.16
374.4 201.6
306.72 99.36
288 86.4
319.68 79.2
286.56 67.68
194.4 54.72
185.76 54.72
204.48 28.8
344.16 128.16
324 138.24
342.72 108
325.44 122.4
938.88 144
936 138.24
950.4 119.52
933.12 112.32
123.84 63.36
115.2 60.48
129.6 28.8
97.92 36
394.56 172.8
365.76 174.24
388.8 162.72
371.52 149.76
768.96 105.12
735.84 97.92
766.08 79.2
741.6 64.8
44.64 133.92
40.32 133.92
53.28 108
36 112.32
544.32 216
512.64 224.64
535.68 195.84
509.76 188.64
205.92 138.24
181.44 132.48
208.8 115.2
174.24 119.52
273.6 100.8
247.68 99.36
275.04 83.52
257.76 83.52
313.92 224.64
288 213.12
318.24 197.28
764.64 48.96
748.8 57.6
764.64 27.36
429.12 144
403.2 138.24
414.72 106.56
410.4 109.44
465.12 103.68
436.32 100.8
468 74.88
434.88 73.44
198.72 96.48
190.08 90.72
194.4 80.64
181.44 67.68
427.68 95.04
408.96 103.68
426.24 80.64
408.96 72
129.6 177.12
113.76 185.76
131.04 156.96
108 152.64
313.92 146.88
302.4 132.48
302.4 109.44
768.96 142.56
745.92 128.16
766.08 110.88
735.84 108
384.48 145.44
374.4 133.92
377.28 122.4
368.64 115.2
466.56 51.84
436.32 48.96
455.04 36
442.08 27.36
612 105.12
588.96 102.24
613.44 72
588.96 82.08
688.32 51.84
673.92 51.84
686.88 34.56
671.04 40.32
491.04 136.8
479.52 136.8
493.92 120.96
473.76 123.84
463.68 210.24
440.64 220.32
455.04 208.8
443.52 195.84
527.04 182.88
515.52 184.32
542.88 162.72
518.4 165.6
351.36 171.36
335.52 184.32
342.72 165.6
338.4 165.6
720 54.72
702.72 56.16
725.76 27.36
712.8 43.2
427.68 214.56
407.52 211.68
417.6 190.08
413.28 195.84
240.48 177.12
213.12 182.88
234.72 158.4
217.44 158.4
645.12 99.36
633.6 102.24
652.32 67.68
630.72 83.52
50.4 95.04
37.44 95.04
43.2 64.8
27.36 84.96
86.4 93.6
66.24 99.36
92.16 80.64
73.44 83.52
652.32 48.96
627.84 53.28
640.8 33.12
627.84 31.68
86.4 135.36
72 142.56
87.84 119.52
72 123.84
426.24 182.88
404.64 187.2
401.76 158.4
198.72 180
172.8 174.24
197.28 165.6
190.08 149.76
800.64 95.04
780.48 97.92
789.12 80.64
783.36 64.8
839.52 87.84
822.24 96.48
819.36 67.68
803.52 50.4
784.8 46.08
806.4 41.76
784.8 34.56
829.44 47.52
823.68 57.6
843.84 28.8
822.24 31.68
460.8 168.48
442.08 180
469.44 148.32
436.32 162.72
496.8 178.56
475.2 181.44
491.04 167.04
483.84 152.64
954.72 338.4
1177.92 74.88
956.16 105.12
1064.16 28.8
725.76 216
695.52 325.44
709.92 155.52
613.44 316.8
456.48 332.64
34.56 309.6
1121.76 151.2
1016.64 338.4
803.52 260.928
803.52 248.832
236.736 321.408
229.824 324.864
1131.84 32.832
495.936 302.4
494.208 279.936
343.872 267.84
335.232 252.288
335.232 231.552
578.88 95.04
907.2 150.336
886.464 152.064
831.168 335.232
822.528 335.232
864 264.384
857.088 255.744
857.088 243.648
1138.75 32.832
1206.14 209.088
1194.05 200.448
806.976 129.6
283.392 183.168
252.288 184.896
281.664 148.608
39.744 174.528
36.288 165.888
936.576 150.336
924.48 150.336
134.784 146.88
115.776 141.696
96.768 228.096
100.224 198.72
69.12 190.08
686.016 171.072
684.288 155.52
658.368 152.064
120.96 191.808
119.232 193.536
756.864 157.248
749.952 153.792
559.872 338.688
551.232 317.952
590.976 143.424
609.984 124.416
587.52 112.32
744.768 266.112
760.32 229.824
741.312 245.376
309.312 285.12
290.304 288.576
943.488 57.024
941.76 32.832
245.376 302.4
222.912 298.944
221.184 285.12
485.568 74.304
853.632 86.4
426.816 293.76
407.808 290.304
419.904 286.848
399.168 288.576
743.04 209.088
762.048 198.72
743.04 196.992
433.728 53.568
399.168 63.936
428.544 34.56
136.512 304.128
117.504 307.584
473.472 57.024
471.744 39.744
495.936 340.416
506.304 324.864
482.112 312.768
133.056 266.112
114.048 250.56
133.056 240.192
112.32 245.376
196.992 259.2
190.08 264.384
195.264 240.192
177.984 248.832
276.48 295.488
250.56 300.672
285.12 279.936
677.376 95.04
670.464 100.224
680.832 76.032
672.192 74.304
801.792 338.688
779.328 342.144
772.416 328.32
763.776 333.504
744.768 335.232
767.232 326.592
936.576 89.856
945.216 70.848
362.88 250.56
392.256 243.648
369.792 248.832
639.36 221.184
632.448 219.456
457.92 138.24
444.096 143.424
457.92 115.776
445.824 114.048
941.76 292.032
926.208 304.128
941.76 286.848
921.024 288.576
1060.99 169.344
1028.16 162.432
238.464 50.112
219.456 63.936
233.28 46.656
222.912 43.2
903.744 205.632
881.28 198.72
100.224 57.024
74.304 50.112
96.768 36.288
76.032 34.56
864 53.568
857.088 53.568
850.176 43.2
701.568 290.304
722.304 274.752
711.936 276.48
96.768 160.704
79.488 148.608
350.784 340.416
326.592 331.776
642.816 174.528
644.544 153.792
622.08 153.792
317.952 252.288
302.4 252.288
323.136 229.824
302.4 231.552
839.808 179.712
831.168 152.064
812.16 148.608
972.864 255.744
971.136 255.744
962.496 236.736
724.032 107.136
710.208 96.768
720.576 84.672
699.84 88.128
900.288 293.76
895.104 293.76
910.656 288.576
896.832 288.576
281.664 221.184
252.288 221.184
805.248 134.784
805.248 127.872
775.872 117.504
274.752 63.936
262.656 58.752
269.568 32.832
262.656 39.744
393.984 63.936
362.88 58.752
395.712 38.016
361.152 34.56
311.04 53.568
288.576 57.024
312.768 46.656
304.128 36.288
174.528 57.024
141.696 48.384
148.608 43.2
343.872 107.136
324.864 100.224
350.784 86.4
338.688 69.12
1021.25 129.6
1016.06 122.688
686.016 254.016
675.648 252.288
680.832 247.104
668.736 240.192
345.6 129.6
333.504 145.152
357.696 110.592
324.864 122.688
1199.23 62.208
1199.23 38.016
1192.32 36.288
713.664 260.928
708.48 264.384
730.944 238.464
701.568 236.736
609.984 171.072
609.984 148.608
597.888 148.608
902.016 129.6
896.832 143.424
915.84 110.592
565.056 131.328
565.056 120.96
165.888 131.328
155.52 131.328
172.8 119.232
136.512 89.856
122.688 77.76
103.68 77.76
604.8 65.664
606.528 46.656
390.528 221.184
368.064 214.272
390.528 190.08
374.976 202.176
252.288 141.696
273.024 114.048
264.384 112.32
345.6 50.112
324.864 65.664
343.872 44.928
324.864 34.56
393.984 96.768
366.336 91.584
381.888 76.032
369.792 69.12
646.272 133.056
628.992 133.056
641.088 124.416
637.632 115.776
328.32 216
355.968 203.904
326.592 191.808
767.232 105.408
736.128 98.496
765.504 77.76
739.584 69.12
248.832 217.728
243.648 190.08
224.64 195.264
240.192 145.152
217.728 131.328
247.104 110.592
226.368 119.232
466.56 51.84
444.096 51.84
454.464 36.288
452.736 43.2
240.192 177.984
222.912 174.528
233.28 158.976
216 157.248
506.304 219.456
492.48 191.808
476.928 191.808
490.752 138.24
478.656 136.512
492.48 120.96
473.472 124.416
124.416 63.936
115.776 60.48
120.96 44.928
172.8 174.528
152.064 176.256
158.976 162.432
139.968 153.792
63.936 63.936
43.2 63.936
60.48 32.832
36.288 32.832
765.504 136.512
741.312 136.512
765.504 110.592
746.496 127.872
578.88 174.528
549.504 177.984
578.88 157.248
556.416 164.16
542.592 217.728
513.216 224.64
537.408 193.536
509.76 188.352
578.88 209.088
551.232 216
582.336 190.08
546.048 195.264
687.744 51.84
661.824 67.392
687.744 34.56
670.464 41.472
312.768 186.624
304.128 186.624
305.856 164.16
426.816 95.04
414.72 107.136
419.904 88.128
407.808 72.576
428.544 145.152
400.896 136.512
430.272 119.232
198.72 193.536
193.536 198.72
611.712 105.408
585.792 107.136
613.44 72.576
592.704 77.76
196.992 58.752
181.44 67.392
207.36 46.656
129.6 176.256
129.6 157.248
108.864 153.792
644.544 107.136
651.456 69.12
628.992 82.944
763.776 48.384
748.224 57.024
765.504 41.472
746.496 43.2
314.496 224.64
286.848 214.272
307.584 198.72
934.848 138.24
931.392 138.24
940.032 120.96
931.392 112.32
393.984 172.8
366.336 174.528
388.8 162.432
369.792 148.608
464.832 103.68
449.28 89.856
466.56 74.304
451.008 70.848
533.952 183.168
527.04 183.168
542.592 162.432
518.4 165.888
247.104 100.224
216 103.68
233.28 84.672
231.552 69.12
210.816 146.88
181.44 131.328
209.088 115.776
176.256 122.688
86.4 93.312
65.664 100.224
98.496 70.848
72.576 82.944
316.224 143.424
311.04 126.144
300.672 110.592
383.616 145.152
373.248 146.88
383.616 127.872
369.792 115.776
350.784 171.072
335.232 184.896
354.24 150.336
338.688 152.064
55.296 136.512
43.2 133.056
48.384 127.872
36.288 120.96
305.856 100.224
304.128 91.584
319.68 79.488
288.576 86.4
724.032 67.392
701.568 57.024
730.944 34.56
711.936 43.2
285.12 98.496
254.016 89.856
274.752 82.944
257.472 84.672
203.904 107.136
193.536 89.856
210.816 74.304
193.536 79.488
461.376 169.344
440.64 179.712
468.288 148.608
435.456 162.432
796.608 65.664
782.784 65.664
805.248 41.472
782.784 34.56
456.192 209.088
440.64 221.184
457.92 202.176
440.64 202.176
428.544 181.44
404.352 186.624
419.904 158.976
400.896 157.248
88.128 129.6
77.76 134.784
88.128 119.232
72.576 124.416
829.44 62.208
819.072 67.392
827.712 46.656
819.072 44.928
791.424 93.312
781.056 96.768
787.968 81.216
777.6 82.944
654.912 55.296
627.264 53.568
641.088 32.832
627.264 32.832
419.904 209.088
407.808 210.816
418.176 190.08
412.992 196.992
50.112 91.584
36.288 93.312
46.656 77.76
36.288 79.488
212.544 183.168
181.44 184.896
196.992 165.888
188.352 150.336
831.168 91.584
822.528 96.768
827.712 72.576
806.976 79.488
495.936 177.984
475.2 181.44
490.752 153.792
483.84 153.792
1206.14 241.92
1083.46 340.416
1206.14 273.024
917.568 250.56
917.568 198.72
1206.14 79.488
1067.9 176.256
1135.3 143.424
1183.68 148.608
1178.5 134.784
1138.75 136.512
953.856 91.584
953.856 67.392
1054.08 100.224
1026.43 100.224
990.144 50.112
955.584 157.248
955.584 115.776
1062.72 131.328
841.536 250.56
834.624 195.264
915.84 250.56
877.824 195.264
805.248 269.568
625.536 245.376
687.744 226.368
667.008 317.952
622.08 328.32
691.2 288.576
630.72 271.296
730.944 331.776
744.768 271.296
772.416 155.52
870.912 153.792
867.456 143.424
682.56 146.88
708.48 155.52
706.752 136.512
499.392 264.384
608.256 262.656
547.776 267.84
585.792 216
535.68 333.504
516.672 269.568
613.44 316.224
601.344 273.024
580.608 297.216
464.832 233.28
400.896 229.824
364.608 336.96
456.192 333.504
532.224 143.424
224.64 233.28
262.656 266.112
191.808 305.856
297.216 340.416
260.928 311.04
95.04 264.384
41.472 262.656
32.832 222.912
164.16 235.008
174.528 209.088
34.56 309.312
72.576 304.128
62.208 304.128
143.424 309.312
136.512 311.04
146.88 305.856
143.424 93.312
1016.06 340.416
941.415 290.304
924.826 302.746
937.267 284.083
609.638 149.299
597.197 149.299
586.829 111.974
1011.92 132.71
1016.06 120.269
97.4592 70.5024
72.576 49.7664
609.638 170.035
609.638 155.52
597.197 161.741
95.3856 226.022
99.5328 196.992
899.943 292.378
143.078 93.312
130.637 80.8704
120.269 74.6496
333.85 145.152
346.291 128.563
329.702 128.563
369.101 246.758
381.542 228.096
286.157 213.581
261.274 226.022
806.63 149.299
806.63 128.563
352.512 60.1344
333.85 60.1344
344.218 49.7664
333.85 43.5456
468.634 147.226
443.75 143.078
468.634 120.269
897.869 143.078
904.09 128.563
758.938 217.728
761.011 199.066
746.496 207.36
474.854 209.434
491.443 190.771
476.928 190.771
862.618 263.347
856.397 255.053
856.397 242.611
244.685 300.672
226.022 300.672
221.875 284.083
284.083 290.304
267.494 296.525
261.274 265.421
833.587 194.918
821.146 194.918
827.367 263.347
821.146 252.979
329.702 215.654
354.586 203.213
337.997 194.918
862.618 53.9136
850.176 53.9136
858.471 51.84
850.176 43.5456
561.946 147.226
566.093 130.637
564.019 120.269
381.542 64.2816
369.101 68.4288
381.542 45.6192
95.3856 159.667
82.944 155.52
238.464 66.3552
232.243 68.4288
221.875 43.5456
933.12 109.901
914.458 109.901
943.488 87.0912
317.261 250.906
319.334 228.096
300.672 230.17
53.9136 136.858
51.84 130.637
39.3984 120.269
702.951 290.304
723.687 273.715
702.951 279.936
750.643 60.1344
738.202 53.9136
765.159 39.3984
356.659 109.901
342.144 105.754
350.438 87.0912
642.816 97.4592
653.184 82.944
634.522 80.8704
723.687 103.68
711.245 97.4592
719.539 82.944
698.803 87.0912
688.435 255.053
669.773 246.758
667.699 238.464
64.2816 64.2816
41.472 64.2816
60.1344 49.7664
43.5456 49.7664
468.634 103.68
454.118 99.5328
460.339 89.1648
454.118 89.1648
713.318 259.2
709.171 263.347
729.907 236.39
700.877 236.39
765.159 109.901
731.981 105.754
765.159 78.7968
904.09 199.066
889.575 194.918
284.083 68.4288
277.862 47.6928
263.347 39.3984
282.01 149.299
255.053 134.784
286.157 114.048
259.2 120.269
790.042 217.728
781.747 217.728
790.042 196.992
777.6 196.992
381.542 109.901
364.954 105.754
381.542 74.6496
364.954 91.2384
172.109 132.71
145.152 141.005
163.814 130.637
155.52 130.637
582.682 213.581
549.504 226.022
582.682 188.698
561.946 188.698
176.256 68.4288
176.256 51.84
149.299 49.7664
578.534 174.182
547.43 178.33
578.534 155.52
561.946 153.446
798.336 149.299
767.232 141.005
775.526 116.122
638.669 149.299
628.301 132.71
640.742 124.416
636.595 114.048
201.139 201.139
192.845 199.066
692.583 64.2816
661.479 66.3552
686.362 51.84
669.773 41.472
723.687 66.3552
702.951 53.9136
715.392 39.3984
705.024 49.7664
240.538 178.33
228.096 172.109
246.758 151.373
234.317 157.594
172.109 174.182
151.373 176.256
178.33 165.888
153.446 167.962
356.659 184.55
335.923 184.55
354.586 151.373
340.07 163.814
393.984 172.109
367.027 180.403
387.763 161.741
375.322 153.446
429.235 93.312
414.72 105.754
418.867 87.0912
408.499 91.2384
765.159 134.784
740.275 134.784
765.159 126.49
746.496 128.563
308.966 180.403
306.893 172.109
311.04 151.373
304.819 163.814
85.0176 93.312
103.68 78.7968
80.8704 89.1648
315.187 141.005
311.04 126.49
468.634 62.208
452.045 70.5024
468.634 41.472
454.118 41.472
584.755 105.754
617.933 80.8704
588.902 80.8704
389.837 219.802
367.027 213.581
391.91 188.698
375.322 201.139
250.906 219.802
230.17 226.022
244.685 190.771
223.949 188.698
466.56 174.182
439.603 178.33
460.339 167.962
449.971 165.888
138.931 172.109
114.048 184.55
136.858 163.814
111.974 155.52
211.507 182.477
180.403 184.55
215.654 155.52
194.918 165.888
132.71 53.9136
114.048 70.5024
141.005 47.6928
122.342 45.6192
603.418 66.3552
593.05 70.5024
615.859 47.6928
215.654 64.2816
190.771 64.2816
207.36 51.84
190.771 49.7664
246.758 99.5328
217.728 107.827
236.39 76.7232
232.243 72.576
420.941 147.226
400.205 136.858
431.309 120.269
543.283 215.654
514.253 223.949
545.357 194.918
526.694 201.139
532.915 180.403
526.694 182.477
543.283 161.741
518.4 165.888
240.538 145.152
230.17 138.931
226.022 118.195
325.555 99.5328
300.672 109.901
319.334 78.7968
302.746 91.2384
93.312 143.078
78.7968 132.71
70.5024 124.416
935.194 149.299
924.826 149.299
937.267 118.195
914.458 122.342
203.213 105.754
196.992 101.606
211.507 72.576
192.845 89.1648
495.59 147.226
489.37 136.858
497.664 124.416
479.002 116.122
798.336 66.3552
781.747 64.2816
802.483 49.7664
771.379 41.472
653.184 53.9136
634.522 70.5024
649.037 47.6928
624.154 49.7664
271.642 99.5328
269.568 105.754
288.23 87.0912
257.126 82.944
313.114 223.949
290.304 219.802
325.555 190.771
304.819 205.286
66.3552 99.5328
39.3984 103.68
58.0608 80.8704
47.6928 76.7232
211.507 145.152
188.698 149.299
209.434 116.122
180.403 130.637
827.367 62.208
819.072 64.2816
829.44 47.6928
819.072 43.5456
827.367 99.5328
821.146 95.3856
827.367 72.576
808.704 82.944
429.235 180.403
400.205 182.477
418.867 157.594
400.205 157.594
458.266 215.654
439.603 217.728
456.192 207.36
443.75 196.992
429.235 213.581
406.426 211.507
418.867 207.36
416.794 188.698
495.59 176.256
474.854 180.403
491.443 153.446
489.37 167.962
785.895 97.4592
781.747 95.3856
787.968 80.8704
777.6 82.944
383.616 143.078
371.174 145.152
389.837 130.637
369.101 116.122
970.445 255.053
914.458 248.832
914.458 196.992
968.371 298.598
1059.61 97.4592
1125.96 58.0608
1198.54 62.208
1121.82 145.152
1059.61 130.637
1181.95 147.226
1155 120.269
953.856 91.2384
951.783 66.3552
943.488 55.9872
953.856 157.594
941.415 157.594
953.856 116.122
1038.87 143.078
773.453 232.243
846.029 194.918
821.146 333.85
804.557 269.568
649.037 228.096
690.509 207.36
638.669 219.802
742.349 263.347
665.626 304.819
622.08 327.629
692.583 288.23
630.375 265.421
744.422 333.85
744.422 269.568
852.25 87.0912
829.44 151.373
771.379 153.446
885.427 151.373
841.882 151.373
862.618 141.005
669.773 101.606
686.362 170.035
644.89 151.373
690.509 149.299
754.791 155.52
705.024 136.858
499.738 263.347
607.565 261.274
547.43 238.464
605.491 188.698
534.989 331.776
516.326 269.568
493.517 277.862
611.712 315.187
551.578 313.114
601.344 271.642
549.504 271.642
329.702 250.906
464.486 232.243
402.278 240.538
456.192 331.776
427.162 292.378
485.222 74.6496
472.781 55.9872
578.534 95.3856
530.842 143.078
414.72 68.4288
223.949 232.243
194.918 238.464
284.083 252.979
246.758 315.187
205.286 333.85
261.274 308.966
290.304 286.157
95.3856 263.347
41.472 261.274
68.4288 188.698
163.814 234.317
136.858 255.053
174.182 207.36
122.342 190.771
105.754 296.525
62.208 302.746
118.195 304.819
136.858 302.746
323.482 60.1344
288.23 182.477
147.226 91.2384
62.208 172.109
143.078 147.226
1053.39 101.606
1192.32 199.066
831.099 149.299
808.704 149.299
139.346 87.0912
129.393 79.6263
316.017 251.32
323.482 228.925
296.11 226.437
609.638 169.206
597.197 161.741
97.0445 69.673
89.5795 69.673
144.323 306.063
119.439 306.063
547.43 325.97
552.407 313.528
1067.49 174.182
1060.02 164.229
532.501 141.834
527.524 141.834
569.825 189.112
562.36 189.112
365.783 109.486
388.178 94.5562
365.783 89.5795
858.471 253.809
841.052 248.832
858.471 243.855
291.133 286.157
286.157 278.692
261.274 266.25
711.66 97.0445
701.706 87.0912
169.206 109.486
161.741 99.5328
149.299 92.0679
348.365 204.042
338.412 194.089
226.437 325.97
246.344 311.04
226.437 301.087
97.0445 159.253
84.6029 154.276
286.157 67.1846
273.715 62.208
286.157 54.743
940.585 288.645
923.167 288.645
639.498 149.299
641.987 126.904
624.568 119.439
905.749 199.066
875.889 194.089
898.284 141.834
905.749 126.904
933.12 109.486
915.702 109.486
945.562 87.0912
286.157 213.996
261.274 223.949
851.006 74.6496
863.447 54.743
838.564 54.743
323.482 59.7197
308.552 62.208
306.063 49.7664
64.6963 64.6963
49.7664 69.673
72.1613 49.7664
231.414 67.1846
470.293 104.509
455.363 99.5328
457.851 94.5562
452.874 87.0912
176.671 59.7197
149.299 49.7664
863.447 141.834
843.541 149.299
490.199 139.346
487.711 119.439
283.669 149.299
286.157 114.463
273.715 114.463
798.751 64.6963
781.333 64.6963
793.774 57.2314
773.868 47.2781
159.253 136.858
174.182 114.463
154.276 131.881
467.804 74.6496
445.409 69.673
470.293 49.7664
798.751 141.834
766.403 134.369
776.356 116.951
644.475 59.7197
654.428 52.2547
627.057 49.7664
77.1379 149.299
79.6263 131.881
415.549 106.998
427.991 94.5562
418.038 87.0912
609.638 59.7197
594.709 72.1613
607.15 47.2781
467.804 146.811
445.409 144.323
472.781 124.416
370.76 246.344
398.131 226.437
380.713 228.925
84.6029 97.0445
102.021 77.1379
92.0679 82.1146
323.482 136.858
320.993 121.928
306.063 121.928
171.694 174.182
151.788 176.671
176.671 166.717
154.276 166.717
209.019 209.019
204.042 199.066
191.601 199.066
681.8 74.6496
661.893 67.1846
686.776 52.2547
664.382 57.2314
828.611 102.021
823.634 94.5562
808.704 84.6029
358.318 144.323
333.435 144.323
363.295 119.439
345.877 129.393
246.344 99.5328
236.39 97.0445
253.809 89.5795
231.414 87.0912
602.174 99.5328
587.244 111.974
617.103 79.6263
587.244 79.6263
694.241 288.645
724.101 273.715
704.195 281.18
251.32 221.461
231.414 223.949
243.855 204.042
211.507 181.647
194.089 181.647
206.531 161.741
194.089 166.717
241.367 176.671
228.925 171.694
246.344 151.788
233.902 156.764
216.484 99.5328
201.554 102.021
204.042 84.6029
191.601 89.5795
311.04 181.647
308.552 171.694
311.04 151.788
306.063 156.764
549.919 176.671
569.825 161.741
557.384 161.741
358.318 109.486
343.388 104.509
363.295 89.5795
467.804 174.182
452.874 179.159
460.339 166.717
447.898 156.764
328.458 99.5328
301.087 109.486
303.575 92.0679
437.944 149.299
410.573 139.346
432.968 119.439
241.367 146.811
223.949 136.858
253.809 129.393
226.437 116.951
388.178 221.461
365.783 213.996
400.62 196.577
375.736 201.554
395.643 174.182
368.271 181.647
388.178 161.741
313.528 223.949
296.11 216.484
313.528 201.554
306.063 206.531
430.479 179.159
420.526 181.647
437.944 164.229
420.526 154.276
62.208 136.858
54.743 136.858
72.1613 124.416
52.2547 129.393
144.323 174.182
114.463 184.136
134.369 164.229
126.904 156.764
532.501 181.647
527.524 181.647
544.942 161.741
517.571 166.717
111.974 69.673
134.369 54.743
121.928 47.2781
355.83 184.136
335.923 184.136
355.83 151.788
340.9 164.229
291.133 99.5328
263.762 111.974
288.645 87.0912
271.227 82.1146
933.12 149.299
925.655 149.299
940.585 124.416
918.19 121.928
826.122 62.208
813.681 74.6496
831.099 57.2314
806.216 49.7664
542.454 216.484
527.524 216.484
542.454 194.089
527.524 201.554
400.62 136.858
370.76 144.323
390.666 129.393
370.76 116.951
211.507 146.811
189.112 149.299
216.484 129.393
186.624 131.881
457.851 216.484
442.921 209.019
457.851 206.531
445.409 206.531
213.996 62.208
191.601 62.208
209.019 57.2314
196.577 57.2314
430.479 213.996
420.526 209.019
430.479 191.601
410.573 196.577
62.208 102.021
49.7664 99.5328
72.1613 82.1146
47.2781 77.1379
766.403 106.998
788.798 79.6263
766.403 77.1379
495.176 174.182
475.269 179.159
500.152 166.717
490.199 154.276
970.445 256.297
918.19 241.367
913.214 196.577
925.655 303.575
1124.72 151.788
1062.51 131.881
953.027 92.0679
953.027 64.6963
945.562 57.2314
1055.05 102.021
953.027 159.253
940.585 159.253
953.027 114.463
1040.12 164.229
1007.77 151.788
1040.12 141.834
1012.75 131.881
821.146 196.577
848.517 194.089
900.772 293.622
863.447 263.762
669.358 243.855
651.94 228.925
691.753 223.949
637.01 218.972
756.449 228.925
701.706 236.39
746.496 206.531
664.382 303.575
699.218 323.482
744.008 268.739
853.494 87.0912
816.169 151.788
771.379 154.276
883.354 151.788
873.4 151.788
671.846 99.5328
651.94 82.1146
763.914 87.0912
751.473 59.7197
701.706 54.743
686.776 171.694
644.475 151.788
756.449 154.276
751.473 129.393
706.683 136.858
525.036 233.902
475.269 191.601
607.15 261.274
547.43 238.879
607.15 189.112
517.571 268.739
500.152 263.762
612.127 316.017
602.174 271.227
547.43 266.25
363.295 248.832
465.316 231.414
475.269 106.998
477.758 72.1613
582.267 109.486
609.638 149.299
564.849 141.834
368.271 67.1846
338.412 69.673
288.645 226.437
221.461 283.669
164.229 233.902
139.346 256.297
174.182 206.531
121.928 189.112
69.673 303.575
84.6029 263.762
288.645 181.647
62.208 174.182
141.834 146.811
102.021 194.089
427.991 293.622
1139.65 134.369
1191.91 47.2781
1127.21 57.2314
1191.91 201.554
468.8 74.6496
471.786 59.7197
480.743 206.033
477.758 191.103
352.346 203.047
337.416 194.089
904.753 200.061
874.893 194.089
1042.11 137.355
1018.22 143.327
1018.22 119.439
910.725 197.075
286.655 212.005
277.697 220.963
182.145 71.6636
176.173 59.7197
161.243 56.7337
680.805 74.6496
662.889 65.6917
659.903 56.7337
325.472 182.145
310.542 179.159
319.5 170.201
307.556 170.201
609.141 149.299
597.197 152.285
316.514 250.823
325.472 226.935
313.528 223.949
244.851 185.131
241.865 173.187
235.893 164.229
925.655 304.57
913.711 298.598
916.697 250.823
462.828 101.523
459.842 92.5655
456.856 98.5375
113.467 68.6776
95.5515 71.6636
107.495 59.7197
549.421 179.159
570.323 161.243
558.379 161.243
704.692 289.641
716.636 265.753
701.706 262.767
489.701 137.355
486.715 119.439
573.309 143.327
564.351 137.355
567.337 119.439
212.005 71.6636
214.991 62.7057
197.075 59.7197
644.973 152.285
641.987 128.397
468.8 146.313
444.912 143.327
462.828 131.383
116.453 140.341
86.5936 149.299
113.467 185.131
110.481 164.229
95.5515 155.271
137.355 152.285
131.383 149.299
931.627 116.453
916.697 110.481
937.599 89.5795
304.57 209.019
325.472 191.103
310.542 191.103
152.285 176.173
137.355 164.229
125.411 158.257
182.145 182.145
170.201 173.187
176.173 164.229
155.271 167.215
355.332 152.285
346.374 149.299
346.374 128.397
782.328 65.6917
764.412 80.6216
794.272 56.7337
188.117 149.299
176.173 131.383
161.243 134.369
250.823 220.963
244.851 203.047
898.781 143.327
871.907 149.299
904.753 128.397
119.439 65.6917
137.355 56.7337
125.411 62.7057
212.005 182.145
206.033 173.187
214.991 155.271
194.089 167.215
352.346 107.495
343.388 104.509
388.178 241.865
382.206 247.837
388.178 223.949
379.22 226.935
322.486 152.285
310.542 152.285
322.486 122.425
313.528 134.369
358.318 179.159
334.43 182.145
340.402 164.229
244.851 107.495
256.795 83.6076
235.893 95.5515
827.118 71.6636
812.188 74.6496
821.146 62.7057
800.244 56.7337
474.772 179.159
450.884 179.159
462.828 167.215
444.912 155.271
77.6356 149.299
62.7057 140.341
80.6216 122.425
56.7337 134.369
223.949 116.453
203.047 113.467
214.991 98.5375
194.089 86.5936
65.6917 104.509
65.6917 86.5936
59.7197 83.6076
794.272 152.285
773.37 152.285
767.398 125.411
391.164 179.159
370.262 182.145
388.178 161.243
247.837 149.299
235.893 152.285
250.823 134.369
235.893 128.397
618.099 80.6216
588.239 80.6216
609.141 59.7197
212.005 146.313
200.061 152.285
217.977 131.383
203.047 134.369
764.412 107.495
791.286 86.5936
776.356 98.5375
931.627 149.299
922.669 149.299
934.613 134.369
919.683 134.369
438.94 149.299
421.024 152.285
400.122 140.341
370.262 146.313
391.164 128.397
379.22 119.439
319.5 107.495
301.584 110.481
328.458 98.5375
313.528 95.5515
283.669 113.467
265.753 113.467
289.641 86.5936
495.673 173.187
498.659 161.243
489.701 155.271
465.814 206.033
441.926 209.019
471.786 200.061
444.912 197.075
827.118 101.523
821.146 95.5515
809.202 83.6076
429.982 179.159
418.038 185.131
438.94 164.229
415.052 161.243
827.118 152.285
806.216 149.299
806.216 134.369
543.449 220.963
525.533 214.991
540.463 194.089
525.533 200.061
531.505 182.145
525.533 182.145
543.449 161.243
516.575 167.215
429.982 212.005
421.024 209.019
438.94 197.075
415.052 203.047
967.459 256.795
940.585 289.641
1176.48 74.6496
1128.7 56.7337
1063.01 155.271
1060.02 131.383
1182.45 149.299
1125.72 149.299
952.529 113.467
952.529 65.6917
952.529 158.257
943.571 149.299
1039.12 158.257
1012.25 131.383
824.132 194.089
785.314 217.977
856.978 241.865
851.006 194.089
901.767 289.641
862.95 262.767
668.861 241.865
677.818 203.047
636.015 217.977
758.44 229.921
701.706 235.893
746.496 206.033
692.748 220.963
743.51 268.739
853.992 86.5936
851.006 74.6496
833.09 161.243
839.062 176.173
862.95 143.327
671.846 101.523
644.973 59.7197
737.538 98.5375
701.706 86.5936
752.468 59.7197
701.706 56.7337
686.776 170.201
644.973 164.229
752.468 131.383
516.575 223.949
549.421 226.935
606.155 188.117
579.281 212.005
516.575 268.739
501.645 265.753
612.127 316.514
552.407 313.528
603.169 271.725
367.276 247.837
400.122 197.075
415.052 223.949
480.743 116.453
477.758 71.6636
588.239 110.481
582.267 107.495
540.463 152.285
609.141 167.215
370.262 116.453
379.22 74.6496
340.402 68.6776
412.066 104.509
220.963 229.921
194.089 197.075
262.767 223.949
235.893 301.584
220.963 283.669
283.669 277.697
116.453 244.851
101.523 197.075
164.229 235.893
137.355 256.795
176.173 206.033
119.439 191.103
146.313 304.57
131.383 265.753
229.921 68.6776
322.486 59.7197
268.739 80.6216
286.655 182.145
283.669 149.299
83.6076 89.5795
164.229 101.523
137.355 86.5936
418.038 286.655
627.057 265.753
1048.08 104.509
365.485 143.327
343.985 150.494
576.892 154.077
566.143 125.411
455.064 85.9964
476.563 71.6636
458.647 71.6636
136.161 85.9964
128.995 68.0805
429.982 118.245
412.066 103.912
476.563 114.662
462.23 100.329
455.064 100.329
354.735 111.079
343.985 103.912
512.395 207.825
512.395 189.909
490.896 189.909
286.655 211.408
379.817 121.828
383.4 107.495
920.878 200.658
906.545 197.075
476.563 189.909
318.903 121.828
326.07 100.329
315.32 96.7459
175.576 207.825
193.492 197.075
186.325 150.494
186.325 132.578
171.993 128.995
562.56 175.576
569.726 161.243
555.393 161.243
351.152 186.325
347.569 161.243
426.399 143.327
419.232 150.494
412.066 136.161
924.461 304.57
917.294 286.655
910.128 297.404
849.214 85.9964
831.298 75.2468
849.214 71.6636
333.236 182.742
308.154 179.159
318.903 168.41
232.907 154.077
250.823 132.578
240.073 136.161
404.9 193.492
376.234 200.658
641.39 146.91
641.39 128.995
121.828 157.66
96.7459 157.66
132.578 150.494
157.66 136.161
254.406 211.408
243.656 218.574
243.656 204.241
895.795 143.327
870.713 150.494
193.492 85.9964
193.492 68.0805
179.159 71.6636
229.324 85.9964
207.825 82.4132
229.324 68.0805
211.408 71.6636
290.238 85.9964
268.739 82.4132
505.229 154.077
483.73 146.91
512.395 136.161
487.313 139.744
225.74 114.662
214.991 96.7459
207.825 103.912
261.572 114.662
232.907 100.329
472.98 150.494
444.315 143.327
462.23 128.995
788.3 85.9964
766.801 78.83
777.55 68.0805
229.324 175.576
211.408 182.742
222.157 168.41
204.241 168.41
397.733 154.077
376.234 143.327
401.316 139.744
383.4 128.995
75.2468 146.91
89.5795 128.995
68.0805 132.578
214.991 150.494
197.075 146.91
222.157 139.744
200.658 132.578
928.044 150.494
902.962 150.494
931.627 132.578
902.962 128.995
401.316 240.073
383.4 243.656
397.733 222.157
386.984 222.157
537.477 218.574
537.477 193.492
523.145 200.658
397.733 179.159
383.4 179.159
390.567 157.66
512.395 182.742
487.313 182.742
490.896 171.993
816.965 150.494
806.216 150.494
806.216 132.578
813.382 89.5795
802.633 85.9964
824.132 68.0805
795.466 68.0805
763.218 118.245
777.55 107.495
763.218 107.495
78.83 121.828
71.6636 114.662
85.9964 96.7459
71.6636 96.7459
182.742 182.742
179.159 186.325
193.492 168.41
171.993 171.993
465.814 175.576
451.481 179.159
462.23 164.826
444.315 157.66
548.227 179.159
530.311 179.159
544.644 161.243
515.978 168.41
300.987 111.079
272.322 118.245
300.987 103.912
279.488 103.912
429.982 179.159
408.483 182.742
437.148 164.826
415.649 164.826
429.982 211.408
419.232 211.408
440.731 204.241
415.649 204.241
935.21 286.655
967.459 254.406
1168.12 132.578
1139.45 143.327
953.126 114.662
913.711 107.495
942.377 85.9964
953.126 157.66
928.044 157.66
938.794 125.411
824.132 193.492
784.717 214.991
856.38 243.656
870.713 193.492
849.214 193.492
899.379 290.238
856.38 254.406
666.472 243.656
652.139 236.49
634.223 218.574
756.051 229.324
695.137 236.49
745.302 204.241
623.474 265.155
705.887 286.655
741.719 268.739
713.053 265.155
820.549 96.7459
770.384 154.077
838.464 175.576
859.964 143.327
670.055 100.329
641.39 96.7459
619.89 71.6636
734.552 103.912
723.803 68.0805
684.388 168.41
752.468 154.077
576.892 211.408
369.068 247.24
351.152 204.241
412.066 225.74
598.391 111.079
580.475 107.495
616.307 78.83
537.477 150.494
609.141 168.41
609.141 150.494
379.817 75.2468
361.901 89.5795
261.572 222.157
218.574 229.324
204.241 200.658
311.737 225.74
297.404 225.74
304.57 207.825
297.404 286.655
279.488 275.905
114.662 243.656
121.828 189.909
146.91 304.57
136.161 254.406
254.406 82.4132
240.073 171.993
286.655 182.742
311.737 154.077
283.071 150.494
100.329 78.83
85.9964 85.9964
171.993 111.079
161.243 100.329
114.662 139.744
150.494 175.576
121.828 304.57
225.74 300.987
487.313 118.245
415.649 286.655
515.978 268.739
1039.12 139.744
1014.04 118.245
1168.12 75.2468
1046.29 103.912