0.30601 -0.422965 3.02542
0.256064 0.0730452 1.49297
0.281354 0.00151307 1.16042
0.257004 -0.187248 1.34285
0.278435 0.0689309 0.958157
-0.6521 0.05134 1.62757
-0.660282 -0.0898871 1.61359
-0.670901 0.0422656 1.3017
-0.658175 0.173285 1.24813
-0.665805 0.200133 1.56334
-0.642398 0.0684621 1.15475
-0.65782 -0.0749346 1.47754
-0.664395 -0.105266 1.0267
-0.643572 -0.119167 1.0285
-0.631856 -0.0519634 1.09036
0.123811 0.165943 1.61635
0.244359 0.193225 2.31762
0.303443 0.0338689 1.09238
0.272903 0.158552 1.25947
0.267487 0.157602 1.27734
0.319128 0.0322414 0.918083
0.224761 -0.320379 2.98436
0.455724 -0.565635 3.37833
0.252948 0.106792 2.20605
0.276534 0.0683191 0.954399
0.254143 0.177265 1.79448
0.258147 0.169682 1.94999
0.285489 -0.0253648 1.10879
0.277538 -0.0461033 1.0638
0.281228 -0.000629021 1.07962
0.205347 -0.19227 1.48608
0.275942 0.0541221 1.05918
0.270345 0.139513 0.937022
0.265626 0.162508 1.11381
0.192928 0.168258 1.04573
0.264303 0.160974 1.0253
0.278362 -0.0876468 1.01772
0.285557 0.00199938 1.17257
0.303073 0.00964093 1.04583
0.255871 0.0547747 1.49198
0.116478 0.190037 1.19511
0.262689 0.152611 1.30972
0.0171574 0.124323 1.48074
-0.0656919 0.19161 1.4562
0.0872851 0.156861 1.44926
0.21521 -0.148043 1.49854
0.219887 -0.1737 1.47268
0.242144 -0.093901 2.6316
0.25683 -0.077583 1.47195
-0.340697 0.218293 1.89862
-0.626637 0.146346 1.77876
-0.635461 0.0488512 1.58958
-0.629913 0.0910353 2.19927
-0.654635 -0.234308 1.82347
-0.64606 -0.241568 1.59909
-0.640449 -0.00520318 1.81806
-0.648444 -0.0729662 1.82682
-0.645671 0.0339057 1.94205
-0.654623 0.131592 1.26722
-0.649858 0.190344 1.26107
-0.664363 -0.173053 1.29282
-0.65096 -0.170077 1.24423
-0.649381 -0.0280557 1.30407
-0.664001 -0.0148864 1.25111
-0.642134 -0.0531343 1.31747
-0.649957 -0.047635 1.34602
-0.642417 -0.0802692 1.1517
-0.65531 -0.00058393 1.01932
-0.637298 -0.0173679 1.14602
-0.640351 0.0371466 1.37829
0.271358 -0.104775 1.07553
0.310843 0.0292082 1.00887
0.287352 0.0343567 1.07373
0.273251 -0.127338 1.26717
0.197239 0.0585119 1.0506
0.308722 0.0455115 1.44604
0.275033 0.0744844 1.08575
0.283889 -0.0259108 1.10402
0.21548 -0.179731 1.52308
0.317257 0.0423395 1.08831
0.313319 0.0204977 0.951275
0.274648 -0.022991 1.29896
0.266445 -0.0516753 1.22695
0.283082 0.062276 0.968374
0.248764 -0.135697 1.51076
0.215205 -0.148932 1.50317
0.263209 -0.118212 1.32217
0.275167 -0.030904 1.47862
0.291435 0.00944549 1.28444
0.270691 0.124575 0.948929
0.276979 0.0913052 0.826726
0.245495 0.163626 1.05249
0.265424 0.139099 1.1494
0.266954 0.123815 0.964913
0.315095 0.0137836 1.02228
0.276253 -0.111303 1.21665
0.291679 -0.0644407 1.02679
0.279318 -0.0536213 1.05574
0.297094 -0.0251361 1.05169
0.1211 0.187765 1.19266
0.144391 0.18082 1.35304
0.115525 0.192948 1.34776
0.139518 0.177457 1.10746
0.257973 0.149796 1.29631
-0.0568215 0.131025 1.477
0.0727528 0.127885 1.50381
-0.0407665 0.19598 1.43236
-0.00839254 0.196408 1.33679
0.303416 -0.421913 3.01101
0.252771 -0.151514 1.3862
0.221858 -0.17549 1.4871
0.263844 -0.0559413 1.48716
-0.194365 0.212198 1.66713
-0.585395 0.134906 1.67662
-0.635461 0.0488512 1.58958
-0.667484 -0.23833 1.85614
-0.650676 -0.242905 1.60274
-0.659772 -0.318461 2.14785
-0.722543 -0.266459 2.09255
-0.656694 -0.0903551 1.6025
-0.671681 -0.0224235 2.29056
-0.645671 0.0339057 1.94205
-0.643512 -0.0619217 2.05782
-0.654389 0.130928 1.2672
-0.657574 0.0406786 1.27993
-0.618613 0.174518 1.12645
-0.629432 0.164713 1.13992
-0.639432 0.11913 1.08629
-0.66287 -0.089329 1.26378
-0.653693 -0.169447 1.2758
-0.641066 -0.065061 1.30096
-0.661485 -0.081152 1.47407
-0.643418 -0.0467566 1.33277
-0.63943 -0.0794531 1.14806
-0.632406 0.0195162 1.03478
-0.652167 -0.0013216 1.01506
-0.632473 -0.0173932 1.13944
-0.639152 -0.0339532 1.14884
-0.655954 0.171658 1.24377
0.191876 -0.179828 1.42281
0.274698 0.0690919 0.975327
0.273943 0.0604988 0.948711
0.287974 0.0327814 1.15901
0.296031 0.0421491 1.26074
0.283397 0.0586341 0.881822
0.25031 -0.136846 1.52074
0.25439 -0.0577131 1.29764
0.258326 -0.0528702 1.45642
0.264356 0.0333891 1.39742
0.247954 0.00286408 1.19817
0.250877 -0.106036 1.30347
0.31054 0.0291068 1.00909
0.277316 0.0644634 0.848506
0.308339 0.029817 0.895926
0.259738 0.120468 0.948958
0.255398 0.16025 1.14836
0.264747 0.155393 1.26828
0.26391 0.160093 1.06401
0.308962 0.0135747 1.00857
0.267127 -0.141077 1.29022
0.275573 -0.0866543 1.01136
0.287728 -0.0413727 1.21084
0.281989 -0.0244294 1.25638
0.300323 0.00918246 1.03944
0.292777 -0.0242954 1.04221
0.281245 -0.0258755 1.09892
0.258051 0.17007 1.73987
0.248682 0.127597 2.02332
0.267721 0.11947 1.46833
0.255096 0.0972958 1.49229
0.258143 0.0544006 1.50682
0.203722 0.178649 1.50104
-0.0549276 0.126815 1.43555
-0.0650315 0.179261 1.38946
-1.55274e-05 0.147838 1.4205
0.293053 -0.405297 2.91368
0.205155 -0.173217 1.47733
0.252242 -0.0766762 1.45151
-0.185206 0.204061 1.60981
-0.586134 0.135384 1.67626
-0.639422 0.0494927 1.5934
-0.630595 0.159946 2.07651
-0.650001 0.0852701 1.96828
-0.66007 -0.236243 1.83876
-0.748135 -0.203675 2.52285
-0.67985 -0.32689 2.2094
-0.691163 -0.258707 2.00331
-0.649281 -0.0617315 2.06836
-0.624285 0.123959 1.28224
-0.655317 0.0702495 1.24678
-0.640796 0.0370525 1.37924
-0.650326 0.16926 1.23445
-0.638815 0.191682 1.50651
-0.643976 0.0701918 1.15786
-0.624712 0.0321141 1.08668
-0.636969 0.179735 1.15043
-0.654333 -0.0895711 1.25218
-0.661214 -0.172615 1.26151
-0.643418 -0.0467566 1.33277
-0.695531 -0.0739928 1.56757
-0.640726 -0.0791866 1.15065
-0.62886 0.0232824 1.09095
-0.63564 -0.0342429 1.14285
-0.62965 0.0196454 1.02938
-0.647123 -0.0976265 1.39111
-0.635771 0.116392 1.05769
-0.651446 -0.0732711 1.83351
0.30429 0.0714784 0.938666
0.255204 0.10761 2.23085
0.296255 0.0637992 0.971059
0.289643 0.00860467 1.28202
0.241156 -0.113169 1.36355
0.268109 -0.0286537 1.4498
0.254122 -0.0564997 1.29535
-0.642826 -0.079709 1.15494
-0.62965 0.0196454 1.02938
-0.65101 -0.00225483 1.01227
-0.642799 -0.0161547 1.15348
-0.635958 -0.0340945 1.1438
-0.658167 -0.104521 1.01798
-0.609444 0.0480372 1.52944
-0.649034 -0.0710584 1.83125
-0.647388 -0.0886203 1.58024
-0.634307 0.0697389 1.14617
0.0628488 0.183465 1.21708
0.0163234 0.187261 1.23434
0.000787285 0.148383 1.42814
-0.652511 -0.233128 1.81886
-0.660082 -0.0141591 1.2436
-0.635799 -0.0486407 1.31272
0.27255 0.127043 0.992001
0.264953 0.109053 1.00311
-0.657679 -0.074829 1.28717
0.248003 0.0379105 2.55077
-0.672842 -0.0198002 2.29677
0.110753 0.188381 1.31935
0.20166 0.177288 1.49546
0.231722 -0.32944 3.038
-0.629705 0.12475 1.29139
0.264764 0.155754 1.26872
0.283436 0.065515 0.859673
0.293589 0.00777655 1.02733
0.203898 -0.19175 1.49055
0.315813 0.0139687 0.957313
0.288864 -0.0646164 1.01993
0.257953 0.0607845 1.37249
0.0716108 0.125065 1.4679
0.027159 0.0698349 1.61328
-0.748135 -0.203675 2.52285
-0.654412 -0.222046 2.0235
-0.64559 -0.304424 2.11026
0.29738 -0.0421067 0.935635
0.259099 -0.0944287 1.2825
0.247911 -0.111832 1.25244
0.298041 0.0216297 1.0874
0.293591 -0.00132668 1.11273
0.27503 0.0568011 0.84419
0.21538 -0.180043 1.5352
0.287728 -0.0413727 1.21084
-0.645186 -0.0972262 1.38646
-0.321582 0.207452 1.8184
0.269667 -0.0524436 1.23568
-0.644976 0.181463 1.16237
-0.039103 0.199135 1.43506
-0.0731996 0.192091 1.46492
-0.283913 0.215653 1.81274
-0.687892 -0.257879 1.98971
-0.645314 -0.0692596 1.82407
-0.654141 -0.0898144 1.59388
-0.63486 -0.0144071 1.14288
-0.620159 0.153824 2.03828
-0.641564 0.116579 1.065
-0.652074 -0.0887884 1.24908
0.142174 0.178321 1.33587
-0.622037 -0.0174667 2.14794
-0.642845 0.0393566 1.9375
-0.636966 -0.0769273 2.1147
-0.660078 -0.06121 2.08936
-0.659349 -0.0133284 1.24066
-0.632867 0.125161 1.29642
-0.664934 0.114587 1.26349
0.296138 0.0073141 1.03405
0.277898 -0.0876704 1.01679
0.256499 0.149106 1.28875
0.284644 -0.39682 2.85195
-0.760629 -0.208457 2.55529
-0.552703 -0.153915 1.85862
-0.655078 -0.221985 2.01783
-0.68787 -0.0722147 1.55005
0.257598 0.112948 1.42118
0.261622 0.0658165 1.53606
0.295103 -0.0566947 0.944223
0.292278 -0.0646376 1.02743
0.309604 -0.0167185 0.930322
0.285117 -0.114893 1.24302
0.261514 -0.116685 1.30724
0.29197 -0.00183899 1.10794
0.222043 -0.121613 1.39239
0.140212 0.129855 1.77943
0.283655 0.0237038 1.10814
0.310149 0.0298561 1.00519
0.31021 0.0210648 0.945826
0.285309 -0.0413567 1.20387
-0.62965 0.0196454 1.02938
-0.651326 -0.098406 1.39933
-0.644414 0.166843 1.22295
0.263484 0.106294 0.967419
0.280146 -0.0883611 1.02201
-0.607983 0.11971 1.25655
0.313654 0.014632 1.02113
0.18246 0.174314 1.2557
0.26642 0.160835 1.51577
0.304335 -0.0578523 0.96314
0.104946 0.191187 1.32961
0.198443 0.176115 1.49367
0.23315 -0.332857 3.02165
-0.701758 -0.239629 2.13468
0.249452 0.0390215 2.57402
0.272442 0.124032 1.25111
0.260295 0.143022 1.23605
0.26256 0.0041432 1.4145
0.273584 -0.0288729 1.47635
0.31556 0.0146605 0.956992
0.0867499 0.109232 1.46664
0.310524 0.0445636 0.920642
0.309296 0.0297219 0.89851
0.311463 0.0207169 0.948869
0.26536 -0.0525142 1.22223
0.25772 -0.096168 1.28037
0.251508 0.0936937 1.48168
0.238745 0.159723 1.6517
0.250845 0.0638382 1.48696
0.288427 -0.00158857 1.09778
0.271442 0.0215038 1.06902
0.284903 -0.0250958 1.1073
0.286796 0.0333544 1.07831
0.239743 -0.0735697 1.3336
0.249106 -0.130102 1.56329
0.241554 -0.114012 1.36178
0.308573 0.0305627 0.999869
0.291522 0.00921285 1.29681
-0.645557 -0.0730371 1.14862
-0.66438 -0.0777911 1.28822
-0.60879 0.162449 1.11418
-0.630137 0.115481 1.05217
-0.647481 0.196517 1.5143
-0.63845 -0.0682754 1.81144
-0.644363 -0.00265989 2.46619
-0.643505 0.0789898 1.94211
-0.298158 0.23507 1.89109
-0.329789 0.214328 1.88384
0.00346974 0.148318 1.43097
-0.08171 0.206476 1.58285
0.144223 0.180283 1.34541
0.12294 0.157807 1.5921
0.200015 -0.145998 1.51931
-0.685639 -0.0201175 2.35305
-0.668866 0.0398112 2.00471
-0.683816 -0.0624646 2.14382
-0.681454 -0.235491 2.06938
-0.630605 -0.0564521 1.42936
0.174659 -0.0651768 2.0622
0.289344 -0.0652536 1.02055
0.256435 -0.0572329 1.30043
0.256648 -0.0968351 1.2813
0.238662 0.090274 1.43331
0.241831 0.090121 1.46417
0.250845 0.0638382 1.48696
0.273296 0.0570645 0.862768
0.273762 -0.0255047 1.07906
0.23726 -0.123351 1.49755
0.248869 0.153391 1.44631
0.196035 0.175827 1.48446
0.0774038 0.0848643 1.20636
0.264192 0.0634308 0.955276
-0.0529199 0.0986324 1.43051
0.241467 0.00429492 1.17792
0.216881 -0.00207543 1.16346
-0.641171 -0.0339429 1.1512
-0.657323 0.0224463 1.05437
-0.639854 -0.072127 1.14093
-0.643459 -0.049086 1.32691
-0.644837 -0.0965739 1.3891
-0.642118 -0.0752664 1.25173
-0.654804 0.0779381 1.97346
-0.328532 0.2167 1.92211
-0.0397087 0.209716 1.48539
0.302803 -0.0169897 0.916177
0.293283 0.00742441 1.02733
