0.309443 0.0131527 1.01158
0.0173859 0.123604 1.47694
0.255342 0.0727592 1.48877
0.12227 0.163096 1.59525
0.303878 0.0350372 1.09225
0.219913 -0.173673 1.47209
0.185407 -0.172975 1.41114
0.256685 -0.0774288 1.47052
0.291178 0.00963091 1.28147
0.266678 0.139679 1.14954
-0.658189 0.090467 1.9839
-0.666703 -0.226288 2.07173
-0.646402 -0.0728666 1.82167
-0.6374 0.0680443 1.14788
-0.637042 0.180602 1.15141
-0.65056 -0.0282307 1.30616
-0.643817 -0.167227 1.15248
-0.0293907 0.117208 1.52917
0.273156 -0.0799546 1.16535
0.285966 0.00136045 1.17276
0.257241 0.169147 1.94325
0.257021 0.0547238 1.4965
0.25739 0.0985071 1.49899
0.117022 0.19052 1.19777
0.275963 0.0621562 0.977185
0.258597 0.165685 1.47444
0.263789 0.15325 1.31341
0.250672 -0.150285 1.3766
0.286322 -0.025493 1.11058
0.278654 0.0687872 0.95814
0.504654 0.101751 1.31888
0.252865 0.176414 1.78598
0.25587 0.155526 1.81073
0.244862 0.19342 2.32061
0.31085 0.0418479 1.07252
0.214136 -0.147721 1.49271
0.283745 -0.0244526 1.25833
0.272452 -0.0233422 1.29052
0.452617 -0.560926 3.35303
0.262466 0.137523 1.13978
0.301511 0.00942042 1.04173
0.298195 0.0218132 1.08815
0.297353 -0.0247534 1.05119
0.308636 -0.134684 1.17323
0.293482 -0.0429922 1.2254
0.0861286 0.153486 1.42741
0.302504 -0.417652 2.9897
0.252092 0.023586 2.23974
-0.612151 0.227056 2.2422
-0.638829 0.0502044 1.59947
-0.649049 0.166429 2.12588
-0.599725 -0.0214424 2.71657
-0.65605 -0.23512 1.82738
-0.646962 -0.24199 1.60126
-0.657992 -0.0897032 1.60857
-0.665224 -0.0217369 2.27152
-0.654956 0.0341575 1.96818
-0.639951 0.187265 1.24583
-0.648844 0.130379 1.25841
-0.657014 0.172853 1.24633
-0.638349 0.0819368 1.15068
-0.628559 0.0245409 1.09064
-0.659867 -0.0889495 1.25914
-0.662047 -0.172395 1.28904
-0.661039 -0.0147306 1.24653
-0.642984 -0.0658251 1.30464
-0.657537 -0.075044 1.47709
-0.641673 -0.080124 1.15059
-0.653844 -0.000653537 1.01743
-0.636892 -0.017467 1.14541
-0.626487 -0.0516506 1.0835
-0.66008 -0.104654 1.02162
-0.661403 0.198835 1.55493
0.271977 -0.126756 1.26169
0.277033 -0.14108 1.24989
0.26785 -0.141098 1.29178
0.300263 0.038265 0.996049
0.311614 0.0292487 1.01028
0.0726618 0.127559 1.5008
0.376649 0.0777322 1.1046
0.205634 -0.192566 1.4874
0.247768 -0.0983103 1.51994
0.244618 -0.114293 1.37299
0.249582 -0.136086 1.51449
0.278982 0.0545988 1.06628
0.285866 0.0341292 1.06944
0.275756 0.0761228 1.10864
0.28114 -0.0243436 1.2528
0.270048 -0.0433544 1.26078
-0.829789 -0.405264 3.59984
0.252249 -0.106252 1.30413
0.290346 0.00937448 1.27992
0.220694 0.0579461 0.875943
0.266153 0.123457 0.962783
0.268245 0.123471 0.942706
0.26733 0.157491 1.27636
0.257737 0.149621 1.29496
0.266714 0.162995 1.11647
0.279236 -0.0685265 1.05234
0.278945 -0.0878529 1.01898
0.276058 -0.000528622 1.06495
0.291482 -0.0181699 1.09481
0.261771 -0.117507 1.3154
0.274224 -0.0891538 1.12861
0.27167 -0.104947 1.07627
0.288897 0.00165772 1.1819
0.256769 0.108255 2.23549
0.265948 0.118716 1.45932
0.258151 0.0542745 1.50628
0.120045 0.186738 1.18588
0.203431 0.178351 1.49866
-0.056076 0.12932 1.45984
-0.0656807 0.191672 1.45663
0.0338073 0.190552 1.24813
-0.00828014 0.195484 1.33128
-0.000456886 0.152276 1.45305
0.225445 -0.32128 2.99055
0.240732 -0.0933768 2.61585
-0.191839 0.209219 1.64556
-0.339785 0.217615 1.89384
-0.629618 0.0482364 1.577
-0.63976 0.162348 2.09993
-0.622517 0.145364 1.76875
-0.655378 0.0942127 2.28128
-0.661591 -0.010599 2.51817
-0.654342 -0.244383 1.61123
-0.639702 -0.217973 1.99398
-0.662053 -0.319592 2.15486
-0.71745 -0.264245 2.0782
-0.675649 -0.0225692 2.30379
-0.64331 -0.0621176 2.05751
-0.649458 0.129907 1.25966
-0.655428 0.17138 1.24292
-0.631046 0.019547 1.03287
-0.626911 0.0237681 1.08789
-0.653954 -0.1695 1.27619
-0.652965 -0.170544 1.24737
-0.64285 -0.0533354 1.31886
-0.636691 0.0231516 1.38101
-0.660476 -0.0810258 1.47212
-0.646062 -0.0473685 1.33901
-0.638234 -0.0793897 1.14617
-0.638308 -0.0339126 1.14747
-0.652743 -0.00138036 1.01581
-0.630164 0.116341 1.05283
0.28728 0.0327317 1.15633
0.277656 0.0611566 0.95572
0.214435 -0.148421 1.49789
0.205109 -0.173081 1.47632
0.28114 -0.0243436 1.2528
0.264553 -0.0513787 1.21942
0.282599 0.00813538 1.25979
0.246046 -0.104212 1.28464
0.267295 -0.0285934 1.44544
0.256962 -0.0574059 1.30761
0.265632 0.0626891 1.4045
0.29009 -0.0640142 1.02211
0.279575 -0.0536773 1.0559
0.297108 -0.0421566 0.934722
0.298985 0.00916786 1.03584
0.297149 -0.0250745 1.05146
0.310124 0.0135015 1.0114
0.274606 -0.110578 1.21001
0.283842 0.00170009 1.16712
0.283882 -0.0259286 1.10354
0.288023 -0.0415037 1.21139
0.257856 0.169683 1.73774
0.114784 0.19182 1.3403
0.0633297 0.184832 1.22356
0.142981 0.179003 1.34093
0.20016 0.176013 1.48521
-0.0573038 0.132273 1.48961
0.057072 0.119058 1.43564
0.0264035 0.0678795 1.574
-0.0653925 0.18041 1.3976
-0.0407079 0.196183 1.43407
0.29879 -0.415155 2.9654
0.251754 0.0243244 2.23096
0.260496 -0.0550508 1.47081
-0.642434 0.226246 2.78426
-0.451653 0.218572 1.71832
-0.182471 0.200328 1.58391
-0.629618 0.0482364 1.577
-0.593589 0.137006 1.69743
-0.655939 0.0865403 1.98482
-0.655671 -0.00730476 2.51117
-0.658684 -0.235803 1.83521
-0.759458 -0.206611 2.55966
-0.681986 -0.327979 2.21615
-0.689507 -0.258176 1.999
-0.658834 -0.0908042 1.60745
-0.652488 -0.0622069 2.07827
-0.657108 -0.0738944 1.84854
-0.638257 0.127036 1.305
-0.657174 0.0407071 1.27925
-0.640184 0.037174 1.37807
-0.633466 0.0807013 1.1446
-0.625767 0.0322561 1.08834
-0.625394 0.176277 1.13573
-0.620976 0.11645 1.08973
-0.661932 -0.172866 1.2627
-0.664307 -0.0146004 1.25001
-0.642583 -0.0468745 1.33129
-0.646219 -0.11986 1.03071
-0.638243 -0.0790063 1.14686
-0.6343 -0.0172763 1.14203
-0.637313 -0.0342988 1.14551
-0.63173 -0.0505469 1.08904
-0.630301 0.0197173 1.03028
0.27531 0.0546941 1.05737
0.301554 0.0330129 1.08789
0.283343 0.0328944 1.06948
0.242592 -0.113744 1.36603
0.255441 -0.0580307 1.30197
0.291478 0.00868235 1.28877
0.247117 0.00300198 1.19436
-0.624017 0.187303 1.47791
-0.643629 -0.0163058 1.15479
-0.635245 0.0803953 1.14716
-0.632007 0.0677047 1.14154
-0.628267 0.159208 2.06994
-0.643943 -0.0799179 1.15657
-0.635066 0.116232 1.0566
-0.644668 -0.0707333 1.81995
-0.652107 -0.0893985 1.591
-0.653134 -0.2333 1.82044
-0.654709 -0.0896535 1.25282
-0.59398 0.136977 1.69561
-0.62792 0.0486219 1.5691
0.259546 -0.053223 1.46221
-0.327063 0.210821 1.84741
0.0324155 0.186175 1.22704
0.000915122 0.145588 1.4049
0.261755 0.146198 1.08627
0.258955 0.162436 1.15992
0.267484 0.121795 1.20112
-0.659546 -0.0749738 1.29035
0.111741 0.190024 1.32935
-0.671636 -0.0196029 2.2931
-0.759458 -0.206611 2.55966
-0.658267 -0.223402 2.03505
0.275084 -0.0866045 1.00978
-0.629512 0.124664 1.29102
-0.658171 0.0704117 1.25098
0.260922 0.121017 0.952303
0.266827 0.109792 1.00801
0.143404 0.178094 1.34139
0.22582 -0.320726 2.96163
0.294192 -0.406563 2.92173
0.264852 0.155472 1.26848
0.294096 -0.00129701 1.11413
0.292407 -0.0243916 1.04089
0.223908 -0.0831321 2.46957
0.254721 0.0972894 1.49007
0.257464 0.113044 1.42032
0.274876 -0.0494717 1.09986
0.288287 -0.0263123 1.11671
0.288023 -0.0415037 1.21139
0.248989 -0.136047 1.51293
0.212343 -0.177689 1.51585
0.257891 -0.0944881 1.27748
0.291521 0.0627693 0.959325
0.310199 0.0291948 1.00795
-0.0570589 0.108475 1.44524
0.252933 0.106691 2.21145
-0.647959 -0.0977029 1.39275
-0.630301 0.0197173 1.03028
0.232761 0.0113904 1.17446
0.267295 -0.0285934 1.44544
0.274661 -0.0466861 1.45921
0.255775 -0.0576307 1.30646
-0.626794 0.164227 1.13679
-0.652917 0.19789 1.52507
0.00349383 0.147188 1.42136
-0.651825 -0.0893686 1.58862
-0.635461 0.0387958 1.3708
-0.656335 0.149706 1.83769
-0.607213 0.0476468 1.52476
-0.637874 -0.0147044 1.14756
-0.635265 -0.0341899 1.14275
0.105459 0.192288 1.33561
-0.630214 0.156532 2.0689
-0.652013 -0.00283168 2.49515
-0.647181 -0.077309 1.30218
-0.657185 -0.0138781 1.23908
0.263013 0.154708 1.26118
-0.632286 0.123942 1.29575
-0.649093 0.111859 1.23982
-0.62112 -0.0172505 2.14516
-0.643935 0.039791 1.94089
0.295797 -0.0566884 0.945394
0.142011 0.177595 1.33275
0.198266 0.176008 1.49224
-0.75954 -0.208383 2.5524
-0.685145 -0.256891 1.98235
0.289206 -0.0646423 1.02057
0.293149 0.00775246 1.02581
0.288141 -0.00154245 1.09659
0.293642 -0.0246157 1.04365
0.201888 -0.276701 2.77489
0.233866 -0.332893 3.02166
0.257255 0.0648966 1.51279
0.289529 -0.0418477 1.21696
0.258599 0.0286288 2.28843
0.251658 0.0385138 2.58498
0.279813 0.0713889 1.11539
0.251297 0.144037 2.40671
0.268249 -0.0522437 1.22974
0.256631 -0.114509 1.28733
0.240801 -0.113024 1.36139
-0.646536 -0.119194 1.03045
-0.646617 -0.0973602 1.38925
-0.638633 0.116141 1.06067
-0.630301 0.0197173 1.03028
-0.0739858 0.194432 1.48116
-0.659635 0.169407 1.24246
-0.6347 0.125465 1.29976
-0.647326 -0.078011 2.14671
-0.655506 -0.0606732 2.0758
0.262397 0.158655 1.49532
-0.658501 -0.0132913 1.23927
0.311303 0.0143089 1.01455
-0.669734 0.0763318 1.23721
0.294513 -0.0486895 1.02605
0.295122 0.00739966 1.03092
0.290015 -0.00182975 1.10131
0.293626 -0.0266825 1.12912
0.268913 -0.0621399 0.931559
0.144575 0.180802 1.34823
0.196835 0.176578 1.48967
0.268953 -0.0530843 1.23593
0.233866 -0.332893 3.02166
0.250831 0.0935738 1.47777
0.252517 0.0644105 1.4953
0.311243 0.0298596 1.00768
-0.2799 0.179779 2.01724
0.271359 0.0685081 1.09715
-0.0547901 0.107264 1.46382
0.235906 0.00521337 1.15394
0.264444 0.0285379 2.35064
0.249003 0.0389697 2.5681
0.229851 -0.0892073 2.55169
0.139573 0.129342 1.77164
0.271953 -0.0286215 1.468
-0.63772 -0.0338278 1.14591
-0.643647 -0.072996 1.14559
-0.65117 -0.098311 1.39903
-0.669816 -0.0783203 1.29748
-0.645171 -0.0692592 1.82384
-0.702252 -0.248833 1.94808
-0.649619 0.0794808 1.95856
-0.285355 0.216521 1.82067
-0.0387541 0.197265 1.42262
0.269124 0.122743 1.23767
0.269162 0.111727 1.01338
-0.681491 -0.019902 2.33973
-0.672239 -0.0612926 2.10914
0.271767 0.0659648 1.41421
-0.639227 -0.0719959 1.1399
-0.0776997 0.195811 1.50789
-1.18407 -0.523914 4.08098
-0.694912 -0.23972 2.10755
0.235543 0.0892498 1.43551
0.252517 0.0644105 1.4953
0.263531 0.0629418 0.952983
0.309796 0.0305024 1.00283
0.29098 0.00901983 1.29438
0.177321 0.16367 1.40279
0.297569 0.0737139 1.15229
0.284015 0.0331243 1.06934
0.21559 0.0343922 2.2698
0.173488 -0.0654752 2.0517
0.256718 -0.095624 1.27536
0.246222 -0.116244 1.38089
-0.629949 -0.0572375 1.42826
0.0036117 0.124966 1.47842
0.0301389 0.0737138 1.76028
0.192179 0.106253 2.02515
-0.0532221 0.0993769 1.43754
0.282754 -0.0289967 1.50198
-0.645465 -0.0492192 1.33064
-0.645111 -0.0968266 1.38974
-0.644375 -0.0756677 1.25576
-0.639272 -0.0681411 1.81367
-0.337799 0.219754 1.92844
0.241642 -0.126421 1.52127
0.119499 0.152467 1.54853
0.259066 0.142229 1.23067
