0.264676 0.154093 1.22977
0.258641 0.121003 1.26198
-0.639355 -0.0799552 1.14692
0.268425 -0.0386569 1.075
0.280421 0.037113 1.46105
0.448006 -0.554254 3.31621
0.196092 0.172905 1.45021
0.270394 0.0800945 1.20216
0.251855 -0.0886127 1.4992
0.229606 0.169322 1.19634
0.311792 0.0132346 1.0147
-0.650671 0.195537 1.5339
-0.601249 -0.0216281 2.72396
-0.658483 -0.00991558 2.50721
-0.64616 -0.241721 1.59933
-0.630871 0.179002 1.14254
-0.66122 -0.0143683 1.24743
-0.639441 -0.0338142 1.14776
0.249698 0.105532 1.62286
0.288648 0.00138685 1.17857
0.270261 -0.0815827 1.25036
0.296524 0.0216951 1.08273
0.257219 0.0548206 1.49572
0.26167 0.154068 1.33634
0.27194 -0.138166 1.22995
0.265993 -0.139484 1.282
0.224351 -0.319246 2.97225
0.257059 0.175524 1.57137
0.260942 0.11788 1.43977
-0.0290281 0.116099 1.51666
-0.0585223 0.0938796 1.63455
0.121033 0.160777 1.57783
0.276048 0.0814244 1.2179
0.295392 -0.407548 2.92096
0.151451 0.183477 1.36897
0.111562 0.188536 1.317
0.257856 0.155901 1.8233
0.259031 -0.133476 1.28604
0.26089 -0.0542687 1.46727
0.25668 -0.0772991 1.46881
0.275685 0.0691062 1.10546
0.253929 -0.0901626 1.50728
0.243665 -0.113833 1.3674
0.220187 -0.173633 1.47166
0.204436 -0.191231 1.47845
0.301989 0.0346828 1.08657
0.289732 0.00956629 1.27548
0.26469 0.138496 1.14249
0.278598 -0.0681611 1.04927
0.2853 -0.0254232 1.10659
0.296941 -0.024725 1.04893
0.287812 -0.0419911 1.20821
0.0597578 0.120368 1.45702
0.0863745 0.153594 1.42766
0.0173206 0.123516 1.47312
-0.0657645 0.192342 1.46162
-0.00813574 0.193559 1.31506
-0.612993 0.22726 2.24529
-0.673775 0.0984495 2.33402
-0.626815 0.0492493 1.57393
-0.648698 0.166219 2.12501
-0.650235 0.0890603 1.96266
-0.668472 -0.0218765 2.28233
-0.64616 -0.241721 1.59933
-0.675812 -0.210607 2.21452
-0.65318 -0.0890289 1.59694
-0.651699 0.0339739 1.95927
-0.648586 -0.0731015 1.82734
-0.661688 0.0416041 1.28692
-0.657789 0.172157 1.24599
-0.650037 0.130727 1.25974
-0.630741 0.082432 1.14023
-0.627966 0.164301 1.13751
-0.622218 0.117408 1.09036
-0.681485 -0.0907443 1.31632
-0.647758 -0.0281791 1.30107
-0.660384 -0.0146466 1.2451
-0.653068 0.0226514 1.47428
-0.653821 -0.0746767 1.46966
-0.641198 -0.0870614 1.14929
-0.62868 0.00409359 1.08648
-0.628842 -0.051839 1.08572
-0.65301 -0.125064 1.04285
-0.649291 -0.0983034 1.39325
0.273957 0.0653202 1.03644
0.0844253 0.0448978 1.67143
0.259218 0.165914 1.47615
0.24377 0.166881 1.46178
0.271116 -0.126431 1.25756
0.265755 -0.117998 1.32337
0.248898 -0.149178 1.36763
0.294252 -0.000980436 1.14143
0.288791 0.00151594 1.18023
0.246743 0.0631485 1.47346
0.257244 0.0538269 1.50045
0.269115 -0.386237 2.86661
0.295501 -0.410404 2.93241
0.309787 0.0418395 1.06881
0.274985 0.0757819 1.10519
0.272895 0.0682637 1.09839
-0.655509 0.0712148 1.24594
0.255565 0.107681 2.22387
0.236025 -0.0641991 3.01362
0.256991 0.168772 1.93936
0.298174 0.0479385 1.18556
0.224849 -0.143822 1.50902
0.212861 -0.177416 1.50504
0.275726 -0.0298693 1.4759
0.260513 -0.0549134 1.46928
0.27873 0.0547273 1.06193
0.288139 -0.0247471 1.27004
0.271646 -0.0532317 1.23416
0.246412 -0.0976456 1.5115
0.246968 -0.134711 1.49975
0.251757 -0.105872 1.3008
0.257664 0.0988126 1.49962
0.273128 0.0346421 1.42894
0.271178 0.0795796 1.20669
0.263763 0.155392 1.26126
0.277107 -0.0461428 1.06103
0.278371 -0.0876783 1.01646
0.30097 0.00932548 1.03925
0.256386 -0.0917871 1.27213
0.0719249 0.126315 1.48679
-0.0566029 0.130923 1.47572
-0.0393594 0.19572 1.43384
0.0150527 0.144501 1.45077
0.207283 -0.308734 2.60776
0.239429 -0.0926338 2.59943
-0.657528 0.0944878 2.28844
-0.341029 0.218376 1.90026
-0.628678 0.0482385 1.57482
-0.631238 0.160272 2.07515
-0.635368 0.148164 1.80009
-0.751864 -0.203491 2.5415
-1.39343 -0.728779 4.85698
-0.670312 -0.0105995 2.5506
-0.653787 -0.244241 1.60989
-0.662457 -0.319828 2.1561
-0.654878 -0.234739 1.8244
-0.638045 0.0230402 1.38285
-0.653043 0.171676 1.23995
-0.650421 0.130216 1.26067
-0.627029 0.187223 1.44039
-0.632976 0.0811805 1.14284
-0.622293 0.024497 1.08234
-0.659421 -0.171749 1.28448
-0.65322 -0.170611 1.24738
-0.659299 -0.0808099 1.46957
-0.642716 -0.0471257 1.33275
-0.642036 -0.118857 1.02596
-0.636541 -0.0792085 1.14326
-0.635172 -0.0173522 1.1425
-0.632549 -0.00972369 1.09018
-0.636643 -0.0338111 1.14457
-0.630309 -0.0506452 1.08668
-0.634323 0.118243 1.07888
0.0879685 0.0792527 1.58106
-0.0289592 0.107804 1.43483
-0.0565133 0.107779 1.43863
0.258552 -0.0783307 1.47669
0.232497 -0.108638 1.43852
0.244348 0.103079 2.14578
0.287984 0.034058 1.0734
0.219775 -0.173673 1.47295
0.204962 -0.172675 1.47367
0.275399 0.0541997 1.05629
0.280313 -0.024199 1.24877
0.263489 -0.0511613 1.21447
0.277238 0.0144242 1.30776
0.241037 0.00271066 1.17784
0.259824 0.107291 0.994236
0.257001 0.161225 1.15239
0.279604 -0.0538296 1.05472
0.275185 -0.0866349 1.00884
0.285442 -0.0177317 1.07929
0.298383 0.00902315 1.03324
0.295639 -0.0249375 1.04653
0.256481 -0.114906 1.29483
0.272954 -0.109865 1.20307
0.250693 -0.11306 1.26393
0.280481 -0.0032691 1.23819
0.287068 -0.0414013 1.20718
0.246075 0.126017 2.00214
0.141777 0.177389 1.33004
0.200982 0.176337 1.48213
0.0274547 0.0699559 1.61415
-0.0545676 0.0869253 1.54757
-0.191162 0.208703 1.64132
-0.00820407 0.193816 1.32067
-0.0653982 0.191036 1.45179
-0.658646 0.196875 2.76028
-0.628678 0.0482385 1.57482
-0.59694 0.138153 1.70595
-0.646335 0.0851442 1.95903
-0.756199 -0.205853 2.54948
-0.678764 -0.0223618 2.314
-0.671538 -0.203327 2.20706
-0.682652 -0.328404 2.21836
-0.656592 -0.0904879 1.60236
-0.642942 -0.0621336 2.05653
-0.65931 -0.0740978 1.85427
-0.650673 0.0692717 1.23943
-0.656408 0.0406709 1.27769
-0.640034 0.0372942 1.37762
-0.634497 0.126569 1.29861
-0.62826 0.0195891 1.02875
-0.635112 0.0813299 1.14628
-0.626648 0.0230331 1.08713
-0.628307 0.177043 1.13912
-0.619117 0.116156 1.08657
-0.663336 -0.0892219 1.28964
-0.655851 -0.0897085 1.25436
-0.652553 -0.169227 1.27359
-0.650763 -0.0286744 1.3047
-0.641248 -0.0532464 1.31571
-0.637426 -0.0787383 1.14522
-0.635556 -0.0172592 1.14336
-0.637753 -0.034258 1.14593
-0.055747 0.128635 1.45276
-0.0307536 0.118689 1.55417
0.214108 -0.148156 1.49478
0.278271 0.0139584 1.30682
0.274178 0.0544228 1.05312
0.267118 -0.0285744 1.44368
0.296585 0.0298186 1.07557
-0.641661 -0.0796121 1.15282
-0.641974 -0.0163692 1.15194
-0.633228 -0.0341071 1.13936
-0.629014 0.0197738 1.02818
-0.0656959 0.181357 1.4035
-0.630285 -0.0640044 1.08673
-0.0404301 0.194883 1.42488
0.000959756 0.146987 1.41551
-0.623171 0.157898 2.05518
-0.660012 0.0240608 1.56349
-0.648714 -0.0888035 1.58326
-0.620253 0.0482013 1.55275
-0.649327 -0.0616454 2.06887
-0.647887 -0.0711912 1.82845
0.298649 0.0217968 1.08726
0.289193 -0.0637289 1.0188
0.278639 -0.0645083 1.04075
-0.650738 0.169261 1.23451
-0.653784 0.0700691 1.24405
-0.662016 -0.0144924 1.24594
-0.655626 -0.0745082 1.28343
0.275963 0.104965 1.19459
-0.624908 0.000204039 2.56682
-0.774959 -0.180085 2.64923
0.11434 0.191117 1.33508
0.199376 0.175408 1.47933
-0.662944 -0.0796982 1.47675
-0.645476 -0.304985 2.11111
-0.656881 -0.235109 1.83037
0.266238 0.109768 1.00555
0.273424 0.085053 1.42859
0.253572 0.0966891 1.48307
0.222511 -0.31554 2.91756
0.295105 -0.407802 2.92791
0.251914 -0.112638 1.26805
0.0196941 0.121593 1.42941
-0.0525067 0.0859196 1.54025
-0.756199 -0.205853 2.54948
0.286616 0.0016109 1.17364
0.282983 -0.0174012 1.07422
0.223308 -0.0830705 2.46121
0.247475 -0.135085 1.50362
0.28224 0.008214 1.2576
0.287068 -0.0414013 1.20718
0.285372 0.0325289 1.14912
0.07132 0.124415 1.46014
-0.646384 -0.09745 1.38948
-0.625809 0.188006 1.48114
0.256317 -0.0582392 1.30492
-0.0551714 0.108472 1.4717
0.278451 -0.0237772 1.30781
0.280829 -0.0463006 1.33769
-0.633976 0.116121 1.05475
-0.653123 -0.0135674 1.23244
-0.613675 0.0483363 1.53809
-0.284833 0.216211 1.81793
-0.327554 0.211344 1.8509
-0.630302 0.0682365 1.13992
-0.64504 -0.0766256 1.2979
0.2883 -0.0643539 1.01723
0.293074 -0.0244912 1.04151
-0.628044 0.156492 2.06301
-0.609791 0.140069 1.73399
-0.64867 0.0832028 1.96714
-0.653376 0.169262 1.23566
-0.628979 0.12442 1.28974
-0.650421 0.112463 1.24136
-0.678241 -0.0196838 2.31478
-0.647508 0.0166436 1.95095
-0.659009 -0.0611038 2.0864
0.257715 0.161704 1.47314
0.274023 -0.0494333 1.09639
-0.769935 -0.211374 2.58622
-0.684707 -0.256833 1.98129
0.254009 0.107053 2.21801
0.262946 0.15442 1.25999
0.257422 0.113105 1.41924
0.254279 0.0639821 1.49634
0.143001 0.177713 1.33758
0.19578 0.173853 1.47483
0.257906 -0.0946264 1.27668
0.303952 0.0569423 1.34354
0.198727 -0.271516 2.72971
0.267118 -0.0285744 1.44368
0.259756 -0.0534272 1.46223
-0.0499508 0.0850018 1.52985
0.00866897 0.0350027 2.08895
0.251488 0.0382585 2.58025
0.220887 -0.0807833 2.44533
0.265236 0.0264546 1.06219
0.289867 0.00860572 1.28183
-0.646133 -0.0972406 1.3881
-0.629014 0.0197738 1.02818
-0.633599 0.038619 1.36685
-0.655589 -0.234015 1.82637
-0.0741674 0.195199 1.48589
-0.655323 -0.0131294 1.23377
-0.634622 -0.0145536 1.14227
-0.279515 0.221098 1.78285
-0.66868 0.171317 1.25498
-0.63374 0.125163 1.29773
0.269277 -0.0441712 1.08103
-0.636462 0.145075 1.78954
-0.66585 -0.0777693 1.29051
0.249343 0.173311 1.5017
-0.0379773 0.1936 1.39856
0.00355048 0.147298 1.42136
-0.638806 -0.0473226 1.32092
0.268673 0.111443 1.01105
-0.636898 -0.0176013 2.1966
-0.646116 -0.0691737 1.82623
0.294178 0.0075426 1.02753
0.286296 -0.00146918 1.09
0.293865 -0.0245608 1.04302
-0.796917 -0.221151 2.65951
-0.619302 -0.211858 2.04085
0.26292 0.154671 1.25998
0.267388 0.121978 1.23012
0.194109 0.174371 1.47096
0.235806 0.157632 1.63219
0.267077 -0.0520888 1.22442
0.237493 -0.33746 3.0603
-0.309009 0.198691 2.21218
0.255534 0.0790518 1.44568
0.232677 0.0874085 1.41911
0.272156 0.0658932 1.41471
0.254279 0.0639821 1.49634
0.289831 -0.0262825 1.11799
0.287689 -0.0413278 1.2099
0.268602 -0.02835 1.45121
0.250917 -0.0574625 1.48921
-0.0551714 0.108472 1.4717
0.0324189 0.0765192 1.81269
0.239017 -0.0733045 1.32885
0.135524 0.126003 1.72612
0.0769309 0.12595 1.48578
0.240598 0.004813 1.17201
0.223078 0.00123198 1.18863
0.237111 0.0369754 2.46447
0.220887 -0.0807833 2.44533
-0.642022 -0.0726347 1.14274
-0.650179 -0.098171 1.39691
-0.652021 -0.0895547 1.58904
-0.658535 -0.003377 2.5192
0.257686 0.0288602 2.27907
0.116593 0.150803 1.52914
0.11898 0.151588 1.54074
0.259307 0.15726 1.47975
-0.70941 -0.244797 2.14815
-0.650592 -0.0766097 1.26649
0.177486 0.163681 1.40272
0.224259 0.171904 1.79201
0.00368632 0.1349 1.57927
-0.685133 -0.0621655 2.14755
-0.644589 -0.0687824 1.8277
0.288421 -0.00177792 1.09555
-0.669563 0.0780675 1.23246
0.242585 -0.126694 1.525
0.277657 -0.0288278 1.47819
0.261343 0.101971 2.27703
0.237493 -0.33746 3.0603
-1.19127 -0.526759 4.10815
0.280729 0.0329284 1.05863
-0.627616 -0.0579154 1.42351
0.276243 -0.0254843 1.08465
0.257285 0.0811595 1.45387
0.251514 0.0932221 1.47973
0.249829 0.0633765 1.48028
-0.0521206 0.0969979 1.40143
0.0304993 0.0742091 1.77067
0.265979 -0.0525373 1.22375
0.254283 -0.0569574 1.29904
0.264828 -0.0716032 1.22403
0.256632 -0.0956144 1.27425
0.105648 0.107083 1.47118
0.0967586 0.0652485 1.43943
0.0567846 0.0389833 1.38432
0.245318 0.03819 2.53038
0.180814 -0.0681805 2.12605
0.293199 0.00853056 1.30207
-0.636074 -0.0337291 1.14306
-0.647687 -0.0932967 1.20998
-0.646997 -0.0968796 1.39314
-0.630189 0.0491417 1.56147
-0.335771 0.218718 1.91859
0.248915 0.0273667 2.22364
-0.0755087 0.190007 1.46703
0.27043 -0.0623971 1.02625
0.256413 0.140823 1.21944
