0.292954 -0.404542 2.89998
0.403982 -0.505514 3.36345
-0.669817 -0.228114 2.08094
-0.634228 0.0678136 1.14269
-1.3529 -0.708802 4.84098
-0.00817454 0.192158 1.30739
0.292891 0.00149229 1.18749
0.268257 -0.071273 1.23889
0.196796 0.173503 1.45357
0.241839 0.0623115 1.46076
0.254585 0.177563 1.84284
0.256576 -0.0934424 1.215
0.250154 -0.0888006 1.4913
0.289224 0.00956346 1.27336
-0.00181067 0.153231 1.44293
0.243981 0.0228684 2.17385
-0.652225 0.0953155 2.26562
-0.646963 0.0888108 1.95358
-0.644569 0.193821 1.52189
-0.658141 -0.00987728 2.50572
-0.631569 -0.00511539 1.79486
-0.629108 0.121383 1.13117
-0.654236 -0.0860462 1.27962
-0.649234 -0.169564 1.24175
-0.633127 -0.0172776 1.13932
0.284454 -0.0253219 1.10384
0.268533 -0.0385969 1.07444
0.270034 0.110528 1.41287
0.268348 0.0829787 1.4147
0.222229 -0.328464 2.80042
0.147603 0.17951 1.34662
0.257426 -0.14167 1.35845
0.288058 0.0013668 1.17763
0.254861 0.147633 1.65694
0.275125 0.0830181 1.25701
0.279883 0.0370396 1.45848
0.256437 0.0547071 1.49184
0.250149 0.170373 1.47397
0.260633 0.159804 1.46875
0.262667 0.137494 1.13645
0.25887 0.117024 1.43141
0.255828 0.100778 1.43738
-0.056248 0.0884401 1.54191
0.272064 0.0786882 1.16003
0.272665 -0.0443633 1.26521
0.258248 -0.0543242 1.45884
0.224204 -0.152388 1.53297
0.248046 -0.0875385 1.48348
0.241003 -0.112541 1.35616
0.261106 0.152128 1.21817
0.259897 0.121411 1.26485
0.259975 0.150999 1.29759
0.276018 -0.0675241 1.0431
0.287175 -0.017883 1.08178
0.0676883 0.190275 1.29978
0.0456931 0.139643 1.42057
-0.0288588 0.115504 1.51162
-0.0569586 0.141004 1.48179
0.290947 -0.404338 2.89186
-0.617341 0.228477 2.25824
-0.629637 0.0492798 1.57941
-0.649729 0.0338101 1.95358
-1.13822 -0.592129 4.14262
-0.669378 -0.0226447 2.28461
-0.602083 -0.0216323 2.72727
-0.649309 -0.243108 1.60639
-0.649309 -0.243108 1.60639
-0.644352 -0.0727358 1.81625
-0.654646 0.0908319 1.26417
-0.6602 0.0414335 1.28427
-0.651907 0.0225329 1.47174
-0.641579 0.187803 1.24739
-0.6481 0.130008 1.2569
-0.629301 0.0820186 1.13787
-0.628415 0.178161 1.13881
-0.627344 0.120236 1.12891
-0.617333 0.116599 1.08405
-0.672603 -0.0893145 1.30309
-0.660648 -0.172015 1.28604
-0.660136 -0.014402 1.24547
-0.651461 -0.0743586 1.46482
-0.640469 -0.0868968 1.14791
-0.627762 -0.051643 1.08398
-0.631105 -0.00944691 1.088
-0.638975 -0.0338201 1.14675
-0.651036 -0.0986354 1.39561
-0.649017 0.0702877 1.23658
-0.660981 0.0736854 1.22498
0.247168 0.063189 1.47531
0.25616 0.0539531 1.495
0.225324 -0.320732 2.9848
0.256376 0.174945 1.56775
0.237552 -0.0647978 3.03234
0.258751 0.156423 1.82836
0.25618 0.168293 1.93407
0.252119 0.171587 1.4839
0.29028 0.00135292 1.18224
0.275928 0.0283259 1.28686
0.485384 -0.544295 3.65971
0.249427 -0.112371 1.25823
0.270671 -0.126181 1.2555
0.257683 -0.132832 1.28113
0.0851615 0.0778554 1.54319
0.25108 -0.0361025 1.48656
0.26063 -0.0543022 1.4658
0.220943 -0.174209 1.4752
0.211683 -0.176486 1.49775
0.275498 0.0544047 1.0559
-0.0583655 0.0936136 1.6307
0.277415 0.0773465 1.12933
0.256778 -0.0772978 1.46876
0.271311 -0.0238172 1.28493
0.27244 -0.0202121 1.29086
-0.872375 -0.427604 3.78616
0.2562 0.0983541 1.49225
0.298636 0.0859799 1.41169
0.26335 0.154976 1.34237
0.272349 -0.0533923 1.23619
0.276681 -0.0859194 1.1426
0.279269 -0.0536561 1.05327
0.270415 -0.0880439 1.11671
0.289233 0.00923773 1.2746
0.28843 -0.0419992 1.20912
0.30272 -0.00104417 1.13499
0.281884 -0.0236815 1.10763
0.24551 -0.097393 1.50678
0.246475 -0.134396 1.49687
0.0170973 0.122689 1.46396
0.254873 0.107548 2.21858
0.0872459 0.154535 1.43538
0.0492677 0.147551 1.47615
0.111808 0.188808 1.3179
-0.0391945 0.194027 1.42258
-0.0663417 0.19462 1.47437
0.201365 -0.172589 1.53364
0.240274 -0.0928102 2.60765
-0.633333 0.189744 2.72185
-0.629969 0.232064 2.29738
-0.340386 0.217718 1.89566
-0.628577 0.0481717 1.57424
-0.643674 0.164849 2.10969
-0.740849 -0.20044 2.5062
-0.663883 -0.010171 2.52669
-0.662798 -0.319827 2.15643
-0.657464 -0.235604 1.8302
-0.651196 -0.0888346 1.5924
-0.6426 -0.0621017 2.05529
-0.636475 0.0228036 1.37978
-0.649801 0.130672 1.25899
-0.624525 0.18634 1.43514
-0.63236 0.081179 1.14164
-0.628379 0.164559 1.13764
-0.617293 0.115907 1.08364
-0.655209 -0.16985 1.27752
-0.654648 -0.170785 1.2492
-0.645784 -0.0280402 1.29747
-0.659543 -0.0146374 1.24351
-0.638633 -0.0457116 1.31078
-0.640332 -0.0469125 1.32829
-0.636425 -0.0791361 1.14286
-0.630126 -0.050717 1.08608
-0.633127 -0.0172776 1.13932
0.247168 0.063189 1.47531
0.294722 0.0475077 1.17657
0.289525 0.0342018 1.07649
0.270423 0.0196544 1.0631
0.391939 -0.447108 3.07256
0.246329 0.126275 2.00411
0.223027 -0.0500604 3.22387
0.0129492 0.0437441 2.35988
0.27333 0.075353 1.10032
0.278307 0.0546852 1.06029
0.260706 0.136674 1.13272
0.264724 0.108222 1.38665
0.292708 0.0427237 1.3859
0.242132 0.165806 1.45437
0.199475 0.175111 1.47248
0.264094 -0.0513652 1.21622
0.280397 -0.0241078 1.24866
0.285866 -0.0177706 1.07955
0.284329 -0.0258927 1.10285
0.256097 -0.0916295 1.27053
0.259628 -0.11533 1.3026
0.251629 -0.105854 1.29989
0.272119 -0.0291008 1.45993
0.0708021 0.124382 1.46841
0.0144359 0.141948 1.42757
0.113734 0.190387 1.32972
-0.0559753 0.129208 1.45799
-0.189188 0.206497 1.62534
-0.0659041 0.192514 1.46096
-0.000581418 0.148695 1.42345
0.29006 -0.400836 2.88163
0.248455 0.0241634 2.20227
-0.632189 0.160601 2.07752
-0.634344 0.147852 1.79709
-0.637295 0.0841778 1.93447
-1.15465 -0.546309 4.40872
-1.13854 -0.558151 4.22266
-1.39431 -0.729275 4.8577
-0.647963 -0.00702347 2.48279
-0.67844 -0.0221665 2.31265
-0.770875 -0.178927 2.63528
-0.620182 -0.0223092 2.8027
-0.642558 -0.218626 2.0023
-0.676005 -0.32496 2.19762
-0.666537 -0.238242 1.85389
-0.655771 -0.0736133 1.84483
-0.656295 0.0407679 1.2773
-0.656231 0.0304545 1.26439
-0.637853 0.0372099 1.37323
-0.650493 0.170913 1.23582
-0.657391 0.114703 1.24993
-0.631807 0.0153652 1.02591
-0.633377 0.0813259 1.14361
-0.633174 0.118218 1.07712
-0.662493 -0.0892469 1.28806
-0.648369 -0.0283602 1.30026
-0.66654 -0.0142367 1.25214
-0.640797 -0.0532079 1.31471
-0.641315 -0.0468578 1.32857
-0.635322 -0.0172588 1.14271
-0.636192 -0.033729 1.14368
-0.625728 0.163791 1.1339
0.296049 -0.0469381 1.37842
0.212982 -0.147391 1.48782
0.283754 0.0696947 3.40738
0.250407 -0.0578953 1.28886
0.253832 -0.0780685 1.305
0.291924 0.0146377 1.34613
0.27522 -0.0116513 1.29938
0.0010357 0.148534 1.42734
-0.630513 0.115586 1.04978
-0.636434 -0.0785736 1.14351
-0.626026 -0.0103636 1.08168
-0.628577 0.0481717 1.57424
-0.650734 -0.0616631 2.07261
-0.644357 -0.0708372 1.81907
-0.632087 0.160035 2.08069
-0.5981 0.138353 1.70838
-0.657259 0.0743707 1.21896
-0.653504 -0.0901056 1.59537
-0.065835 0.181662 1.40507
-0.0559165 0.129088 1.45667
0.251799 -0.0642869 1.49702
-0.62778 0.0492152 1.07378
-0.621969 0.0320737 1.08215
-0.630225 0.0197414 1.02966
-0.64979 0.16907 1.23277
-0.633772 0.126451 1.29707
-0.660258 -0.0141672 1.24288
-0.650847 0.0699148 1.23942
0.264466 0.139094 1.14322
0.273939 -0.0496966 1.09498
0.142089 0.177718 1.33199
0.117451 0.157043 1.55097
-0.770875 -0.178927 2.63528
0.263787 0.155398 1.26099
-0.660789 -0.224138 2.04212
-0.644675 -0.304453 2.10816
-0.656517 -0.234931 1.82922
-0.641198 0.0200061 1.3864
0.267738 0.0834833 1.40799
0.300344 0.0568816 1.33369
0.270665 0.0345 1.42528
0.272412 -0.109421 1.20059
0.256682 0.161217 1.46808
0.198075 0.174463 1.47111
0.193864 0.122191 1.45506
0.222402 -0.315602 2.91743
-0.761107 -0.207004 2.5648
-1.42308 -0.7427 4.96107
0.118574 0.115251 1.60241
0.245975 0.103747 2.15845
0.288831 0.00159516 1.17908
0.238517 0.00272389 1.16982
0.286757 -0.0413274 1.20574
0.256882 -0.0778239 1.46912
0.230774 -0.126454 1.43757
0.282858 -0.0174713 1.07324
0.288469 -0.0259569 1.11507
0.0721918 0.125651 1.47328
-0.0291367 0.109271 1.4496
-0.0573424 0.109473 1.45579
0.0095545 0.0379966 2.23735
0.271522 0.0735258 1.07392
0.25645 -0.114826 1.29427
0.224086 -0.0835464 2.46946
-0.636118 -0.0341558 1.14322
-0.629405 -0.0639756 1.08529
-0.64346 -0.0970206 1.38364
-0.617375 0.185543 1.46466
0.267458 -0.0286533 1.44501
0.282105 -0.0457347 1.34072
0.164732 0.133661 1.68241
-0.641225 -0.016339 1.15059
-0.632873 -0.0340176 1.13856
-0.631631 0.0386414 1.36351
-0.649319 -0.0889066 1.58441
-0.654681 -0.092193 1.22235
-0.637473 -0.0790735 1.14655
-0.630731 0.115783 1.06322
-0.624641 0.000330867 2.56546
-0.671551 -0.0194308 2.29287
0.258309 0.0289572 2.28375
0.248199 -0.0584591 1.47681
-0.650125 -0.0750005 1.27262
-0.632015 0.0685919 1.14191
0.142015 0.176564 1.32968
-0.644784 0.0164582 1.94293
-0.602061 0.138235 1.71464
-0.654009 0.0808232 1.97379
-0.038185 0.194859 1.40624
-0.074214 0.195361 1.48669
-0.0295942 0.123363 1.4209
0.263703 0.15488 1.2623
0.253566 0.166362 1.3568
-0.652909 0.169186 1.23462
-0.627139 0.124202 1.28633
-0.648358 0.11227 1.238
-0.657509 -0.222608 2.02416
-0.680354 -0.255288 1.96947
-0.606744 0.0195895 1.3325
-0.703717 -0.0740273 1.58033
0.257721 0.113284 1.42038
-0.761107 -0.207004 2.5648
0.204251 -0.278367 2.79789
0.253419 0.0963226 1.48172
0.249171 0.171369 1.48665
0.24013 -0.0949041 1.48141
0.246883 -0.134799 1.50032
0.211377 -0.146027 1.473
0.285893 -0.0258595 1.10755
0.286757 -0.0413274 1.20574
-0.0304439 0.117114 1.53853
0.257548 -0.0947027 1.27508
0.24962 0.0389031 2.57129
-0.64428 -0.0969987 1.38438
0.223452 -0.0820585 2.47169
0.104823 0.0982653 1.4908
0.277716 -0.0234561 1.3048
-0.655136 -0.00334384 2.50634
-0.691709 -0.0197347 2.37334
-0.265978 0.21034 1.70186
-0.281694 0.213599 1.79793
-0.32788 0.211693 1.85304
-0.648397 -0.0134042 1.22496
-0.633166 -0.0145076 1.13987
0.219285 0.164958 1.74929
0.116267 0.150122 1.52429
-0.651898 -0.0601845 2.06498
-0.643663 -0.068719 1.81951
-0.631798 0.124764 1.29406
0.257817 0.126596 1.30162
0.255977 0.109531 1.40292
-0.651117 -0.0767042 1.26726
-0.629762 0.156586 2.06719
-0.625582 0.142406 1.76272
-0.654009 0.0808232 1.97379
-0.63134 0.0711455 1.14351
-0.639674 -0.0474495 1.32249
0.254086 0.0638194 1.49501
-0.05512 0.128053 1.44668
-0.706641 -0.241134 2.14737
-0.316164 0.203058 2.25899
0.253424 0.0386661 2.59859
0.253974 -0.0871031 2.52078
0.25496 0.0785099 1.44254
0.271709 0.0655645 1.41236
0.0322128 0.078395 1.84845
-0.76646 -0.210385 2.57477
0.243588 0.170011 1.47691
0.194861 0.173144 1.46874
0.244676 0.162624 1.67758
0.242428 -0.344223 3.12016
0.290403 0.00810587 1.29143
0.280985 -0.0240271 1.25327
0.2538 0.106493 2.21575
-0.0322139 0.112457 1.51074
-0.0569902 0.112624 1.51848
0.256317 -0.058273 1.30465
0.222555 0.000950282 1.18621
0.267458 -0.0286533 1.44501
-0.649964 -0.0892925 1.58429
0.273797 -0.049498 1.09537
-0.651117 -0.0767042 1.26726
0.244945 -0.0908481 1.49986
0.243713 -0.126995 1.53034
0.286834 -0.0411386 1.20679
0.267611 -0.0522153 1.22615
0.263986 -0.0714458 1.22064
0.20668 -0.319577 3.43817
-0.0786405 0.198732 1.52664
-0.0313878 0.122666 1.40678
0.250551 0.092783 1.47455
0.250627 0.0633582 1.48381
0.222122 0.169573 1.77493
0.118282 0.150026 1.53082
0.250592 0.079159 1.4253
0.194294 0.174523 1.47187
-1.19866 -0.529967 4.13483
-0.624871 -0.0583279 1.41789
0.241252 0.0046479 1.17404
0.266333 -0.0225596 1.27323
0.0335054 0.0788698 1.85909
-0.0569902 0.112624 1.51848
0.109748 0.110583 1.50943
0.233274 -0.000277344 1.21334
0.0558792 0.00832136 1.49903
0.223452 -0.0820585 2.47169
-0.65361 -0.0940326 1.21901
-0.651343 -0.0983584 1.39883
-0.689125 -0.0623275 2.15906
-0.715941 -0.246678 2.16557
-0.691709 -0.0197347 2.37334
-0.628905 0.0492735 1.55847
-0.334692 0.218131 1.91313
0.0767501 0.125896 1.48336
0.258466 0.156608 1.47519
0.266045 0.121434 1.22473
