-0.64519 0.0983497 1.25116
-0.631886 0.0676229 1.13885
-0.00180906 0.152184 1.43501
0.27943 0.0320253 1.44063
0.0680036 0.190318 1.29951
-0.00820401 0.19008 1.29631
-0.624474 0.049585 1.07
0.149442 0.181461 1.35513
0.250378 0.17486 1.81966
-0.0712344 0.13025 1.49796
0.120405 0.183933 1.36258
-0.653971 -0.0883808 1.22101
0.29258 0.00175819 1.18514
0.196206 0.17301 1.44914
0.248289 0.0964011 1.4581
0.114617 0.149043 1.51261
-0.624346 0.189529 2.68409
-0.650061 0.0892913 1.96139
-0.640382 0.192601 1.51338
-0.443292 0.20951 1.43053
-0.651734 -0.244074 1.61136
-0.663977 -0.226313 2.065
-0.648934 0.0336925 1.95104
-0.652218 0.0310369 1.25781
-0.617597 0.183956 1.42334
-0.626587 0.0186211 1.02686
-0.658035 -0.0865714 1.28393
0.288163 0.00143683 1.17663
0.26941 0.110094 1.40907
0.140419 0.179134 1.3335
0.268329 -0.385741 2.85997
0.445258 -0.499169 3.39965
0.289328 -0.399718 2.86629
0.258847 0.158664 1.46046
0.24688 0.168352 1.45998
0.248772 0.135918 1.43068
0.253938 0.0543632 1.47988
0.266531 0.0787005 1.31955
0.272514 -0.0444188 1.26318
0.263453 -0.0674696 1.21392
0.26506 -0.0705314 1.22895
-0.652253 0.0905071 1.25999
-0.64965 0.0741252 1.24271
-1.36739 -0.716164 4.89803
0.244656 -0.0964034 1.50104
0.255596 0.167552 1.92493
0.193769 0.152507 1.85231
0.249469 0.117715 1.95957
0.236384 -0.109765 1.33918
0.254518 -0.140414 1.34773
-0.0565587 0.0895423 1.55799
-1.23142 -0.600285 4.55642
0.24504 -0.133636 1.48883
0.2749 -0.0264433 1.29094
0.243415 -0.0622436 1.27826
0.256195 -0.10393 1.34424
-1.12962 -0.537611 4.67592
0.265938 0.156789 1.26903
0.260836 0.136466 1.13036
0.248324 0.167212 1.40821
0.260848 -0.0948445 1.22439
0.265734 -0.0894329 1.19438
0.248028 0.105694 2.1601
0.0454621 0.138991 1.41468
0.111301 0.187635 1.31194
-0.069557 0.19143 1.49371
-0.0570062 0.141418 1.48474
0.244304 0.0225798 2.17477
0.241891 0.034094 2.48062
-0.616853 0.228175 2.25618
-0.642781 0.164715 2.10686
-0.663983 0.105533 2.75437
-0.631465 0.0492871 1.58261
-0.633383 0.14873 1.7951
-1.25922 -0.799698 5.34667
-0.657243 -0.0101694 2.50251
-0.670469 -0.0227773 2.2877
-0.60275 -0.0219757 2.73028
-0.697779 -0.257751 2.02714
-0.639428 -0.00523404 1.81485
-0.644581 -0.0728346 1.8165
-0.633232 0.0366555 1.36435
-0.643959 0.129189 1.25009
-0.626157 0.0815066 1.13295
-0.628016 0.120926 1.12879
-0.661031 -0.172115 1.28595
-0.643593 -0.0279499 1.29328
-0.658534 -0.0146066 1.24133
-0.64954 -0.0741481 1.4606
-0.636556 -0.0795346 1.14202
-0.628029 -0.0515886 1.08339
-0.633022 -0.0175604 1.1385
-0.637278 -0.033647 1.14372
-0.639455 -0.0967469 1.37662
-0.61563 0.116182 1.0811
0.232521 -0.094098 2.21308
0.282241 -0.0239268 1.24989
0.257713 -0.054229 1.45533
0.250855 0.096374 2.76496
0.413151 -0.471917 3.21551
0.288425 -0.400668 2.8671
0.257409 0.168055 1.60685
0.258874 0.0366609 1.21741
-0.0287549 0.115424 1.51042
-0.0575686 0.0921459 1.60969
-1.08469 -0.47502 3.77286
0.260044 0.117395 1.43394
0.240659 -0.112386 1.35342
0.258409 -0.0800888 1.26032
0.0702397 0.123467 1.45872
0.146486 0.0492607 0.979162
0.240967 -0.139057 1.51508
0.221432 -0.150833 1.51881
0.262476 -0.116099 1.30883
0.274366 -0.0204029 1.29445
0.279511 -0.041173 1.32922
0.256038 0.1479 1.65974
0.254546 0.156202 1.77276
0.26771 0.0826916 1.41096
0.254624 0.0537519 1.48689
0.253332 0.170316 1.4261
0.272382 -0.0535003 1.23534
0.290233 0.00133478 1.18078
0.217029 -0.111475 1.61845
0.2005 -0.172129 1.52782
0.24504 -0.133636 1.48883
0.0596537 0.119893 1.45311
0.016802 0.121373 1.45049
0.00152263 0.028297 1.5775
-0.0670583 0.19793 1.49268
0.221608 -0.32792 2.79324
-0.630582 0.160342 2.07266
-0.638907 0.191413 2.74391
-0.338864 0.216717 1.88749
-0.629187 0.0481834 1.57498
-0.633614 0.189621 1.49941
-1.39743 -0.731586 4.86971
-0.668892 -0.322831 2.17386
-0.661658 -0.0103538 2.51864
-0.642743 -0.0622122 2.05554
-0.703212 -0.259365 2.03978
-0.658219 -0.235902 1.83144
-0.649439 -0.0886792 1.58818
-0.704985 -0.0759099 1.58652
-0.654779 0.041056 1.27526
-0.636708 0.0225715 1.3794
-0.648672 0.170414 1.23247
-0.621533 0.0244 1.08007
-0.628451 0.0806732 1.13573
-0.625726 0.163789 1.1334
-0.622975 0.119375 1.1228
-0.65822 -0.0872875 1.28236
-0.651606 -0.0878357 1.24526
-0.657964 -0.0143797 1.24153
-0.638198 -0.0530451 1.30964
-0.650023 0.022354 1.46752
-0.653657 -0.0802263 1.45802
-0.634779 -0.0789 1.13989
-0.625472 0.00405346 1.08132
-0.633022 -0.0175604 1.1385
-0.626367 0.186738 1.43777
0.115029 0.106534 1.4507
0.245128 0.126141 1.99509
0.236565 -0.0913983 2.57004
0.257999 -0.0806057 1.25697
0.250232 -0.0770782 1.29219
0.0143992 0.0463671 2.49774
0.220118 -0.313562 2.92102
0.249923 -0.0359667 1.48016
0.258842 -0.0540333 1.45705
0.249851 -0.0600464 1.49676
0.234919 0.124936 2.27076
0.263981 0.0817609 1.25035
0.25416 0.166804 1.91993
0.255479 -0.0769899 1.46202
0.243927 -0.0967299 1.49806
0.289479 0.00936623 1.27473
0.234736 -0.0639761 2.99758
0.216456 -0.0485707 3.13923
0.218972 -0.140353 1.47941
0.217542 -0.130033 1.48619
0.277781 -0.0118801 1.30464
0.253867 -0.0931557 1.2632
0.249765 -0.105044 1.29176
0.264091 0.155513 1.26128
0.26185 0.154127 1.33567
0.21915 0.131944 1.55134
0.26764 0.109153 1.39628
0.253738 0.0975371 1.48006
0.245387 0.0625306 1.46555
0.249291 0.169738 1.47137
0.256899 0.125726 1.41024
0.272159 -0.0847443 1.13102
0.282372 -0.0035444 1.24127
0.287397 -0.0418091 1.205
0.248083 -0.107755 1.32792
-0.00360447 0.0783508 1.82
0.251404 0.105935 2.19064
0.0140663 0.140342 1.41335
0.120199 0.180205 1.34757
-0.38275 0.254192 2.89381
-0.0655923 0.191561 1.45421
-0.0559909 0.129303 1.45763
0.221915 -0.328822 2.75833
0.33254 -0.339695 2.55196
0.246944 0.023698 2.18947
-0.632948 0.23327 2.30705
-0.62997 0.146777 1.78597
-0.655984 0.0370005 1.97718
-1.16669 -0.552766 4.45755
-0.7413 -0.200793 2.50758
-0.672373 -0.323099 2.18599
-0.678757 -0.0222383 2.31346
-0.60275 -0.0219757 2.73028
-1.13003 -0.3482 4.60147
-0.643377 -0.219084 2.00568
-0.661671 -0.236254 1.84083
-0.651085 -0.0897323 1.58966
-0.654838 -0.0734686 1.84204
-0.654675 0.030317 1.2614
-0.637139 0.0372823 1.37152
-0.647322 0.130167 1.25461
-0.656922 0.0735837 1.21873
-0.628686 0.0805948 1.13663
-0.626742 0.114663 1.04415
-0.616353 0.115792 1.08182
-0.661775 -0.0141931 1.24484
-0.636836 0.0181229 1.37774
-0.639411 -0.0468941 1.32615
-0.6357 -0.0785115 1.14187
-0.625978 -0.0105359 1.08082
-0.629261 -0.050654 1.08418
-0.187907 0.205234 1.61627
0.270599 0.0833026 1.26666
0.256791 -0.0776868 1.46725
0.0108782 0.0411565 2.39916
0.255152 -0.0915633 1.26625
0.257565 -0.114504 1.29452
-0.630021 0.117705 1.07241
-0.635077 -0.0171252 1.14164
-0.634023 -0.033611 1.13992
-0.647283 -0.0614053 2.0622
-0.64334 -0.0708409 1.81615
-0.629231 0.159319 2.07199
-0.170893 0.202573 1.56174
-0.629187 0.0481834 1.57498
-0.603514 0.139685 1.72123
-0.6421 0.0847053 1.94679
0.0573084 0.119763 1.43833
-0.0273636 0.127247 1.45294
0.071906 0.124961 1.46682
-0.620085 0.0320723 1.07896
-0.655224 0.0743167 1.21545
-0.65741 -0.0748141 1.2856
-0.654581 -0.0894295 1.25152
-0.693719 -0.259763 2.00968
-0.656337 -0.234884 1.82844
-0.0660378 0.182166 1.40759
-0.0555164 0.127996 1.44571
-0.633038 0.126553 1.29528
-0.648358 0.113077 1.23714
-0.647093 -0.00719575 2.47963
0.289927 -0.400723 2.87925
0.252727 0.165616 1.34972
0.242959 0.166202 1.45605
0.258762 0.165235 1.47277
0.288511 0.00169796 1.17694
0.27874 -0.0239553 1.2421
0.225903 -0.0844772 2.48623
0.198721 0.174569 1.46729
-0.638621 0.017937 1.38066
-0.656407 -0.0785092 1.46188
-0.672576 -0.204235 2.21076
-0.64921 -0.306346 2.12117
0.230376 0.0865901 1.40452
0.269654 0.0339577 1.42007
0.245387 0.0625306 1.46555
-1.24723 -0.792062 5.2896
0.277013 -0.0547257 1.24698
0.249109 -0.0575302 1.28314
-0.0573244 0.109577 1.45617
0.245168 -0.133752 1.49056
0.228418 -0.0627145 2.96454
-0.628556 -0.0638513 1.08341
-0.642355 -0.0968538 1.38115
-0.620829 0.118592 1.1193
-0.62207 0.186957 1.47289
0.242165 0.011453 1.20277
0.240687 0.0028926 1.17429
0.281409 -0.0452266 1.33688
-0.600924 0.138096 1.71149
-0.668224 0.040773 2.00426
-0.641634 -0.0966664 1.37899
-0.640197 -0.0162257 1.14855
-0.634592 -0.0340756 1.14044
-0.328139 0.211905 1.85446
-0.646178 -0.0884084 1.57709
-0.682847 -0.256335 1.97594
-0.650191 0.0166708 1.95813
0.255566 0.148644 1.28273
-0.65692 -0.0138955 1.23712
-0.649021 0.0696909 1.23604
0.0197987 0.121525 1.42763
-0.65908 -0.00364306 2.52079
-0.669473 -0.0193127 2.28586
-0.628387 0.0796055 1.13625
-0.642841 -0.0751039 1.29304
-0.645756 -0.0879971 1.23778
-0.633886 -0.0228769 2.88485
-0.644335 0.167574 1.22413
-0.626248 0.124143 1.28434
0.287028 -0.0413124 1.20545
-0.608733 0.0177396 1.33426
-0.699985 -0.0734509 1.57242
0.196575 0.173327 1.46136
0.256815 0.161219 1.46748
0.209837 -0.284663 2.86063
0.221705 -0.314472 2.90684
-0.758673 -0.208275 2.54958
0.265601 0.0830307 1.39918
0.268153 0.0629747 1.40927
0.30539 0.0578009 1.34528
0.267819 -0.0268532 1.44319
0.247001 0.104066 2.16518
0.232192 -0.126946 1.44361
0.267565 -0.0226785 1.27504
-0.62356 0.0230213 1.08204
-0.65841 0.199666 1.53412
0.26978 -0.0226011 1.28208
0.017739 0.0162928 1.29159
-0.632068 0.0389511 1.36394
-0.648038 -0.0599222 2.05339
-0.0298432 0.124554 1.42829
-0.642639 -0.0962849 1.38427
-0.074907 0.197573 1.50091
-0.645687 -0.01331 1.22024
-0.630953 -0.0144034 1.13608
-0.631606 -0.0339477 1.13612
-0.0301082 0.11526 1.51914
0.00244341 0.0162435 1.06264
-0.000699305 0.0728033 1.85808
-0.643924 -0.0487091 1.32685
-0.63252 0.144307 1.77914
-0.659365 0.0813972 1.9876
-0.63718 -0.0777655 2.11558
-0.651016 -0.0917326 1.21582
-0.646401 -0.074542 1.26622
0.281625 -0.0402795 1.19444
-0.630442 0.124552 1.29126
-0.649755 0.112376 1.23918
0.306596 -0.291892 2.66599
0.286477 0.0412459 1.36376
0.115712 0.148906 1.51601
0.192951 0.171728 1.45635
0.227662 0.170551 1.79149
0.24838 0.115555 1.18124
0.266688 -0.028545 1.44075
0.216551 -0.335279 3.60202
0.24283 -0.344583 3.12051
0.248633 0.17118 1.48389
0.256996 0.112919 1.41627
0.277042 0.0128539 1.1911
0.224953 0.0036373 1.13599
0.281202 -0.0232416 1.2479
-0.755059 -0.205558 2.54538
-1.02222 -0.310571 4.1724
0.254016 0.0281216 2.2491
0.245259 0.0380262 2.52918
0.226123 -0.083423 2.4968
0.121383 0.12431 1.89157
0.252604 0.0959486 1.47687
0.249792 0.0629798 1.47488
0.27343 -0.0443466 1.26691
0.255487 -0.0581319 1.30048
0.256836 -0.0946948 1.27168
-0.330451 0.211996 2.35432
-0.0561894 0.110746 1.49521
0.220096 0.00229758 1.17896
-0.639012 -0.216481 1.97245
-0.646275 -0.0887866 1.57576
-0.627948 0.0492213 1.55593
-0.631743 0.157186 2.07272
0.117844 0.148937 1.52381
0.0757738 0.124921 1.47037
-0.279724 0.220941 1.78132
-0.330802 0.215423 1.89136
0.266688 -0.028545 1.44075
-0.649418 -0.0933285 1.21193
0.00385624 0.14599 1.41355
-0.0309372 0.122327 1.40894
-0.640645 -0.0754134 1.29143
-0.652158 -0.0767737 1.26863
-0.691466 -0.0195549 2.37195
-0.646072 0.11227 1.23509
-0.624347 0.075976 1.13568
-0.647387 -0.0975886 1.39105
0.28536 -0.0409179 1.20136
0.267979 -0.0523253 1.22682
0.22 0.167858 1.7592
-0.0545427 0.126544 1.43083
0.297114 0.056689 1.32512
0.271112 0.0644452 1.40888
0.256728 0.155636 1.46632
0.251317 0.163667 1.5149
0.256973 0.110085 1.40738
0.281302 0.0116029 1.19834
0.286087 0.00773145 1.27534
0.277494 -0.0234789 1.24131
0.19883 -0.274129 2.76763
0.249303 0.0919143 1.46736
0.249716 0.062832 1.47837
0.249495 0.0379969 2.56076
0.226123 -0.083423 2.4968
0.242645 -0.0864848 1.48385
0.241917 -0.125631 1.51944
0.194611 0.108371 2.04374
0.254697 0.106405 2.22117
-0.0561894 0.110746 1.49521
0.228427 -0.000328858 1.19787
0.277065 -0.0232693 1.30128
-0.637885 -0.0476134 1.3189
-0.645224 -0.0687788 1.82318
-0.71546 -0.246355 2.16353
-0.0319157 0.111632 1.50476
0.252928 0.124583 1.28465
