-0.0156477 0.0867024 1.50129
0.261801 -0.375766 2.7913
-0.00167314 0.15074 1.42148
0.259178 -0.0941782 1.21516
-0.0390744 0.188393 1.38938
0.255627 0.150853 1.31585
-0.645345 0.0985133 1.24844
0.230684 0.105196 1.73769
0.26976 -0.0448757 1.43266
0.278293 0.0319984 1.43159
0.242568 0.101966 1.58244
0.117402 0.154009 1.53135
0.045514 0.138601 1.40658
-0.0692151 0.190502 1.48369
-0.616964 0.184021 1.41985
-0.676513 -0.0231921 2.30632
-0.606068 -0.0220517 2.74482
-0.633849 0.16622 1.13883
-0.631767 -0.0182109 1.13416
-0.647082 0.0307465 1.24832
0.255849 0.159535 1.36545
-0.0280957 0.111638 1.46913
-0.61554 0.0322331 1.07144
-0.0704659 0.129007 1.48043
0.268829 -0.0119485 1.38873
-0.644378 0.089525 1.24685
-0.643326 0.0698281 1.22559
0.218357 -0.322849 2.7515
0.285947 -0.394518 2.8306
0.249379 0.167279 1.40544
0.230838 0.104217 1.73847
0.250804 0.0544918 1.46179
0.262437 -0.0428279 1.23512
0.247647 0.11655 1.94245
0.237943 0.0334002 2.44115
-0.0395451 0.0791371 1.67607
0.245941 0.104523 2.13938
0.262724 -0.0699356 1.21812
-0.0554501 0.0876039 1.52716
-1.43743 -0.753828 5.13934
0.2559 -0.0533118 1.44111
-0.648974 0.021903 1.43588
0.265819 0.0781822 1.31221
0.379393 -0.428565 2.98839
0.247869 0.0958621 1.45043
0.24856 0.0671566 1.4094
0.213063 -0.14615 1.47977
0.262828 -0.0416232 1.36174
0.245535 -0.0867018 1.46693
0.246389 -0.101634 1.47587
-1.23642 -0.60322 4.5756
0.258256 0.150034 1.28594
0.264114 0.155464 1.259
0.25881 0.120489 1.25524
0.14562 0.176823 1.32226
0.119529 0.182203 1.35065
0.194746 0.171615 1.4372
0.255276 0.156444 1.44261
0.269304 -0.0813933 1.24195
0.218326 -0.105983 1.76739
0.24492 0.00570684 1.61516
0.0982051 0.124127 1.44905
-0.180321 0.202469 1.59489
0.242055 0.0221684 2.15322
-0.619057 0.229326 2.26302
-0.6363 0.163108 2.0871
-0.652366 0.0953757 2.26519
-0.630363 0.0493282 1.57873
-0.630649 0.148255 1.78722
-0.646956 0.0887767 1.95205
-0.74165 -0.233804 2.40554
-1.27855 -0.812678 5.42854
-0.656472 -0.00998092 2.49951
-0.66351 -0.0635771 2.11633
-0.646946 -0.232454 1.80431
-0.698699 -0.0749708 1.57502
-0.646509 0.0336031 1.94364
-0.644195 -0.0727788 1.81465
-0.651239 0.0409403 1.268
-0.631345 0.036597 1.35948
-0.644824 0.169596 1.22496
-0.623504 0.0811353 1.12722
-0.621297 0.162577 1.12536
-0.621805 0.119738 1.11881
-0.653274 -0.0859588 1.27487
-0.649227 -0.0879459 1.2124
-0.653076 -0.0142064 1.23246
-0.63758 -0.0441899 1.3215
-0.632945 -0.0858983 1.13522
-0.623596 0.186043 1.43088
0.22924 -0.0888892 2.48316
0.25676 0.163806 1.46026
0.24653 0.167881 1.45325
0.246701 0.103994 2.15118
0.270542 -0.0239012 1.27739
0.270306 -0.0440835 1.25251
-0.642659 0.0554775 1.24414
-0.682409 0.0321308 1.28982
0.23091 -0.0628664 2.94756
0.218521 -0.311042 2.8964
-0.057391 0.111085 1.45739
-0.0563788 0.0902148 1.57885
0.262495 -0.0672995 1.20661
0.252815 0.165499 1.90343
0.185736 0.146963 1.79322
0.255115 0.147043 1.64973
0.254921 0.0998572 1.46603
0.248825 0.071149 1.4531
0.299651 -0.285722 2.62589
0.40402 -0.455227 3.13839
-0.638703 0.0728022 1.2261
0.250359 0.153634 1.7466
0.258538 -0.11438 1.29279
0.238002 -0.137289 1.49803
0.217522 -0.148356 1.49648
0.268759 0.0812009 1.23399
0.249862 -0.0886204 1.4831
0.243352 -0.0959188 1.49056
0.266127 0.108758 1.39328
0.256632 0.116634 1.19523
0.254447 0.153674 1.79841
0.25243 0.0539907 1.46942
0.172484 0.171908 1.40119
0.250916 0.136475 1.43146
0.236327 -0.109607 1.33382
0.260343 -0.0546607 1.28427
0.276071 -0.01278 1.40636
0.224877 -0.114687 1.64746
0.242427 -0.132043 1.47308
0.24697 0.00516267 1.62338
0.246277 -0.0625171 1.47197
0.0220208 0.0875936 1.52605
0.0151458 0.141933 1.42463
0.0589522 0.118388 1.43594
-0.393558 0.262172 2.97346
-0.0666306 0.197645 1.48791
-0.0564441 0.128263 1.44755
0.284841 -0.395084 2.82932
-0.632638 0.23338 2.30551
-0.627974 0.159766 2.06417
-0.646568 0.0930084 2.25241
-0.626873 0.0481652 1.56867
-0.637268 0.191714 1.5056
-0.674551 -0.32399 2.19124
-0.640835 -0.0617942 2.05097
-1.1729 -0.362095 4.77239
-0.652659 -0.233916 1.81675
-0.645594 -0.0880832 1.57877
-0.69861 -0.0751039 1.57246
-0.654785 0.014607 1.9704
-0.645735 0.169267 1.22561
-0.634068 0.127965 1.29275
-0.640265 0.128513 1.2426
-0.623746 0.0324205 1.07926
-0.6281 0.0496227 1.0719
-0.658601 0.0880377 1.21956
-0.623644 0.0800944 1.12727
-0.652654 -0.0865586 1.27203
-0.645681 -0.0870058 1.23459
-0.636107 -0.0962268 1.36907
-0.652741 -0.0143523 1.231
-0.634004 -0.0526714 1.30104
-0.631483 0.0180279 1.36636
-0.645504 -0.0736081 1.45151
-0.623473 -0.0512914 1.07562
-0.620395 0.0039001 1.0729
-0.627511 -0.0172304 1.12908
-0.631935 -0.0333085 1.13461
-0.609173 0.115357 1.07113
0.255734 -0.0790917 1.24774
0.255049 -0.0951262 1.2617
0.266247 -0.0278102 1.43135
0.42575 -0.483709 3.28579
0.13033 0.119213 1.58704
-0.650093 0.0303732 1.25265
0.244997 0.00193405 1.18104
0.244569 0.150854 1.73408
-1.41097 -0.73939 4.91665
0.278285 0.0144696 1.30386
0.247954 -0.10733 1.32217
0.264317 0.0816839 1.39448
0.281327 0.0328272 1.44228
0.259348 0.152546 1.32298
0.250023 0.168053 1.40963
0.255628 0.115348 1.41344
0.249648 0.163808 1.88798
0.250109 0.0961962 1.46069
0.251336 0.0530689 1.46877
0.237194 -0.110769 1.33635
0.242427 -0.132043 1.47308
0.254826 -0.053633 1.43974
-0.0391115 0.194796 1.42219
0.016724 0.119964 1.43358
-0.0270343 0.126341 1.44351
-0.0652299 0.190914 1.44802
0.231496 -0.0893097 2.51631
-0.337179 0.215799 1.87858
-0.626873 0.0481652 1.56867
-0.625912 0.145996 1.77491
-0.741198 -0.200934 2.50705
-0.675905 -0.326036 2.19277
-1.19049 -0.564623 4.5449
-1.22399 -0.600828 4.52856
-0.666881 -0.0102605 2.53747
-0.680504 -0.0221802 2.31865
-0.763274 -0.177202 2.61
-0.639168 -0.061764 2.04428
-0.688544 -0.254634 1.99857
-0.658662 -0.235198 1.83235
-0.644315 0.0361362 1.9454
-0.633354 0.0370962 1.3633
-0.624604 0.126062 1.28046
-0.643065 0.129421 1.24633
-0.615828 0.0243473 1.07092
-0.653812 0.0733752 1.21222
-0.624402 0.0802295 1.12887
-0.622549 0.119388 1.11945
-0.652654 -0.0865586 1.27203
-0.651045 -0.079909 1.45173
-0.653467 -0.0139958 1.2313
-0.630666 0.021914 1.36735
-0.63517 -0.0465274 1.31737
-0.630125 -0.07784 1.13233
-0.627511 -0.0172304 1.12908
-0.450124 0.221275 1.78341
-1.38869 -0.725327 4.84738
0.253146 -0.0761719 1.4484
0.245993 -0.0596814 1.47542
0.246403 -0.0577228 1.27141
0.246728 -0.0758182 1.27677
0.24885 -0.104669 1.28487
0.21629 -0.048111 3.12749
-0.624532 0.119474 1.12072
-0.621009 -0.0104556 1.07254
-0.624083 -0.0501501 1.07566
-0.61888 0.0231786 1.07404
-0.622802 0.157982 2.05264
-0.623947 0.187772 1.47465
-0.185055 0.202414 1.59536
-0.634763 -0.016066 1.13915
-0.650721 0.0390833 1.55609
-0.650139 -0.0729108 1.82919
-0.658644 0.0242578 1.55959
-0.656436 -0.0789324 1.45998
-0.637263 -0.0961512 1.3705
-0.64784 -0.00725704 2.48222
-0.634717 -0.216099 1.97981
-0.652533 -0.233431 1.81779
0.24245 0.124713 1.97283
-0.0662619 0.183274 1.41274
0.24262 0.0617049 1.44938
0.24127 0.163805 1.36564
0.252994 0.113801 1.40204
-0.0551437 0.127481 1.43851
-0.0532377 0.0848762 1.51241
-0.6313 0.000749205 2.59103
-0.676241 -0.205945 2.2228
0.248009 0.168656 1.46123
0.194443 0.171442 1.44577
0.190874 0.1203 1.43389
0.272401 -0.0538402 1.2309
0.251995 -0.0927703 1.25333
-1.26388 -0.610695 4.85821
0.312666 0.0884252 1.419
0.223303 0.0651265 1.34441
0.231875 -0.124667 1.4723
0.215787 -0.138389 1.46038
0.243257 0.0232646 2.15724
0.223676 -0.0610859 2.90248
-0.0566898 0.108549 1.44206
0.263809 0.0815076 1.24452
-0.613308 0.115244 1.07601
-0.648357 -0.0894093 1.58274
-0.605266 0.140351 1.72435
0.218899 0.00158946 1.17211
-0.611775 0.140355 1.7362
-0.639226 0.0842614 1.93804
-0.646278 0.0395229 1.54835
-0.651648 0.016803 1.9617
-0.638633 -0.0702591 1.80322
-0.0735632 0.1942 1.47744
-0.181122 0.199445 1.57471
-0.649577 -0.220451 2.00899
-0.630252 -0.0169084 1.13316
0.139163 -0.22369 2.55894
-0.651765 -0.0740262 1.27495
0.25333 0.135293 1.27865
0.268062 0.0825928 1.25504
-0.654969 -0.0784597 1.45951
-0.670101 -0.0192178 2.28749
-0.640276 -0.0607526 2.04112
0.0710152 0.123312 1.44883
0.0566876 0.11954 1.42705
-0.0549477 0.126976 1.43382
-0.624922 0.0792411 1.12953
-0.632697 0.0175903 1.36836
-0.696521 -0.0731407 1.56445
0.25969 0.0995322 1.5021
0.24262 0.0617049 1.44938
0.255963 0.161715 1.45864
-0.62793 0.12576 1.28536
-0.644092 0.112456 1.22909
-0.0525514 0.0867042 1.54733
-1.05414 -0.705073 5.62217
0.278771 -0.2686 2.47641
-0.75667 -0.207606 2.54266
0.242808 0.165795 1.4505
0.196259 0.172463 1.44988
0.243063 -0.132364 1.47715
0.247072 -0.0571355 1.27224
0.252996 -0.0909886 1.25551
0.232276 0.132342 2.23664
0.300995 0.0571045 1.3289
0.22638 -0.0845438 2.48569
0.26502 -0.0264838 1.42871
0.253787 -0.0766662 1.45094
0.23638 0.0108064 1.18117
-0.643847 -0.0879976 1.57097
-0.647828 0.19664 1.51259
0.252654 0.124167 1.27905
-0.62938 0.0390142 1.3577
-0.626916 -0.0142465 1.12869
-0.632731 -0.0636383 1.27851
-0.648546 -0.0746768 1.26734
-0.643883 -0.0878393 1.23346
-0.642675 -0.0484019 1.32326
-0.638945 0.050036 1.57674
-0.623683 0.123625 1.27845
-0.659986 0.114208 1.25129
0.250688 0.0951992 1.465
0.247813 0.0623525 1.46642
-0.280117 0.212584 1.7883
0.206189 -0.317165 3.41608
0.255963 0.161715 1.45864
0.250712 0.107717 1.37652
0.252556 0.124383 1.38238
-0.646351 -0.0911162 1.20718
-0.642061 0.14654 1.80049
-0.653937 0.0810528 1.97228
0.247024 0.169763 1.4712
-0.638421 -0.0960714 1.37179
-0.652131 -0.00360453 2.49541
-0.647503 -0.0599141 2.05125
0.237732 0.148344 1.71305
0.114046 0.146165 1.494
-0.0540239 0.125399 1.41635
-0.0558927 0.110576 1.48975
-0.616255 0.0172967 1.34393
0.246183 0.103227 2.15462
-0.621401 0.0785585 1.12691
0.266826 -0.043406 1.24348
0.251156 0.0767101 1.4217
0.216264 -0.306269 2.83638
-0.748798 -0.203947 2.52517
-0.630825 -0.216753 2.0756
0.239516 -0.124574 1.50466
-0.3573 0.23021 2.53613
0.242241 0.0374066 2.49703
0.219829 0.00182044 1.1718
0.272269 -0.0233246 1.28148
0.0121943 0.0430596 2.50055
-0.650484 -0.0135026 1.22568
-0.645535 -0.0888076 1.57329
-0.324437 0.209637 1.83475
-0.637121 0.159038 2.08793
0.243064 0.0266513 2.16833
-0.029351 0.122417 1.40676
-0.0295627 0.113027 1.49346
-0.0558927 0.110576 1.48975
0.254613 0.154103 1.45352
0.25422 0.111599 1.40123
-0.628273 0.124009 1.28601
-0.640696 0.111074 1.22529
-0.649888 -0.0764034 1.26367
-0.635153 -0.0473407 1.31287
-0.635502 -0.0275468 1.27322
-0.677387 0.0812108 2.0335
0.239447 -0.0825714 1.46229
-0.267979 0.21193 1.7132
0.0909884 0.0626305 1.37781
0.253021 0.105158 2.20402
0.249625 0.162305 1.50134
0.242729 0.159782 1.66049
-0.683933 -0.0192732 2.34732
-0.683976 -0.0622265 2.14339
-0.588388 0.035121 1.44269
-0.617231 -0.0593178 1.40163
-0.640098 -0.0959997 1.37883
-0.635178 0.0129491 1.3724
-0.790358 -0.223777 2.6249
-1.25165 -0.553971 4.30981
0.292259 0.05571 1.30784
0.282377 0.040931 1.34742
0.252433 -0.0574141 1.28562
0.00419055 0.145061 1.40673
-0.0470995 0.0870386 1.57479
-0.00127349 0.0690969 1.78591
0.263801 -0.0281326 1.42541
0.217877 -0.0841669 2.09164
0.257073 -0.252715 2.81142
0.197322 -0.271026 2.74303
-0.595316 -0.276225 3.27345
-1.14334 -0.348207 4.6459
0.120209 0.1235 1.87491
0.268226 0.0635584 1.3942
0.224185 0.00041326 1.18118
0.27197 -0.0227851 1.28227
0.244867 0.0372777 2.51387
0.216965 -0.028152 3.30153
0.223819 -0.0826866 2.46968
-0.639542 -0.0682669 1.80779
-0.331309 0.215796 1.89328
0.0761962 0.12491 1.46817
0.247405 0.0272502 2.19502
