-0.604647 -0.0221004 2.73793
-0.714729 -0.356498 2.28205
0.230573 0.105025 1.73582
0.250056 0.117563 1.95338
0.254502 0.0753845 1.42173
-0.640338 0.0977103 1.24083
0.249479 0.173815 1.80664
0.0896108 0.10567 1.43453
-0.057367 0.112157 1.44958
0.270081 -0.0445295 1.43137
0.251526 -0.0526164 1.26092
0.256682 0.157188 1.44562
0.245487 -0.0898975 1.60119
0.251743 0.14551 1.63699
-1.219 -0.594386 4.5104
-0.62361 0.189976 2.68188
-0.632817 0.148848 1.79147
-0.620391 0.185033 1.42419
-0.70484 -0.0760178 1.58423
-0.645517 -0.0721781 1.8167
-0.642087 0.169019 1.22018
-0.641267 0.114769 1.24183
-0.621905 0.080863 1.12412
-0.623042 0.163305 1.12606
-0.658798 0.022102 1.45031
-0.612733 0.0320569 1.06729
0.241514 -0.089054 1.58765
0.251178 0.0545543 1.46124
0.27861 0.0320683 1.43063
-0.643859 0.0304494 1.24281
-0.0552447 0.0871328 1.5187
0.255444 0.106319 1.42365
0.263429 0.0813645 1.39
0.249396 0.0674027 1.41005
-0.640653 0.0890443 1.24073
-0.64154 0.0696744 1.22205
0.259951 0.15064 1.28824
0.253527 0.14972 1.55248
-0.690032 -0.25515 2.00597
0.243207 0.103412 2.12057
0.417966 -0.470733 3.22655
0.283869 -0.392057 2.8129
0.261873 0.0831722 1.28085
0.270824 -0.0121299 1.39201
0.256063 -0.109313 1.34013
0.241418 -0.131061 1.46468
0.21946 -0.059875 2.82329
0.227179 -0.0523819 3.20384
0.264798 -0.0421318 1.36494
0.24543 0.165428 1.39349
0.254769 0.125688 1.31926
0.194232 0.171188 1.43335
0.226455 0.177258 1.56565
0.24447 0.00555538 1.61145
-0.180994 0.203498 1.59987
-0.619512 0.229254 2.26309
-0.623432 0.185918 1.42953
-0.749412 -0.201534 2.53869
-0.73713 -0.232429 2.39099
-0.64908 -0.221318 2.02309
-1.27963 -0.813658 5.43259
-0.67746 -0.0236011 2.30848
-0.632463 -0.0608543 2.11652
-1.16936 -0.361853 4.75933
-0.640547 -0.0724516 1.80473
-0.620877 0.125909 1.27313
-0.622188 0.0801254 1.1244
-0.626785 -0.0650303 1.27767
-0.650337 -0.0141588 1.22751
-0.631041 0.0222612 1.36512
-0.64557 -0.0736822 1.45077
-0.635449 -0.044136 1.31714
-0.620541 -0.0512982 1.07109
-0.646562 -0.0875372 1.20779
-0.630708 -0.078893 1.13126
-0.631279 -0.0856654 1.13201
-0.629678 -0.0182613 1.13049
-0.628849 0.0364756 1.35425
0.233602 0.166198 1.55382
0.228559 -0.0887791 2.47646
0.260144 0.126593 1.4133
0.253936 0.0699559 2.30891
-0.643033 0.055686 1.24334
-0.648951 0.0407909 1.26363
-0.6614 0.031148 1.26273
0.306373 -0.291174 2.66619
0.282834 -0.392659 2.81213
-1.1971 -0.569969 4.56942
0.257016 -0.0253245 1.40341
0.255246 -0.0531413 1.43725
-0.0479728 0.0831261 1.53256
-0.055724 0.0887907 1.55522
0.232518 0.166365 1.59627
0.249262 0.153044 1.74
-1.27498 -0.704852 4.53243
0.253834 -0.108679 1.33457
0.222811 -0.316762 2.94533
0.245482 -0.0626387 1.46759
0.248392 -0.0716956 1.48194
0.2471 -0.0872176 1.47094
-0.0395443 0.0793974 1.67936
0.250177 -0.105552 1.29105
-0.913713 -0.450844 3.97752
0.273465 0.0317113 1.41859
0.250551 0.167955 1.40713
0.259639 0.152602 1.32266
0.256575 0.159832 1.36541
0.250354 0.163868 1.88907
0.17445 0.173446 1.40721
0.227972 -0.116121 1.65909
0.241944 0.0221002 2.15185
0.234012 -0.0939562 2.21754
-0.0280226 0.11118 1.46386
0.0217521 0.0869558 1.51583
-0.0388086 0.193184 1.41307
0.219198 -0.32472 2.7572
0.240765 0.0337822 2.4608
-0.632576 0.16187 2.07505
-0.650776 0.0948263 2.2593
-0.627586 0.0489275 1.57204
-0.641944 0.0878429 1.93785
-0.635409 0.191027 1.50103
-0.625191 0.0333478 1.91351
-0.6476 -0.0620002 2.07157
-0.642159 -0.230496 1.79204
-0.645205 0.0334215 1.9393
-0.630678 0.127164 1.28674
-0.639822 0.12873 1.24064
-0.613506 0.0318471 1.06789
-0.657894 0.0735856 1.21614
-0.621905 0.080863 1.12412
-0.636256 0.108539 1.19851
-0.645316 -0.0849149 1.26294
-0.630241 -0.044871 1.29449
-0.645193 0.0220992 1.45629
-0.630494 0.0214863 1.36541
-0.62804 -0.0776603 1.12863
-0.650337 -0.0141588 1.22751
-0.627484 -0.0174563 1.1281
-0.618322 0.0038 1.06939
-0.621535 0.119564 1.11716
0.229063 -0.0623965 2.92719
0.24982 -0.107744 1.32549
0.236008 -0.110176 1.33054
0.22864 -0.0883552 2.48932
0.0156492 0.0520804 2.73746
0.270881 -0.0124758 1.39055
-1.22513 -0.601707 4.53222
-1.39844 -0.733449 4.87388
0.247097 -0.0875849 1.47112
0.240702 -0.0949688 1.47915
0.221007 -0.287878 2.8408
0.0164112 0.118881 1.42233
0.241226 -0.0883381 1.25338
0.20885 0.17013 1.61421
-0.0561865 0.127203 1.43722
0.240869 -0.131159 1.46481
0.247878 0.0711008 1.44807
0.292085 0.0844109 1.38365
0.254948 0.162684 1.45135
0.245915 0.167519 1.44939
0.263484 0.107841 1.38322
0.245268 0.103459 2.1402
0.0868539 0.15334 1.42155
0.247991 0.162836 1.87737
0.251522 0.1453 1.63328
0.264852 -0.0438253 1.41884
0.247099 -0.0359584 1.46306
-0.0572697 0.110869 1.45375
-0.0043467 0.0742825 1.73447
0.0821409 0.0762119 1.49985
-0.0661532 0.195297 1.47323
0.0584635 0.11769 1.42766
-0.394518 0.262648 2.97764
0.237657 -0.286941 2.79299
-0.631624 0.232741 2.30076
-0.630526 0.160268 2.07043
-0.782985 0.235824 3.24739
-0.335791 0.214751 1.87025
-0.625874 0.0480845 1.56567
-0.747797 -0.20285 2.5269
-0.637522 -0.217101 1.98736
-0.675199 -0.0219614 2.30094
-0.638105 -0.0616631 2.04238
-0.665237 -0.0102861 2.53098
-0.685225 -0.253636 1.98941
-0.624677 0.0350262 1.89387
-0.645673 -0.0725098 1.81718
-0.634725 0.0723868 1.21986
-0.630817 0.0369464 1.35799
-0.622554 0.125695 1.27632
-0.638271 0.128032 1.23869
-0.622729 0.0799982 1.12568
-0.613749 0.0243678 1.06739
-0.648654 0.0702489 1.23021
-0.608426 0.115165 1.06908
-0.620887 0.118988 1.11627
-0.630642 -0.0644957 1.28028
-0.650469 -0.0863502 1.26784
-0.649688 -0.0797173 1.44838
-0.633854 -0.0959783 1.36435
-0.636091 -0.0466982 1.31697
-0.620446 -0.0510169 1.07101
-0.627484 -0.0174563 1.1281
-0.65009 -0.0143118 1.22625
-0.643352 -0.0878263 1.57327
-0.625129 0.145694 1.772
0.245233 0.00544028 1.61467
0.247908 -0.0642455 1.47445
0.240278 -0.0952099 1.47659
0.0683297 0.0372189 1.60615
0.24354 -0.0831257 1.31995
0.242249 -0.100096 1.32394
0.224084 -0.0839212 2.4641
-1.26028 -0.609455 4.84387
-1.38125 -0.721708 4.82079
0.247318 -0.075747 1.27646
0.248642 0.0953107 1.45321
0.230392 0.0664113 1.36498
0.285263 0.068697 3.41246
0.218143 -0.0484994 3.14961
0.268777 -0.0201734 1.34889
0.0120558 0.0545923 2.94056
0.240869 -0.131159 1.46481
-0.645191 -0.0889761 1.57524
-0.60728 0.140724 1.72825
-0.634921 0.0834845 1.92563
-0.647271 -0.0821945 1.2155
-0.62304 0.119193 1.11775
-0.6288 -0.0171873 1.13031
-0.628981 0.18923 1.48293
-0.635647 -0.0614996 2.03327
-0.625874 0.0480845 1.56567
-0.649621 0.0391372 1.55307
-0.653197 -0.0789044 1.45351
-0.647236 0.0303406 1.24744
-0.650469 -0.0863502 1.26784
-0.636091 -0.0466982 1.31697
0.265328 -0.0274533 1.42655
-0.18421 0.201381 1.58781
0.0703901 0.122193 1.43869
-0.616522 0.156191 2.03329
0.23976 0.164041 1.43744
0.254366 0.114764 1.40751
-0.630494 0.0214863 1.36541
-0.0656774 0.192401 1.45656
-0.0270253 0.125979 1.43815
-0.0550026 0.127206 1.43482
-0.644199 -0.00715217 2.46821
0.242267 0.0616369 1.44689
0.267168 0.0328727 1.40488
0.266155 0.108454 1.38544
0.193133 0.170471 1.4376
0.211081 0.127823 1.50943
-1.29147 -0.821673 5.47384
-0.0286059 0.109798 1.45305
0.23677 0.0369981 2.44199
-0.648147 -0.0138905 1.22313
-0.703395 -0.263149 2.03353
-0.446225 0.219104 1.76853
0.214051 -0.128019 1.46364
-0.656845 0.0746298 1.21089
0.224093 -0.0612564 2.90763
0.234221 -0.125472 1.48069
-0.636341 0.0291253 1.2353
-0.612544 0.224857 2.23305
-0.641187 -0.0876186 1.56455
-0.694369 -0.0729679 1.5595
-0.609319 0.139739 1.72934
-0.648602 0.196752 1.51288
-0.632073 -0.016006 1.13458
0.244663 0.0235097 2.16717
-0.649621 0.0391372 1.55307
-0.180838 0.198943 1.5703
-0.653745 0.0239786 1.54836
-0.63582 -0.0699304 1.79532
-0.650729 -0.0741355 1.27258
-0.635822 -0.0959122 1.36717
0.102635 0.103936 1.45813
0.254593 0.160842 1.45181
0.253033 0.113562 1.4006
-0.667879 -0.0193069 2.27971
-0.635428 -0.0604612 2.02639
-0.625531 0.125077 1.28059
0.0564327 0.118738 1.42063
0.26628 0.0625871 1.39701
-0.630494 0.0214863 1.36541
-0.758995 -0.208298 2.54934
-0.643548 -0.218574 1.99137
-1.05286 -0.704845 5.6158
0.242267 0.0616369 1.44689
-1.1653 -0.356472 4.73417
-0.0282726 0.125602 1.42979
-0.0548235 0.126484 1.42816
0.218402 -0.309292 2.86074
0.244166 0.102444 2.13912
0.252209 -0.0758915 1.44334
0.25186 -0.0932391 1.44752
-0.056642 0.108616 1.44218
-0.645227 -0.0881623 1.2346
-0.639768 0.111445 1.22173
-0.626653 0.03865 1.35206
0.256998 0.00632233 1.65549
0.224877 -0.0832635 2.47969
0.215811 -0.0271517 3.28425
0.25226 -0.0762145 1.44364
0.248665 0.0796133 1.41104
-0.638247 -0.0275826 1.27786
-0.671608 0.0405753 2.01063
-0.6483 -0.00371767 2.48074
-0.623156 0.12363 1.27682
-0.622719 0.0792723 1.12614
0.244591 0.0268732 2.17387
0.170282 -0.0638598 2.01359
-0.642176 0.146543 1.7998
-0.653489 0.081027 1.97016
-0.644331 -0.0599213 2.04151
0.247623 0.152735 1.75544
0.254593 0.160842 1.45181
0.252696 0.164379 1.51299
0.113792 0.145501 1.48976
0.115712 0.110414 1.51706
0.253856 0.111467 1.39887
-0.619362 0.0169514 1.3477
-0.629847 -0.0487418 1.30025
-0.746719 -0.203402 2.51778
-1.25178 -0.554942 4.31166
-0.649525 -0.0776787 1.44893
-0.635861 -0.0957987 1.36646
-0.0293751 0.10998 1.46049
-0.0557567 0.11018 1.48326
-0.362938 0.233544 2.57187
0.0865303 -0.196858 2.45186
0.207452 -0.281375 2.82577
0.260453 -0.0261405 1.41313
-0.0500153 0.085841 1.53488
-0.00186366 0.0683161 1.75369
-0.648194 -0.0134428 1.22145
-0.638515 0.196119 1.45711
-0.655674 0.0228907 1.54937
-0.644967 -0.0887654 1.57145
-0.324271 0.209318 1.8323
-0.642656 0.160341 2.10293
-0.000167191 0.103033 1.27263
0.244092 0.0897714 1.43954
0.24676 0.0620085 1.4607
-0.641801 -0.0686042 1.813
-0.641131 -0.0876325 1.22846
-0.619195 0.0780519 1.12298
0.249701 0.0948 1.45959
0.250075 0.123257 1.37267
-0.280837 0.213076 1.79179
-0.662175 0.0758031 1.21532
-0.6387 0.11045 1.22139
-0.639659 0.0499959 1.57721
-0.587751 0.0350327 1.44037
-0.800107 -0.226875 2.65396
-0.679311 -0.0192382 2.33167
-0.672998 -0.0613371 2.11066
0.240735 0.026361 2.15075
0.261389 -0.0862588 2.58007
-0.270967 -0.399652 4.73936
0.249035 0.075879 1.41243
0.270975 0.032367 1.41943
-0.63573 0.0136738 1.37301
0.242417 0.159484 1.65759
0.244422 0.150131 1.73645
0.238982 -0.0829546 1.45882
-0.615124 -0.0600962 1.39725
-0.70712 -0.0705382 1.47942
-0.636654 -0.0955566 1.37186
0.0741635 0.122725 1.4459
-0.634238 -0.0479397 1.30831
-0.630086 -0.0631099 1.27316
-0.64449 -0.0743328 1.26043
-1.14312 -0.347927 4.64159
-0.0311895 0.107365 1.45971
-0.054056 0.125647 1.41866
0.202749 -0.277843 2.80644
0.252868 0.104621 2.20215
0.252819 -0.0665782 1.41732
0.0199208 0.0187037 1.21757
0.267156 -0.0836198 4.52189
-0.626624 -0.014359 1.12748
-0.633182 0.0887562 1.13293
0.220334 -0.0849146 2.10633
-0.627403 0.123592 1.28368
