-0.334009 0.212642 1.85036
-0.700983 -0.265711 1.95434
0.239086 -0.0937944 2.23845
0.217446 0.17139 1.53235
0.246318 -0.0812829 1.68128
-0.770856 -0.208141 2.60126
0.253407 0.171162 1.52625
0.23392 0.105874 1.74977
0.0293938 0.146247 1.41716
-0.268011 0.205025 1.78198
0.413811 -0.468079 3.19917
0.241076 -0.130857 1.46247
-0.971468 -0.661839 5.24267
-0.657628 0.0278767 1.56696
-0.642508 -0.0718408 1.80961
-0.641261 0.114697 1.24117
-0.617212 0.184333 1.41874
-0.672038 -0.088705 1.29338
-0.645339 -0.0732722 1.4491
-0.616319 0.186991 2.64772
-0.63453 -0.0440701 1.31524
0.173786 0.172564 1.40313
0.250938 0.174992 1.60024
-0.0282324 0.107004 1.41871
-0.0571632 0.112448 1.45329
-0.0552447 0.0871328 1.5187
-0.636442 0.0970799 1.23551
-0.655099 0.0218942 1.44404
0.250202 0.117388 1.95271
-0.648445 -0.220997 2.0209
0.246695 -0.0508552 1.46887
-0.642824 0.0866476 1.20132
-0.64093 0.0697505 1.22079
0.244151 -0.0893206 1.59547
0.232636 -0.0933469 2.20793
0.112658 0.146786 1.4851
0.263494 0.0615014 1.39822
0.0237858 -0.11745 4.66779
0.284296 -0.39262 2.81531
-0.770856 -0.208141 2.60126
0.256283 0.138808 1.44651
0.188286 -0.163923 4.96611
0.248512 0.0992233 1.56384
0.0128855 0.140917 1.41004
0.219939 -0.106546 1.77276
0.255731 -0.0530073 1.43672
0.253336 -0.0750066 1.44697
0.269263 -0.0122594 1.38694
0.268562 -0.0442963 1.42621
0.247734 0.166227 1.3977
0.256639 0.15705 1.4444
0.212578 0.17485 1.62217
0.245088 0.150013 1.71642
0.25234 0.0748252 1.41482
-1.21018 -0.590469 4.47778
0.278351 0.0320473 1.42886
0.253525 0.146027 1.6416
0.261882 0.107863 1.38049
0.0873967 0.0823498 1.52634
0.242142 0.102969 2.11248
0.244933 0.160722 1.86198
0.247729 -0.102734 1.45222
0.244151 0.00542182 1.60915
0.262191 0.0226997 1.38967
0.237306 -0.120148 1.68739
-0.066381 0.173911 1.3752
-0.623626 0.230468 2.27559
-0.649779 0.0945483 2.25611
-0.645019 0.0883354 1.94597
-0.618473 0.0482374 1.55706
-1.28562 -0.817637 5.45788
-0.636803 -0.0608076 2.04238
-0.604383 -0.0220972 2.73672
-0.637705 -0.00539883 1.80822
-0.638786 -0.0722099 1.80021
-0.623886 0.126513 1.27648
-0.621435 0.0807923 1.12309
-0.641932 0.169028 1.21932
-0.625811 -0.0648935 1.27583
-0.646964 -0.0739097 1.4531
-0.628168 0.0220658 1.3603
-0.643159 -0.0808399 1.21145
-0.646394 -0.0875544 1.20706
-0.64912 -0.014089 1.22543
-0.627798 -0.0183417 1.12787
-0.62777 0.0363494 1.35203
-0.635306 0.149351 1.79675
0.0168476 0.119869 1.42844
0.257159 0.138848 1.4489
0.252503 0.105276 1.4143
-0.626451 -0.0176988 1.12637
-0.628144 -0.0331932 1.12832
-0.645186 0.0221979 1.45603
0.252168 0.054698 1.46347
-0.0571772 0.110783 1.45147
-0.0553842 0.0879316 1.5409
0.25607 0.148352 1.58396
0.252316 0.14552 1.63528
-0.738145 -0.23254 2.39396
0.2669 -0.0437908 1.42345
0.245583 0.167227 1.4472
0.0792014 0.117917 1.44688
0.176209 -0.0991255 2.82124
0.178634 -0.0907356 3.24681
-0.633637 0.0551969 1.23224
-0.642239 0.0304594 1.24051
-0.0556985 0.138113 1.45395
-0.0928858 0.207927 1.72744
0.222239 -0.315474 2.93639
0.26143 -0.37534 2.7854
0.22095 -0.0602775 2.83659
0.226782 0.165152 1.72899
0.249775 0.0674877 1.41013
0.234843 -0.0539424 3.27744
0.24931 -0.102391 1.48164
0.22887 -0.124856 1.46033
-1.16478 -0.360851 4.74235
0.263093 0.0812392 1.38832
0.193503 0.170705 1.42956
0.0901747 0.0832426 1.54403
0.244226 0.103064 2.13211
0.202071 0.173844 1.59656
0.245785 -0.0903576 1.60044
0.246164 -0.0509817 1.46935
0.241323 0.0335719 2.46287
0.0220023 0.0873944 1.52137
-0.0692799 0.191196 1.48529
-0.00189742 0.149078 1.40872
-0.633297 0.161899 2.07695
-0.604205 0.0815483 1.85751
-0.778719 0.235024 3.22982
-0.624333 0.0487262 1.56512
-0.636089 0.191244 1.50152
-0.671237 -0.0233331 2.28907
-0.64702 0.0334545 1.94429
-0.632048 -0.06099 2.11538
-0.638489 -0.0616558 2.04292
-0.651491 -0.00981159 2.48074
-0.677435 0.0261493 1.59516
-0.698077 -0.0751796 1.57244
-0.6379 0.128209 1.23744
-0.62162 0.0801805 1.12324
-0.638579 0.0729397 1.22402
-0.637664 0.0852653 1.19379
-0.641327 0.168113 1.21809
-0.642365 0.112101 1.22491
-0.646026 0.102199 1.16954
-0.642888 -0.0845871 1.25923
-0.647262 -0.0796103 1.44371
-0.631211 -0.0855929 1.13141
-0.640928 -0.0799765 1.22085
-0.629578 0.0369374 1.35565
-0.644291 0.0699832 1.22453
0.230212 -0.0890604 2.48651
-0.764045 -0.177395 2.61188
-0.747916 -0.202864 2.52671
0.258236 -0.0256078 1.40535
0.24921 0.148673 1.68817
0.23641 -0.285315 2.77973
0.218858 -0.324123 2.75251
-0.0558776 0.125645 1.42388
0.226293 -0.0616391 2.89621
0.231801 -0.0894403 2.51647
0.253029 0.0749931 1.41839
0.243414 -0.0625463 1.45981
0.252972 -0.0759764 1.44537
0.245578 -0.0866972 1.46474
-0.927799 -0.408905 3.84031
0.245881 -0.100527 1.47444
-1.21235 -0.577553 4.62785
0.242495 0.0618835 1.44781
0.236603 0.167807 1.56242
0.252316 0.14552 1.63528
0.237972 0.163095 1.43052
0.25222 0.0992279 1.41513
0.244866 0.136515 1.73517
0.240896 0.116889 1.85536
0.0868751 0.153735 1.42261
0.0457193 0.138463 1.40373
0.249755 0.0058075 1.62893
0.26364 0.0224176 1.39269
0.302911 -0.28778 2.64228
0.228918 -0.116405 1.66178
0.240469 0.0220573 2.14139
-0.0279423 0.109821 1.4515
-0.0434963 0.1592 1.43521
0.0162533 0.118289 1.41631
-0.0261824 0.127049 1.43728
-0.278961 0.213525 1.83042
-0.629756 0.232005 2.29462
-0.630919 0.160608 2.07123
-0.627828 0.0481867 1.56931
-0.626216 0.146077 1.77461
-0.640145 -0.218007 1.99478
-1.29265 -0.821726 5.47567
-0.606854 0.0326235 1.86561
-0.637375 -0.0236346 2.87848
-0.664062 -0.0102849 2.52669
-0.641714 -0.0876188 1.56969
-0.695256 -0.0746856 1.56444
-0.680392 0.0272341 1.59611
-0.646707 0.0405537 1.25993
-0.629578 0.0369374 1.35565
-0.63142 0.127344 1.28718
-0.621435 0.0807923 1.12309
-0.656706 0.0736668 1.21421
-0.641656 0.0556138 1.24107
-0.631969 -0.0524681 1.29657
-0.647737 -0.0858599 1.2639
-0.632225 -0.0956499 1.36144
-0.627591 0.020775 1.3601
-0.642691 -0.0866294 1.22883
-0.644875 -0.0878917 1.20468
-0.626451 -0.0176988 1.12637
-0.642239 0.0304594 1.24051
-0.64912 -0.014089 1.22543
-0.621209 0.119566 1.11627
-0.621795 0.185457 1.4264
-0.0482927 0.0479377 1.59279
0.252171 -0.093182 1.44712
0.245142 -0.0870017 1.46349
-0.638356 0.128085 1.23843
-0.642365 0.112101 1.22491
0.240079 -0.0951299 1.47566
0.0927168 0.0724943 1.51714
0.22387 -0.0800101 2.25937
0.242495 0.0618835 1.44781
-1.16553 -0.35691 4.73721
-1.14092 -0.478951 4.61668
0.252961 -0.0531209 1.43054
-1.26556 -0.611985 4.86571
-1.37189 -0.717123 4.79049
-0.620919 0.0799669 1.12322
-0.639744 0.0843026 1.93812
-0.644429 -0.0723564 1.81383
-0.62702 0.0383288 1.35192
-0.654402 0.0240179 1.54966
-0.626534 -0.0169999 1.1271
-0.184063 0.201491 1.58757
-0.627828 0.0481867 1.56931
-0.621789 0.12556 1.27475
-0.643068 -0.0884969 1.57046
0.238664 0.122716 1.94736
-0.635363 -0.0464566 1.31554
-0.635613 -0.0276774 1.27767
-0.641292 -0.088717 1.19968
-0.641798 -0.0779828 1.43586
-0.629878 -0.0642506 1.27868
0.0888 0.045204 1.72508
0.254046 0.161939 1.44686
0.0113213 0.121239 1.39411
-0.335634 0.214585 1.86905
-0.646113 0.0302736 1.24544
0.247575 -0.0362851 1.4643
-0.677205 -0.0219128 2.30748
-0.626754 0.0350521 1.89958
-0.635959 -0.061497 2.03381
-0.619755 0.0195001 1.38859
-0.627591 0.020775 1.3601
0.0696598 0.121777 1.42944
0.235308 0.0223263 2.11664
-0.682903 -0.20801 2.24389
0.235048 -0.0872027 1.568
-0.397591 0.264971 2.99994
-1.05216 -0.704288 5.61331
0.268108 0.0326686 1.40731
0.249077 0.0527876 1.45752
0.247989 0.1628 1.87612
0.0834532 0.0773241 1.50812
0.241542 0.10139 2.11898
-0.0537885 0.0865279 1.53427
0.215129 -0.0480243 3.11301
-0.621522 0.119203 1.11645
-0.646211 0.0401265 1.25821
-0.607772 0.140971 1.72958
0.246541 0.00540116 1.61837
0.252972 -0.0759764 1.44537
0.244965 -0.0609929 1.46786
0.238125 0.0896607 1.42449
0.246916 0.0622998 1.45774
0.0787305 0.0694217 1.45815
0.225383 -0.0615373 2.92092
-0.626588 0.188424 1.47824
-0.609723 0.139856 1.73022
0.253208 0.114241 1.40278
0.275233 -0.265341 2.46942
-0.616863 0.226476 2.2488
-0.617711 0.156283 2.03603
-0.652591 0.0390877 1.55707
-0.643847 -0.0879092 1.23225
-0.645359 -0.0819637 1.21235
-0.666191 -0.019301 2.27428
-0.639861 -0.077196 2.11918
-0.635127 -0.0602486 2.02487
0.239121 -0.0415652 1.44905
-0.644915 -0.0137444 1.21886
-0.634817 -0.0957729 1.36497
-0.640476 -0.00685598 2.45443
0.029385 0.0724866 1.6755
-0.635363 -0.0464566 1.31554
-0.647737 -0.0858599 1.2639
-0.028503 0.109687 1.45376
0.0461678 0.139232 1.4149
0.0563734 0.118169 1.4174
-0.662801 0.0752384 1.2171
-0.627591 0.020775 1.3601
-0.758824 -0.208191 2.5486
-0.644619 -0.218851 1.99412
-0.0566894 0.107993 1.4377
0.245846 0.0236952 2.17383
0.256064 0.0394898 2.57514
0.202534 -0.0822422 2.05129
0.201779 0.173568 1.58429
0.234474 0.0669235 1.3762
0.248302 0.0527287 1.45732
0.218414 -0.309386 2.85861
0.254822 -0.0884546 1.49535
0.112369 -0.151536 5.00416
0.0899703 0.101748 1.63453
-0.0528208 0.0873853 1.55329
-0.637884 -0.0279133 1.27973
-0.62289 0.123864 1.27624
-0.629578 0.0369374 1.35565
0.254907 0.00627179 1.64709
0.0846258 0.0344717 2.22427
0.227027 -0.0345936 3.37609
0.2703 -0.266024 2.94078
0.209503 -0.283506 2.84783
0.229134 0.123847 1.92932
0.268804 -0.0272823 1.43636
0.247213 -0.0365004 1.46518
0.260191 0.115897 1.418
-0.622686 0.0794951 1.12571
-0.652591 0.0390877 1.55707
-0.641493 -0.0877554 1.22863
-0.660493 0.0219141 1.26525
-0.646721 -0.0133242 1.21895
0.225749 -0.0881943 2.14664
-0.795296 -0.221184 2.65215
-0.634275 -0.217135 2.08567
-0.638742 0.111343 1.2199
-0.650814 -0.074348 1.27236
-0.282984 0.214959 1.80459
-0.323155 0.208563 1.82581
0.000817743 0.143579 1.38508
0.020315 0.129112 1.4728
-0.0294957 0.109983 1.46346
-0.282172 -0.415863 4.92085
-0.21388 -0.313904 3.31495
-0.695779 -0.0733569 1.56167
-0.635139 -0.0957641 1.36501
-1.2566 -0.556923 4.32614
-0.671045 0.0407244 2.0091
-0.639521 -0.0780647 2.12125
-0.648597 -0.060635 2.05416
-0.632169 0.0293975 1.22985
0.112906 0.143997 1.48038
-0.368236 0.236935 2.60428
0.249094 0.0525695 1.45908
0.244134 0.0269 2.16962
0.251075 -0.0587053 1.47955
0.251426 -0.0759963 1.44038
0.0967417 -0.213503 2.62532
0.1529 -0.144514 4.52345
-0.050695 0.0875766 1.55736
-0.630295 -0.0158804 1.13181
-0.638519 -0.0277703 1.27837
-0.62289 0.123864 1.27624
-0.63444 -0.0697901 1.79134
-0.641093 -0.08757 1.56408
-0.644826 0.195826 1.50527
0.245391 0.0892997 1.44269
-0.638764 0.0502125 1.57511
-0.647803 -0.00375823 2.47943
-0.640026 0.146554 1.79334
-0.650505 0.0800258 1.9626
-0.328586 0.21368 1.87612
-0.620383 0.0673656 1.12243
-0.616193 0.0780591 1.12017
0.245198 -0.0857358 2.44158
0.238656 0.157415 1.64174
-0.636511 -0.0478695 1.31169
-0.627029 -0.0488 1.2955
-0.629517 -0.063157 1.27202
-0.813931 -0.230552 2.69319
0.240229 -0.0829811 1.4623
-0.666732 0.0760487 1.21957
-0.672822 -0.0189099 2.31055
-0.0293129 0.123566 1.41329
-0.0311193 0.104141 1.42726
-1.14265 -0.347655 4.63963
-1.09064 -0.472497 4.50909
-0.0539635 0.125401 1.41523
-0.055381 0.109134 1.47016
0.244871 0.0615265 1.45275
0.262057 0.0528798 1.48929
-0.617467 0.018694 1.3799
-0.617675 -0.0621301 1.40134
0.241545 0.0271122 2.14995
0.224589 -0.0833842 2.47428
0.215331 0.162663 1.72071
0.248701 0.152769 1.75863
0.205929 -0.282212 2.85103
0.203194 -0.313746 3.38021
0.0191789 -0.12033 4.89012
0.252042 0.103574 2.19539
0.267695 -0.0854619 4.53412
-0.626024 -0.0143518 1.12643
-0.646191 -0.0744525 1.2624
-0.624219 -0.0337014 1.12277
-0.626502 0.123577 1.28216
-0.671045 0.0407244 2.0091
-0.642993 -0.0687554 1.81584
-0.642426 -0.0884579 1.56582
0.07267 0.121472 1.43165
-0.646794 0.161178 2.11465
