-0.622026 0.189032 2.67267
-0.618086 -0.0182178 1.11887
-0.640362 -0.0863459 1.20093
-0.649785 0.0413795 1.26419
0.247413 -0.0503926 1.46932
0.0860426 0.0815065 1.5161
0.00881556 -0.115564 4.9481
0.0287014 0.144902 1.40866
0.0444235 0.136724 1.39473
-0.79205 -0.214372 2.66427
0.0919502 0.106627 1.44263
0.0899603 0.157609 1.43538
-0.975026 -0.664528 5.26272
-0.655745 0.0277418 1.56326
-0.631186 -0.00523336 1.79144
-0.636124 -0.0710322 1.79507
-0.625121 -0.0649631 1.27438
-0.624075 -0.0326873 1.12367
0.247446 -0.0176883 1.48708
0.240633 -0.0342629 1.44089
0.241911 0.0567398 1.44428
0.252759 0.170488 1.52248
-1.29195 -0.821827 5.48447
-0.645135 -0.219785 2.01181
-0.701672 -0.259532 2.03236
0.247862 0.116294 1.9395
0.434728 -0.673869 7.11452
0.221385 -0.0864559 2.41381
-0.64095 0.114539 1.24009
-0.635401 0.0968066 1.23362
-0.638416 0.0728301 1.22321
-0.79205 -0.214372 2.66427
-0.744433 -0.234562 2.41183
0.241539 -0.347303 2.89786
0.188498 -0.163803 4.96548
0.0273392 -0.123766 4.87642
-0.0273295 0.12163 1.45451
0.251798 0.0914525 1.45256
0.242335 0.0624039 1.45045
0.242242 -0.116385 1.55991
0.219117 -0.0596419 2.81743
0.250008 0.177276 1.86685
0.240928 -0.0127333 4.63806
0.240861 0.102439 2.10312
-0.0558883 0.136985 1.4394
-0.0560753 0.127302 1.44013
0.244589 -0.0865407 1.45837
0.24539 -0.101982 1.44433
0.247938 -0.0593943 1.45676
-1.21962 -0.595085 4.51184
0.22317 0.174288 1.54794
0.214491 0.175979 1.62467
0.255842 0.162834 1.44736
0.244661 0.00529798 1.6093
0.021639 0.0864115 1.50851
-0.0161322 0.0840369 1.46606
-0.336116 0.214158 1.85973
0.236673 -0.472902 5.73795
-0.633804 0.163437 2.07512
-0.641096 0.0876687 1.9355
-0.615274 0.0478498 1.55108
-0.633211 0.190295 1.49586
-0.444752 0.210511 1.42963
-0.629991 0.206853 1.84972
-0.630411 -0.0601494 2.02522
-0.651213 -0.00992441 2.47989
-0.647083 -0.0887242 1.58025
-0.61818 0.184554 1.41969
-0.640632 0.168772 1.21716
-0.646092 -0.0734681 1.44971
-0.625103 -0.0740508 1.35236
-0.62742 0.0220302 1.35867
-0.627934 -0.0333078 1.12757
-0.644902 -0.0873197 1.20471
-0.63924 0.0305606 1.23645
-0.620582 0.119494 1.11501
-0.611595 0.123801 1.26229
-0.635401 0.149435 1.79671
-0.605883 -0.0221083 2.74333
0.180842 -0.0919399 3.27136
0.272803 -0.385566 3.04265
-0.644329 0.0221054 1.45416
-0.648831 0.021679 1.43394
0.205211 0.169471 1.63108
0.249735 0.150425 1.76979
0.237958 0.0335986 2.43721
-1.2923 -0.821444 5.47369
0.231859 -0.112652 1.78531
0.248664 -0.017852 1.49081
0.248585 -0.0373861 1.46499
0.246204 -0.24905 3.96983
-0.0274571 0.108401 1.42966
-0.0555483 0.137686 1.44902
0.248639 0.137635 1.74784
0.242385 0.102282 2.11795
0.247605 -0.0602825 1.45742
0.245881 -0.070171 1.47082
-1.2625 -0.649764 4.3364
-1.16099 -0.360053 4.72924
0.242786 0.0620905 1.44821
0.222676 0.17462 1.54962
0.252567 0.145447 1.63661
0.253488 0.171446 1.53602
0.245608 0.0953009 1.43894
0.255195 0.14775 1.57947
0.0166909 0.119352 1.42329
0.255912 -0.000803962 1.47666
0.000666352 0.0858039 1.53204
-0.0923136 0.205713 1.71355
-0.180508 0.203202 1.59666
0.23408 -0.481287 5.73439
-0.630862 0.161307 2.06978
-0.649892 0.0945223 2.25627
-0.641096 0.0876687 1.9355
-0.625786 0.231166 2.28199
-0.659304 0.104007 2.7342
-0.623444 0.0486562 1.56299
-0.669107 -0.0232321 2.28229
-0.631683 -0.060933 2.11423
-0.62537 -0.00300033 2.54344
-0.688119 -0.073802 1.55596
-0.621651 0.080793 1.12281
-0.636208 0.108779 1.19726
-0.645677 -0.0795251 1.44055
-0.628985 -0.085155 1.12829
-0.640341 -0.0861742 1.22504
-0.641665 -0.0806967 1.20911
-0.627741 -0.0181809 1.12719
-0.631634 -0.0438128 1.31061
-0.621787 0.12605 1.27317
-0.627333 0.0363483 1.35093
-0.63797 -0.0720599 1.79793
-0.622661 0.193134 1.48804
0.0782393 0.116851 1.43824
-0.638622 0.055318 1.23678
-0.645428 0.0405295 1.25768
0.249293 0.148615 1.6865
0.229011 -0.0885047 2.47512
0.27653 -0.46266 5.14437
0.219899 -0.312067 2.90803
0.217549 -0.322135 2.73767
-0.0550717 0.0873179 1.53143
0.238845 -0.199457 2.90919
0.224139 -0.0610755 2.87131
0.234942 -0.0537628 3.27473
0.174472 -0.0985662 2.79684
-0.0262593 0.125661 1.42593
-0.0278514 0.108943 1.44236
0.115955 0.0813536 1.55361
0.28101 -0.271299 2.38665
0.299871 -0.284779 2.621
-1.19587 -0.587104 4.43267
0.244959 -0.0509128 1.46406
0.242872 -0.0625165 1.45666
0.194993 0.0560399 2.79111
-0.0557269 0.125896 1.42528
-0.0569027 0.11019 1.44639
0.244143 -0.0861767 1.45861
0.245354 -0.100936 1.4681
0.245879 -0.100414 1.47269
0.250149 0.0537915 1.45744
0.238025 0.16843 1.56508
0.25087 0.144735 1.62815
0.247711 0.095163 1.44782
0.0449009 0.138181 1.40167
0.0579613 0.116792 1.41785
0.0161996 0.117913 1.41213
0.0870055 0.153934 1.42231
0.237662 -0.0881014 1.57421
0.229021 -0.116496 1.6606
0.239934 -0.11504 1.84665
0.239725 0.0219314 2.13503
-0.0475031 0.0817973 1.51668
-0.0920925 0.20109 1.68574
-0.0433176 0.15901 1.43238
-0.276129 0.211145 1.81539
-0.182579 0.198656 1.5704
-0.163691 0.210037 1.97574
-0.630607 0.160567 2.07016
-0.597551 0.0802095 1.8398
-0.625885 0.230776 2.28248
-0.626494 0.0481718 1.56628
-0.626912 0.146155 1.77588
-0.754795 -0.204828 2.54823
-1.22321 -0.582922 4.66784
-0.644829 0.033413 1.93825
-0.613682 -0.0601104 2.06701
-0.637502 -0.0615195 2.03992
-0.637923 -0.0237565 2.88144
-0.667602 -0.0103233 2.5395
-0.640616 -0.0875465 1.56719
-0.658453 0.0257857 1.56265
-0.621637 0.185415 1.42569
-0.621856 0.0802538 1.12299
-0.639526 0.0696416 1.2185
-0.63743 0.128181 1.23635
-0.639311 0.111468 1.22034
-0.62873 -0.0448038 1.29126
-0.632136 -0.0956466 1.36089
-0.641719 -0.0845275 1.2572
-0.643803 -0.0879917 1.20293
-0.627255 -0.0176325 1.12687
-0.641346 0.0303639 1.23884
-0.647903 -0.0140958 1.2233
-0.634099 -0.0276375 1.27496
-0.623855 0.125963 1.27681
-0.443236 0.214346 1.68663
0.244091 -0.0866307 1.45862
-0.654113 0.0734211 1.21057
-0.645802 0.0401708 1.25729
-0.645225 0.0388023 1.24384
0.25087 0.144735 1.62815
0.244819 0.161799 1.7808
0.115107 0.105744 1.44101
-0.0539055 0.0869964 1.53835
0.216789 -0.0483859 3.12976
-1.27249 -0.560664 4.39613
-1.3713 -0.716937 4.78954
0.242786 0.0620905 1.44821
0.252601 0.150754 1.77852
0.0700596 0.0376021 1.61667
0.240277 0.100752 2.1087
0.0459636 0.138523 1.40336
0.014512 0.14014 1.40788
0.234476 -0.118452 1.69988
0.236405 -0.284287 2.77542
0.223223 -0.0797502 2.25317
0.229906 -0.0887242 2.49785
-0.400393 0.266974 3.0195
-0.277056 0.21092 1.8088
-0.334904 0.214172 1.86553
-1.01112 -0.68239 5.42833
-0.643924 0.08485 1.94879
-0.660849 0.236207 2.86358
-0.692803 -0.211299 2.27497
-0.638038 -0.217226 1.9885
-1.16854 -0.357872 4.75012
-1.26526 -0.611763 4.86268
-0.640059 -0.0124808 2.26835
-0.678273 -0.0219434 2.31083
-0.639363 -0.0069856 2.45053
-0.641551 -0.0882489 1.567
-0.669446 0.0268357 1.57728
-0.630872 -0.0524492 1.29445
-0.646036 -0.078865 1.4418
-0.626989 0.020791 1.35872
-0.640696 -0.0884963 1.19829
-0.619129 0.125077 1.27047
0.248241 0.00575013 1.62212
-0.0269191 0.124631 1.42566
-0.0549781 0.127658 1.43721
-0.0282969 0.109511 1.45286
0.208856 -0.282154 2.83727
0.217672 -0.308291 2.84886
-0.0524699 0.086743 1.53946
0.285415 0.0684037 3.41085
0.230555 0.0598237 3.52154
0.216789 -0.0483859 3.12976
0.0562986 0.11766 1.41383
-0.61525 0.155739 2.02885
-0.622966 0.124027 1.27605
-0.624115 0.187846 1.42948
-0.607289 0.140923 1.72821
0.246093 0.156559 1.51474
-0.652387 0.0390974 1.55629
0.246503 0.00543195 1.61658
-0.187722 -0.392357 4.06978
-0.629732 0.000372941 2.58382
-0.641474 -0.0874621 1.22825
-0.643349 -0.0137198 1.21638
-0.636068 0.0355365 1.92287
-0.633926 -0.0611951 2.02764
-0.637903 0.12801 1.23734
-0.639311 0.111468 1.22034
-0.62884 0.019559 1.40202
0.240182 -0.0950771 1.47476
-0.634682 -0.0958878 1.36402
0.204193 -0.0828501 2.06234
0.277021 -0.270653 2.99764
-0.761953 -0.208981 2.55824
0.255645 -0.441506 4.90234
0.110009 0.139979 1.46276
-1.05209 -0.704135 5.61202
0.114106 -0.153623 5.0691
0.237841 0.0225475 2.12955
0.2478 0.038697 2.51578
-0.627051 0.0383517 1.35161
-0.64275 -0.0721711 1.80943
-0.626494 0.0481718 1.56628
-0.60988 0.224066 2.2258
-0.183496 0.200917 1.58339
0.204165 -0.279456 2.82771
0.223077 -0.0609152 2.89383
0.143349 0.0422305 2.64183
0.230638 -0.0343919 3.41432
-0.659231 0.0750403 1.21253
-0.610309 0.140057 1.73138
-0.651418 -0.00369858 2.49253
-0.657201 0.0217592 1.26086
-0.636201 0.0293801 1.23377
-0.324971 0.209835 1.83561
-0.652387 0.0390974 1.55629
-0.761953 -0.208981 2.55824
-0.633362 -0.0463377 1.31188
-0.633756 -0.0955687 1.36277
0.112826 0.14307 1.47686
-0.230206 -0.340072 3.56138
-0.0506377 0.0876847 1.55336
0.0297746 0.0728727 1.6849
-0.637682 0.11119 1.21798
0.234785 -0.282332 2.79315
-0.0281862 0.124818 1.42086
-0.0566964 0.108777 1.44484
-0.372031 0.239487 2.63347
-1.27202 -0.563034 4.37908
-0.664888 0.0404784 1.99322
-0.664793 -0.0193129 2.26978
-0.63223 -0.0600023 2.0164
0.155958 -0.146648 4.58328
-0.64957 -0.0741758 1.27009
-0.636279 -0.0278438 1.27678
-0.622236 0.187176 1.47006
-0.622966 0.124027 1.27605
-0.633775 -0.0696697 1.78946
-0.640162 -0.087478 1.56191
-0.647856 0.0790102 1.95588
-0.188849 -0.376261 3.92697
0.245829 0.023874 2.17239
0.249979 0.00621121 1.62864
0.22075 -0.0596884 2.89006
-0.0400111 0.0271112 1.5943
-0.655074 0.0806661 1.97438
0.228005 -0.0892272 2.15763
-0.630619 0.0136265 1.36331
-0.623907 0.0203877 1.43511
-0.626175 0.0185841 1.3924
-0.637277 -0.0278593 1.27602
-0.648495 -0.0747002 1.26514
-1.14283 -0.347242 4.639
-1.09732 -0.474861 4.53454
0.241605 0.0266265 2.1508
-0.639043 -0.0783584 2.12007
-0.818561 -0.232158 2.70683
-0.284064 0.215977 1.81217
-0.32636 0.212117 1.86344
-0.664888 0.0404784 1.99322
-0.670296 -0.0187995 2.30244
-0.646345 -0.0605341 2.04761
0.0882094 0.102401 1.62414
-0.288617 -0.428089 5.05261
0.0793669 0.100168 1.35841
-0.680587 -0.0670237 1.43942
0.234221 -0.200525 2.78065
-0.650103 0.113115 1.23104
0.259072 0.152922 1.69761
-0.0290981 0.12256 1.40624
-0.0539296 0.125891 1.41988
-0.0293838 0.108149 1.44612
-0.0551045 0.10839 1.4603
0.22696 0.122258 1.91698
0.0819101 0.0678014 1.43425
0.104865 -0.226523 2.75763
0.240088 0.0365058 2.46858
0.219102 -0.0273743 3.32353
-0.645614 -0.0133059 1.217
-0.624873 0.123514 1.27932
-0.654537 0.0229032 1.54657
-0.639284 -0.0682855 1.80618
-0.642604 -0.0885557 1.56602
-0.637483 0.146024 1.78716
-0.635369 0.0500938 1.56807
