0.0860426 0.0815065 1.5161
-0.667051 -0.238745 2.00485
0.379608 -0.0614377 1.96573
-0.622823 0.0649328 1.25556
-0.975026 -0.664528 5.26272
0.250442 0.167848 1.6581
-0.0151557 -0.120821 5.88417
-0.622026 0.189032 2.67267
-0.79205 -0.214372 2.66427
-0.625574 0.0719757 1.21133
0.217549 -0.322135 2.73767
0.250818 -0.128635 1.64275
-0.0558883 0.136985 1.4394
0.252759 0.170488 1.52248
0.0899603 0.157609 1.43538
-0.633211 0.190295 1.49586
-0.615274 0.0478498 1.55108
-0.655745 0.0277418 1.56326
-0.640362 -0.0863459 1.20093
0.236673 -0.472902 5.73795
0.434728 -0.673869 7.11452
-0.0551743 0.087981 1.52221
-0.632607 -0.0430342 1.31316
-0.625121 -0.0649631 1.27438
-0.688119 -0.073802 1.55596
-0.645292 0.114261 1.22626
-0.0585063 -0.816647 7.35856
0.21785 -0.0818014 2.20473
0.221385 -0.0864559 2.41381
0.248375 0.101932 1.683
-0.79205 -0.214372 2.66427
0.24352 0.136045 1.73077
-0.638416 0.0728301 1.22321
0.0758253 0.0397613 1.60237
0.0287014 0.144902 1.40866
-0.0923136 0.205713 1.71355
0.212337 -0.0580331 2.7596
0.231545 -0.199016 2.67039
-0.0569027 0.11019 1.44639
0.245033 -0.0735977 1.80768
0.231859 -0.112652 1.78531
0.234942 -0.0537628 3.27473
0.0962923 0.123483 1.43182
0.0919502 0.106627 1.44263
0.240928 -0.0127333 4.63806
0.272159 -0.241164 2.50868
-1.2625 -0.649764 4.3364
0.214491 0.175979 1.62467
0.205211 0.169471 1.63108
0.0210868 0.0855474 1.49617
0.0444235 0.136724 1.39473
0.000666352 0.0858039 1.53204
-0.0434998 0.158899 1.43018
-0.271644 0.214004 1.67159
-0.633804 0.163437 2.07512
-0.649892 0.0945223 2.25627
-0.622661 0.193134 1.48804
-0.630411 -0.0601494 2.02522
-0.651213 -0.00992441 2.47989
-0.631186 -0.00523336 1.79144
-0.636124 -0.0710322 1.79507
-0.61818 0.184554 1.41969
-0.649785 0.0413795 1.26419
-0.625103 -0.0740508 1.35236
-0.646092 -0.0734681 1.44971
-0.62742 0.0220302 1.35867
-0.620608 -0.067192 1.15433
-0.655583 -0.0861908 1.27366
-0.639762 -0.0798579 1.21884
-0.63949 -0.0216239 1.23605
-0.636424 -0.0139847 1.21177
-0.635401 0.149435 1.79671
-0.313521 0.260835 2.83144
-0.640577 0.192272 2.74931
0.252656 0.149098 1.54682
-0.0249674 0.125332 1.41947
-0.0273295 0.12163 1.45451
0.293216 0.112456 1.71828
0.245256 0.104882 1.62108
0.238658 -0.0730107 1.78893
-0.635401 0.0968066 1.23362
0.247862 0.116294 1.9395
0.245808 0.15021 1.71728
0.217549 -0.322135 2.73767
0.164665 0.0784957 1.36243
0.250393 0.102788 1.58795
0.240861 0.102439 2.10312
0.296122 -0.261491 2.54741
0.219117 -0.0596419 2.81743
0.0782393 0.116851 1.43824
0.250008 0.177276 1.86685
-0.63924 0.0305606 1.23645
-0.63121 0.0209955 1.23415
-0.0560753 0.127302 1.44013
0.171892 0.0846691 1.4987
0.133006 -0.164415 5.26989
0.0273392 -0.123766 4.87642
-1.16099 -0.360053 4.72924
-1.29195 -0.821827 5.48447
0.242242 -0.116385 1.55991
0.212431 0.174581 1.6196
0.22317 0.174288 1.54794
0.252567 0.145447 1.63661
0.021639 0.0864115 1.50851
0.00657392 0.140643 1.40323
0.110881 0.140675 1.47026
0.0587713 0.115375 1.41868
0.244661 0.00529798 1.6093
-0.264619 0.20647 1.6377
-0.336116 0.214158 1.85973
0.219899 -0.312067 2.90803
-0.630862 0.161307 2.06978
-0.641096 0.0876687 1.9355
-0.625786 0.231166 2.28199
-0.629991 0.206853 1.84972
-0.744433 -0.234562 2.41183
-0.645135 -0.219785 2.01181
-0.669107 -0.0232321 2.28229
-0.637502 -0.0615195 2.03992
-0.649201 0.0722611 1.20604
-0.628022 -0.0447074 1.2912
-0.644329 0.0221054 1.45416
-0.641665 -0.0806967 1.20911
-0.640341 -0.0861742 1.22504
-0.611595 0.123801 1.26229
-0.647083 -0.0887242 1.58025
-0.623444 0.0486562 1.56299
0.382119 -0.492678 4.93895
-1.15378 -0.481945 4.66394
-0.0274571 0.108401 1.42966
0.234289 -0.0870002 2.30218
0.229011 -0.0885047 2.47512
0.24123 -0.233669 2.79432
0.226166 -0.291557 2.88886
0.236405 -0.284287 2.77542
-0.0555014 0.1299 1.4542
0.115955 0.0813536 1.55361
0.108375 -0.145882 4.76644
0.112248 -0.192211 4.80206
0.194993 0.0560399 2.79111
-1.19587 -0.587104 4.43267
0.22829 -0.195927 2.72514
0.238845 -0.199457 2.90919
-1.22321 -0.582922 4.66784
-1.2923 -0.821444 5.47369
0.247072 0.103921 1.54959
0.201722 0.17345 1.59331
0.251026 0.153671 1.74352
0.238025 0.16843 1.56508
0.222676 0.17462 1.54962
0.0166909 0.119352 1.42329
0.0459636 0.138523 1.40336
0.239934 -0.11504 1.84665
0.232212 -0.0931404 2.20333
0.237958 0.0335986 2.43721
-0.0688014 0.157164 1.51878
-0.276129 0.211145 1.81539
-0.180508 0.203202 1.59666
-0.182579 0.198656 1.5704
-0.184794 -0.387834 4.05946
-0.0554957 -0.732095 6.62668
-1.06572 -0.723089 5.70002
-0.630607 0.160567 2.07016
-0.641096 0.0876687 1.9355
-0.625885 0.230776 2.28248
-0.775842 0.234171 3.21897
-0.754795 -0.204828 2.54823
-0.638038 -0.217226 1.9885
-0.644829 0.033413 1.93825
-0.62537 -0.00300033 2.54344
-0.667602 -0.0103233 2.5395
-0.605883 -0.0221083 2.74333
-0.626494 0.0481718 1.56628
-0.658453 0.0257857 1.56265
-0.621637 0.185415 1.42569
-0.639526 0.0696416 1.2185
-0.631634 -0.0438128 1.31061
-0.633143 -0.0746489 1.36322
-0.646068 -0.073826 1.45115
-0.645677 -0.0795251 1.44055
-0.626989 0.020791 1.35872
-0.648831 0.021679 1.43394
-0.641719 -0.0845275 1.2572
-0.647903 -0.0140958 1.2233
-0.621787 0.12605 1.27317
-0.63797 -0.0720599 1.79793
-0.640616 -0.0875465 1.56719
-0.626494 0.0481718 1.56628
0.249293 0.148615 1.6865
0.252601 0.150754 1.77852
-0.645428 0.0405295 1.25768
0.223223 -0.0797502 2.25317
0.0400344 -0.145829 5.66354
-0.0557269 0.125896 1.42528
-0.0569027 0.11019 1.44639
-0.63743 0.128181 1.23635
-0.0262593 0.125661 1.42593
-0.0278514 0.108943 1.44236
0.224139 -0.0610755 2.87131
0.216789 -0.0483859 3.12976
0.174472 -0.0985662 2.79684
0.244819 0.161799 1.7808
0.208817 0.170312 1.61089
0.110009 0.139979 1.46276
0.21154 0.156572 1.50098
0.25087 0.144735 1.62815
0.0161996 0.117913 1.41213
0.0449009 0.138181 1.40167
0.229021 -0.116496 1.6606
0.217672 -0.308291 2.84886
0.233699 0.0350379 2.41089
0.239725 0.0219314 2.13503
-0.0550717 0.0873179 1.53143
-0.0433176 0.15901 1.43238
-0.400393 0.266974 3.0195
-0.187722 -0.392357 4.06978
0.27653 -0.46266 5.14437
-1.01112 -0.68239 5.42833
-0.641096 0.0876687 1.9355
-0.660849 0.236207 2.86358
-0.588152 0.178048 2.59279
-0.626494 0.0481718 1.56628
-0.692803 -0.211299 2.27497
-1.16854 -0.357872 4.75012
-1.26526 -0.611763 4.86268
-0.678273 -0.0219434 2.31083
-0.637923 -0.0237565 2.88144
-0.626494 0.0481718 1.56628
-0.669446 0.0268357 1.57728
-0.619129 0.125077 1.27047
-0.633756 -0.0955687 1.36277
-0.626683 0.0186417 1.35637
-0.653129 0.0211659 1.46693
-0.628927 -0.0641751 1.27683
-0.645973 -0.085635 1.26098
-0.641346 0.0303639 1.23884
-0.639311 0.111468 1.22034
-0.641551 -0.0882489 1.567
-0.626912 0.146155 1.77588
-0.183496 0.200917 1.58339
-0.645802 0.0401708 1.25729
-0.645225 0.0388023 1.24384
-0.118906 -0.0403042 5.00603
0.208773 0.0612309 3.30688
0.211699 -0.266764 2.87266
0.234785 -0.282332 2.79315
0.208856 -0.282154 2.83727
0.248241 0.00575013 1.62212
0.014512 0.14014 1.40788
-0.61525 0.155739 2.02885
-0.643924 0.08485 1.94879
-0.64275 -0.0721711 1.80943
-0.653505 0.023977 1.54759
-0.628679 0.0368841 1.35378
-0.629732 0.000372941 2.58382
-0.639363 -0.0069856 2.45053
-0.675263 -0.0246912 3.05907
0.241605 0.0266265 2.1508
-0.607289 0.140923 1.72821
-0.634099 -0.0276375 1.27496
-0.639578 0.0218561 1.24294
-0.646036 -0.078865 1.4418
-0.639115 -0.0771272 2.11683
-0.761953 -0.208981 2.55824
-0.634682 -0.0958878 1.36402
0.255381 0.148695 1.63936
0.25087 0.144735 1.62815
-0.637903 0.12801 1.23734
-0.263296 0.209703 1.65893
-0.277056 0.21092 1.8088
-0.334904 0.214172 1.86553
-0.606351 0.0699524 1.19099
-0.654113 0.0734211 1.21057
-1.27202 -0.563034 4.37908
-0.635483 0.0201696 1.44281
-0.62884 0.019559 1.40202
0.069529 0.121457 1.42614
0.0461187 0.138899 1.41188
-0.633926 -0.0611951 2.02764
0.0845921 -0.188097 2.40248
0.240277 0.100752 2.1087
-0.0539055 0.0869964 1.53835
-1.05209 -0.704135 5.61202
-0.354759 0.227558 2.593
-0.643349 -0.0137198 1.21638
-0.639311 0.111468 1.22034
0.0926915 0.0723586 1.51448
0.22075 -0.0596884 2.89006
0.0104369 0.0405654 2.34478
0.201885 0.0773911 4.88583
0.145326 0.0414877 2.37024
-0.657201 0.0217592 1.26086
-0.627051 0.0383517 1.35161
0.262578 -0.118814 1.93351
-0.610309 0.140057 1.73138
-0.613715 0.0706837 1.19837
-0.634446 -0.0763491 1.42467
-0.639043 -0.0783584 2.12007
-0.761953 -0.208981 2.55824
-0.32636 0.212117 1.86344
0.237841 0.0225475 2.12955
-0.654537 0.0229032 1.54657
-0.64957 -0.0741758 1.27009
-0.633362 -0.0463377 1.31188
-0.601472 -0.0691893 1.32489
-0.647713 0.0167545 1.95068
-0.664793 -0.0193129 2.26978
-0.646345 -0.0605341 2.04761
-0.643563 0.129581 1.24486
-0.622966 0.124027 1.27605
-0.0269191 0.124631 1.42566
-0.0549781 0.127658 1.43721
-0.0282969 0.109511 1.45286
-0.0566964 0.108777 1.44484
0.186673 -0.140272 3.23634
0.255645 -0.441506 4.90234
-0.230206 -0.340072 3.56138
0.22312 -0.0836003 2.45442
0.182442 -0.238875 2.71143
0.112826 0.14307 1.47686
0.248251 0.151947 1.75469
-0.0524699 0.086743 1.53946
-0.570104 -0.266191 3.17056
-0.372031 0.239487 2.63347
0.230555 0.0598237 3.52154
0.230638 -0.0343919 3.41432
0.2478 0.038697 2.51578
0.22673 -0.0873428 2.48113
0.114106 -0.153623 5.0691
-0.633775 -0.0696697 1.78946
-0.640162 -0.087478 1.56191
0.246503 0.00543195 1.61658
-0.622236 0.187176 1.47006
-0.622966 0.124027 1.27605
-0.642604 -0.0885557 1.56602
-0.651418 -0.00369858 2.49253
0.167791 -0.13251 2.98309
-0.664888 0.0404784 1.99322
-0.670296 -0.0187995 2.30244
-0.659231 0.0750403 1.21253
-0.620446 0.0381907 1.343
-1.14283 -0.347242 4.639
-0.652387 0.0390974 1.55629
-0.63223 -0.0600023 2.0164
-0.818561 -0.232158 2.70683
-0.636279 -0.0278438 1.27678
-0.630047 -0.0645211 1.27212
-0.694816 -0.0732748 1.5596
-0.284064 0.215977 1.81217
-0.324971 0.209835 1.83561
-0.673473 0.20474 2.99888
0.259072 0.152922 1.69761
0.244354 -0.0854259 2.43384
-0.646412 0.161115 2.11336
-0.655074 0.0806661 1.97438
-0.188849 -0.376261 3.92697
-0.633362 -0.0463377 1.31188
0.245829 0.023874 2.17239
-0.288617 -0.428089 5.05261
-0.0539296 0.125891 1.41988
-0.0551045 0.10839 1.4603
0.0882094 0.102401 1.62414
0.232445 -0.0712893 2.46587
0.234221 -0.200525 2.78065
-0.0506377 0.0876847 1.55336
0.18382 -0.0595832 2.48861
0.223077 -0.0609152 2.89383
0.0197945 -0.121272 4.92362
0.155958 -0.146648 4.58328
-0.639284 -0.0682855 1.80618
-0.637483 0.146024 1.78716
-0.635369 0.0500938 1.56807
0.249979 0.00621121 1.62864
