0.291929 0.00904145 1.28875
0.315089 -0.314461 1.68051
0.178994 -0.198651 1.05099
0.251689 -0.120196 1.36044
0.229079 -0.107374 1.29653
0.122177 0.198825 1.25524
0.268562 0.163888 1.045
0.267588 0.158188 0.727107
0.253976 -0.102645 1.12169
0.282697 0.166509 1.3471
0.270904 0.110369 0.802975
0.227521 0.0251564 1.04948
0.295802 -0.105448 0.719847
0.271832 0.0943817 0.728273
0.290793 0.104885 0.80269
0.294417 0.0418225 1.11541
0.290054 0.0319885 1.0441
0.297058 0.0343787 1.11961
0.334066 -0.150421 0.788852
0.324083 -0.14258 0.775515
0.274858 0.161239 0.899951
0.303327 -0.0911428 0.769162
0.278954 0.0238634 1.09111
0.29766 0.0335835 1.19697
0.268499 -0.119899 1.01765
0.292566 -0.0153931 0.87792
0.275997 -0.0247279 0.853095
0.277862 -0.0228707 0.893154
0.319518 -0.117883 0.81312
0.311422 0.0379576 0.934615
0.298112 0.0375201 0.95424
0.314045 0.0300086 0.983266
0.294878 -0.119809 0.74237
0.288202 -0.124288 0.730906
0.328592 0.021607 1.25827
0.315374 -0.133711 0.919703
0.287044 -0.0368039 1.11092
0.22497 -0.10123 1.14029
0.305853 -0.0243723 1.4479
0.217132 -0.0110859 1.11568
0.23991 0.00905007 1.17391
0.218057 0.00712493 1.12018
0.311584 -0.00965901 1.46516
0.0188325 0.174864 0.737207
0.0279929 0.196461 0.98353
-0.626708 -0.234576 1.55144
-0.677485 -0.125471 1.08244
-0.648575 -0.128994 0.833294
0.295558 0.0668039 0.434771
0.605911 -0.00532773 0.782873
0.460178 -0.125608 0.769558
-0.668148 0.0165364 1.08442
-0.672686 0.123985 1.12235
-0.655104 -0.0350213 1.17705
0.287344 0.0621027 0.697111
0.350398 -0.0373659 0.758161
-0.675173 -0.0914986 1.64843
-0.701554 -0.0767131 1.57922
0.321054 0.149456 0.6807
0.317636 0.00565777 0.775749
-0.616124 -0.337215 1.97988
-0.629411 -0.401682 2.03066
-0.634505 -0.175042 1.1348
-0.656522 -0.182505 1.1289
-0.633645 -0.258433 1.39175
-0.617469 -0.0716624 1.1013
-0.585571 -0.326507 1.62746
-0.651415 -0.00102048 1.01394
-0.084616 0.0387731 0.219024
-0.658967 -0.109715 0.923978
-0.688569 -0.015754 1.29869
-0.0389201 0.196613 1.04243
0.0669359 0.187063 0.83346
-0.619768 0.0317717 1.07872
0.679219 -0.0729675 0.885451
-0.705065 0.0404594 1.5161
-0.669457 0.0514095 1.67397
0.181461 0.178202 1.06975
-0.661121 -0.00585924 0.930665
-0.699922 -0.00794088 0.955468
-0.629748 -0.0519135 1.29253
-0.689289 -0.104277 1.48209
0.295539 -0.128507 0.828418
0.279724 -0.158353 0.818506
0.468218 -0.137968 0.749959
0.637893 -0.154912 0.872725
0.690006 -0.193406 0.943921
-0.735457 -0.199919 1.37629
0.643907 -0.0942994 0.906696
0.643236 -0.122232 0.891795
-0.640328 0.0302929 1.53213
-0.642549 0.0217777 1.45077
-0.79189 -0.0614719 1.79358
-0.620456 -0.22992 1.80173
0.202732 0.169296 0.734156
0.141461 0.155928 0.756604
0.426399 -0.0420253 0.766344
0.495883 -0.0258506 0.859167
0.38641 -0.0780009 0.760905
0.669103 -0.144554 1.00286
0.553858 0.00256014 0.759118
0.667771 -0.0306691 0.88989
0.280442 0.022368 0.457359
0.150847 0.164141 0.956572
0.124534 0.158655 0.993921
0.295002 -0.0476799 0.730452
0.309455 -0.0724607 0.773921
0.340628 -0.240985 1.42583
0.353657 -0.273158 1.4161
0.352831 -0.209755 1.26353
0.285984 -0.293365 1.43013
0.313787 -9.09637e-05 0.77157
0.310898 -0.0254572 0.769711
0.554198 -0.00316687 0.795865
0.548343 -0.0196778 0.79219
0.546944 -0.0161731 0.804649
-0.0300876 0.192928 0.965666
0.26476 0.0454391 0.727867
0.255103 -0.134685 1.23185
0.279764 -0.203529 1.45743
0.307423 0.142896 1.11799
0.297162 0.0989875 1.04872
0.291571 0.17257 0.836229
0.2672 0.157492 0.822417
0.355293 0.0158054 1.15762
0.296883 -0.00136963 1.12483
0.275368 -0.0149566 0.926494
0.128441 0.199565 1.01315
0.26761 0.163876 1.12583
0.278463 -0.0576166 0.799187
0.248628 0.0676947 0.649014
0.247894 0.109214 0.772616
0.166772 -0.156263 1.21198
0.272435 0.0551973 0.810788
0.271074 0.0641946 0.871461
0.307357 0.0296685 0.896168
0.287363 -0.134142 1.33297
0.314835 -0.166239 1.27976
0.283419 -0.183311 1.28356
0.264266 0.125646 0.665718
0.283082 0.142524 0.744286
0.289082 0.177713 1.01562
0.300085 0.156587 1
0.272143 -0.0478311 1.08809
0.30444 -0.111124 0.709947
0.297833 -0.0753979 0.782787
0.211658 -0.0474473 1.0811
-0.709438 -0.0182724 2.0108
-0.708084 -0.0795516 1.99136
