-0.017778 0.11463 1.40335
0.21472 0.175653 1.61676
0.431182 -0.673022 7.45598
0.238628 -0.476388 5.77239
0.183312 -0.276812 2.67902
0.216793 -0.320924 2.72474
0.248915 -0.0131832 4.74112
0.0915281 0.105594 1.43023
0.237106 -0.119536 1.68644
0.0316073 -0.131768 5.13997
0.236751 -0.0525052 1.7327
-0.627625 -0.070144 1.77268
-0.62485 -0.0426656 1.29858
-0.597592 0.186542 1.72958
-0.651967 0.0275497 1.55258
-0.620656 -0.0424764 1.29386
0.25128 0.138559 1.74528
-0.617675 0.187497 2.65166
0.451772 -0.698616 7.35212
-0.613784 0.0474959 1.54446
-0.784606 -0.212278 2.63867
0.240119 0.0336586 2.43933
-0.048673 -0.541321 6.10332
0.233987 -0.281043 2.74767
0.209008 0.170624 1.63434
-0.638333 0.0405312 1.24659
-0.657797 0.019396 1.25759
0.219712 -0.31183 2.90196
0.0943513 0.122155 1.4131
0.0983789 0.111015 1.43135
0.176355 -0.103539 2.78357
-1.20228 -0.586384 4.44746
-1.36591 -0.718675 4.90027
0.0211383 0.0847269 1.48254
0.222208 -0.107346 1.77388
-0.971055 -0.661517 5.23684
-0.626196 0.1614 2.05099
-0.627034 0.14736 1.77421
-0.615928 0.190997 1.47253
-0.614686 0.183436 1.40996
-0.622266 0.0648403 1.24978
-0.622376 -0.0739 1.34395
-0.688672 -0.0741647 1.5525
-0.623466 -0.00517287 1.77015
-0.627672 0.208607 1.90272
-0.65863 -0.022921 2.24795
-0.624752 -0.0603271 2.09127
0.187838 -0.162936 4.94576
-0.634306 0.0441186 1.526
-0.059035 -0.814543 7.33694
0.220656 -0.0825623 2.21124
0.250658 0.0213965 2.15762
0.259004 -0.524135 6.19372
-0.784606 -0.212278 2.63867
0.236056 -0.0710406 1.76645
0.115606 0.0807448 1.54162
0.113585 0.0872061 1.53695
-0.303977 0.251366 2.73986
0.227403 -0.292009 2.89445
-0.742309 -0.233946 2.40304
-0.0269377 0.120485 1.43887
-0.0909878 0.20056 1.67854
0.221993 -0.19166 2.65398
0.220549 -0.085935 2.39988
0.0316073 -0.131768 5.13997
-1.27784 -0.812498 5.42264
-0.0540305 0.0896027 1.5327
-0.055659 0.133963 1.41321
0.219277 -0.0595024 2.80169
0.174414 -0.0987871 2.79206
0.241077 0.106047 1.73298
0.235236 -0.11352 1.78866
0.237353 -0.0929198 2.21832
0.23522 -0.0248683 2.21414
-0.269397 0.21241 1.65808
-0.21241 0.213757 1.85847
-0.224673 -0.382818 3.92752
-1.02842 -0.697014 5.50278
-0.640698 0.17047 2.12073
-0.63552 0.0922813 2.20934
-0.628656 -0.0601274 2.01707
-0.645762 -0.00993946 2.45896
-0.598293 -0.0218655 2.70939
-0.611144 0.123723 1.25673
-0.6285 -0.0826245 1.35178
-0.637768 -0.0727089 1.43287
-0.641889 0.0212651 1.41927
-0.62468 -0.0276077 1.2606
-0.626172 0.042866 1.55541
-0.633157 -0.0715423 1.78395
-0.635323 -0.087005 1.55564
0.0840539 0.0802595 1.49503
0.111388 -0.191109 4.78052
0.225695 -0.18966 2.80859
0.115409 0.0875537 1.54635
-0.691056 -0.211001 2.2686
0.233164 -0.117499 1.68656
-0.126886 -0.0476329 5.47497
-0.0371592 0.11933 1.41386
-0.0561052 0.123454 1.409
0.219965 -0.310809 2.86833
0.301909 -0.265073 2.56714
-0.0545432 0.0872954 1.51054
0.22946 -0.0833682 2.52284
0.220841 -0.0597662 2.82462
0.242661 -0.0551099 3.34173
-1.23764 -0.590187 4.7187
-1.30096 -0.771612 5.5053
-1.19118 -0.584326 4.41363
0.0582364 0.114277 1.40462
0.000477192 0.0848561 1.51403
-0.044928 0.082092 1.51055
0.0213021 0.0852382 1.49015
-0.0240404 0.125295 1.41355
0.233026 -0.227784 2.73247
0.23034 -0.0920865 2.18449
0.228291 -0.0236055 2.18163
-0.334566 0.213249 1.84973
-0.202989 0.196481 1.7632
-0.056516 -0.754156 6.81306
0.371282 -0.481046 4.83165
-0.621643 0.158722 2.04069
-0.630221 0.0860148 1.90479
-0.620951 0.229219 2.26348
-1.13634 -0.352589 4.63154
-0.638886 0.0330534 1.92035
-0.631895 -0.061048 2.02183
-0.624292 -0.00295455 2.53738
-0.629778 -0.0234969 2.84493
-0.617969 0.048077 1.54906
-0.618652 0.125375 1.26464
-0.641042 -0.0794658 1.42954
-0.62671 -0.0740594 1.34994
-0.640659 -0.0732651 1.43871
-0.62084 0.0205961 1.34555
-0.637347 0.0217913 1.43876
-0.615489 -0.0640853 1.25792
-0.623163 -0.0444919 1.28044
-0.63919 0.0400174 1.24562
-0.615814 0.183632 1.41232
0.219062 -0.102385 1.83161
0.235473 0.0334053 2.41297
0.1091 -0.145998 4.77452
0.21855 -0.189498 2.65088
0.225588 -0.0871296 2.44238
0.232488 -0.111147 1.8088
-1.16125 -0.484779 4.68695
-1.22483 -0.5911 4.70813
0.0260007 -0.128174 5.14564
0.237903 0.0219364 2.11764
-0.501323 -0.179399 3.25606
-0.0551828 0.126136 1.42301
-0.0270047 0.107541 1.41718
0.242855 -0.191971 2.95807
0.229169 -0.0848685 2.26585
-0.271909 0.207628 1.78928
-0.0600696 -0.765077 6.88841
0.321079 -0.524932 5.74573
-0.990583 -0.668092 5.31673
-0.621532 0.158196 2.04172
-0.630221 0.0860148 1.90479
-0.663098 0.236603 2.86939
-0.617675 0.187497 2.65166
-0.659441 0.0967326 2.32612
-0.753801 -0.175055 2.5773
-0.743227 -0.201753 2.51043
-1.1448 -0.350509 4.65413
-0.600006 0.032196 1.8449
-0.626771 -0.0605289 2.00511
-0.65989 -0.0102205 2.51038
-0.620915 0.047764 1.5522
-0.639272 -0.0789544 1.4265
-0.622414 0.0187445 1.34629
-0.650164 0.0388159 1.54877
-0.62667 -0.0435964 1.29971
-0.634144 -0.0867283 1.55154
0.205645 0.057733 2.87342
-0.0532072 0.0857637 1.51646
0.206254 -0.278983 2.80448
-0.0261465 0.123658 1.40595
-0.0275878 0.107332 1.42291
-0.0355022 0.12217 1.43126
0.266842 0.137858 2.13
-0.395489 0.263602 2.98112
0.240733 0.0266592 2.13988
0.229774 0.0668071 3.49756
0.0573718 0.115578 1.40338
-0.0469724 0.080902 1.50064
-0.0550862 0.124178 1.40766
-0.0563054 0.109115 1.43094
0.245551 0.0364267 2.46639
-0.350082 -0.533616 6.1519
-0.182402 -0.3825 4.00257
0.0401482 -0.145449 5.65978
0.119411 -0.159218 5.2316
-1.01767 -0.680229 5.42726
-0.60882 0.154066 2.00794
-0.637316 0.0837983 1.92896
-0.621623 0.229022 2.26576
-0.78023 0.236299 3.23809
-0.620521 0.144596 1.75798
-0.628086 -0.0761612 2.08166
-0.62762 -0.0595227 2.0012
-0.635546 0.0356545 1.91846
-0.670393 -0.0215994 2.28425
-0.624487 0.000190561 2.56232
-0.667931 -0.0234209 3.02371
-0.630347 -0.006836 2.41664
-0.648886 0.0235992 1.53628
-0.623082 -0.0445001 1.27956
-0.620915 0.047764 1.5522
-0.638171 -0.0716023 1.796
-0.633652 -0.0866318 1.54621
0.275632 -0.269275 2.98117
0.212712 -0.26704 2.8762
0.148959 0.0410614 2.66358
0.236757 0.0618587 3.58216
0.222805 -0.0606544 2.85251
0.213679 -0.0477723 3.08887
0.21971 -0.027092 3.32564
-0.621593 0.0379116 1.33965
-0.612593 0.016701 1.33267
-0.60594 0.140552 1.72225
-0.630117 -0.0692257 1.77832
-0.628384 -0.0275152 1.26337
-0.636519 -0.0877174 1.55443
-0.686791 -0.0724667 1.54236
0.309471 -0.518716 5.65137
0.22542 -0.0700747 1.73998
-0.626156 -0.0765865 2.07925
-0.752889 -0.206382 2.52788
-0.275086 0.209343 1.79372
-0.331572 0.211976 1.84679
-0.657403 -0.0190105 2.24475
0.091672 0.0858478 1.47333
-0.651282 0.022765 1.53791
-0.029056 0.106949 1.43073
-0.0544836 0.0864065 1.5155
-0.0475846 0.0472854 1.57196
-0.251645 -0.378683 3.91197
0.218504 -0.0783793 2.21526
0.187432 -0.140871 3.23766
0.103108 -0.212105 2.60572
0.241327 0.0377862 2.46497
0.256618 -0.0269271 2.32296
0.242542 -0.0744314 2.52489
0.0944804 0.0729316 1.51459
-0.384241 0.250931 2.80841
-0.614821 0.124226 1.26069
0.237238 0.0226308 2.11892
-0.601727 0.220834 2.19676
0.217452 -0.0417998 2.7304
0.217799 -0.0592893 2.85954
0.217038 -0.0685193 2.36538
0.246291 -0.0777994 2.55413
-0.324038 -0.120845 4.88734
-0.762307 -0.357695 4.16026
-0.660773 -0.0188443 2.27081
-0.626755 -0.0459135 1.29848
0.214575 -0.0670302 1.70946
-0.661409 0.0403548 1.98145
-0.641539 0.159714 2.09673
-0.612087 0.140136 1.7326
-0.649799 0.0799853 1.95815
0.243213 0.0238257 2.14983
-0.621595 0.0364195 1.33903
-0.323384 0.208806 1.82596
-0.640995 -0.0602322 2.03061
-0.752889 -0.206382 2.52788
0.105247 -0.226526 2.75312
-0.326572 -0.406182 6.19074
-0.349635 -0.532129 6.17902
-0.679834 0.206466 3.02571
-0.0281124 0.107513 1.42989
-0.0560572 0.107628 1.43054
-0.628605 0.0496096 1.55181
-0.677812 0.0199932 1.52499
0.183839 -0.14189 3.13068
0.226447 -0.194766 2.71382
0.0608141 0.0283249 1.7481
0.152609 -0.0495361 2.2666
0.22991 -0.0806468 2.3183
0.0223327 -0.12677 5.11797
0.160945 -0.15105 4.70072
-1.10582 -0.471242 4.85682
-0.373208 0.240392 2.64412
0.231819 -0.0341381 3.42191
-0.629483 -0.0275819 1.26342
-0.632946 -0.0676305 1.78837
-0.650914 -0.00362973 2.48915
-1.12013 -0.340424 4.54882
-0.616538 0.122918 1.26327
