-0.275526 -0.398996 4.09433
0.23954 -0.079719 1.88258
0.452517 -0.698931 7.35652
0.237565 0.0402792 2.47702
-0.01525 -0.120916 5.88805
0.202974 -0.174398 2.6752
-0.970444 -0.661152 5.23357
-0.622695 -0.0696204 1.76133
-0.606958 0.188961 1.45808
-0.61226 0.1826 1.40521
-0.60191 0.154496 1.98728
-0.614537 0.035638 1.32855
0.4245 -0.660578 7.30147
0.242394 -0.482311 5.8402
-0.627086 0.166718 2.08153
-0.679637 0.055849 2.01292
-0.630996 0.0326717 1.89589
-0.15243 0.222241 2.12214
0.0199223 0.118662 1.39763
-0.62887 -0.0484901 1.30364
-0.62675 -0.0430219 1.29956
0.234646 -0.105362 1.74479
0.232183 -0.100547 4.38224
0.18181 -0.156218 4.77794
0.232094 0.048324 2.80399
0.247198 0.146677 1.74557
0.23025 -0.0659376 2.40742
0.222938 -0.0780331 2.35342
0.39743 -0.512948 5.05745
-0.0166145 0.115665 1.40854
-0.27946 -0.12464 6.71896
-0.32379 -0.379782 6.55061
-0.221639 -0.380715 3.91118
0.0315656 -0.131565 5.12468
-0.984658 -0.634693 5.21935
-0.0131807 0.0388396 4.88664
-0.136201 -0.0403354 5.74077
-1.23771 -0.610645 4.91056
-1.21443 -0.592687 4.49158
0.216866 -0.183617 2.74574
0.273215 -0.241715 2.50368
-0.926129 -0.262598 4.32221
-1.01577 -0.688677 5.43764
-0.612612 0.144527 1.74617
-0.600603 0.188214 1.73604
-0.68306 -0.0736556 1.54294
-0.623288 -0.0313103 1.26291
-0.623127 -0.0739665 1.34375
-0.606855 0.122854 1.25074
-0.610995 0.189574 1.46361
-0.631626 0.0917214 2.19692
-0.622456 -0.0427098 1.29471
-0.624735 -0.0532976 1.28892
0.239113 -0.0933131 2.22572
0.227119 -0.0995702 2.24048
-0.0145692 0.0865437 1.48489
-0.626828 0.109684 1.87661
-0.631542 0.0859066 1.90539
-0.337476 0.219856 2.03728
0.243511 0.0209493 2.12548
-0.654546 -0.0228455 2.23519
-0.621098 -0.0598964 2.07631
0.246768 -0.0282338 2.27794
0.225813 -0.0839972 2.23518
-0.0487441 0.10674 1.44695
-0.0588157 -0.81259 7.31782
0.231241 0.0323641 2.39081
0.111269 0.0859413 1.52866
0.186076 -0.161386 4.90291
-0.00901639 0.056663 1.65191
0.218189 -0.309377 2.88303
0.114917 0.0805483 1.53618
-0.96491 -0.248154 4.39578
-0.769072 -0.207791 2.59274
0.380176 -0.490895 4.91661
-0.7496 -0.236367 2.42331
-0.64716 0.0272767 1.54377
0.181151 -0.0917925 3.26332
0.236047 -0.070997 1.76396
0.217592 -0.0645462 2.45654
0.222719 -0.0866433 2.41022
0.250823 -0.227039 2.45216
0.222947 -0.0818528 2.48404
0.205911 0.0133902 4.73526
0.223851 -0.00171405 3.44577
0.227347 -0.29201 2.89253
-1.14304 -0.354736 4.6588
0.232488 -0.062362 2.89059
0.0560956 0.0392576 5.06537
0.232586 -0.199598 2.6657
0.234001 -0.199107 2.72561
-1.28096 -0.814436 5.43487
-1.09951 -0.497738 5.10383
0.0211821 0.0845146 1.47928
-0.178934 -0.376052 3.95088
-0.226384 -0.38597 3.95687
-0.628924 0.162126 2.05742
-0.624434 0.146822 1.76771
-0.633871 -0.0607327 2.03
-0.597613 -0.021824 2.7063
-0.645045 -0.00981341 2.45603
-0.623475 -0.00510562 1.76967
-0.614721 0.0474298 1.54528
-0.641103 0.0445271 1.53701
0.221181 -0.311286 2.87643
-0.639239 -0.079228 1.4258
0.257916 -0.517655 6.13526
-1.26329 -0.556615 4.36302
0.14688 -0.140099 4.3696
0.161445 -0.148032 4.62159
0.112263 -0.192653 4.81416
-0.305235 0.252775 2.75558
-0.0551935 0.125349 1.41936
-0.0508307 0.111995 1.44433
-0.286794 -0.11491 6.47856
-0.294502 -0.270581 6.15189
0.291702 -0.257582 2.51526
-0.769072 -0.207791 2.59274
-0.625058 -0.0601547 2.09148
-0.649212 0.102384 2.69283
-0.0570583 -0.100022 5.78742
-0.044911 0.0815735 1.50377
0.202794 -0.181583 2.56887
0.206736 -0.034186 3.2472
-0.0659244 0.0953424 1.55418
-0.938646 -0.268779 4.38875
-1.05218 -0.485312 4.864
-1.24832 -0.595693 4.75962
-1.29892 -0.771997 5.50508
-1.2114 -0.594249 4.4849
0.234739 0.105505 1.76294
0.116047 0.0878688 1.5435
0.0657525 0.0616636 1.80712
0.235669 0.0215737 2.09983
0.286829 -0.250752 2.56592
0.220596 0.055969 2.67582
0.23567 0.0334111 2.41177
-0.333713 0.212748 1.84536
-0.328295 0.221262 2.01504
-0.211095 0.212008 1.84682
-0.0566363 -0.758002 6.85038
-0.621161 0.158635 2.03882
-0.662641 0.236233 2.86576
-0.62284 0.229994 2.26904
-0.631964 0.0862659 1.90866
-0.652619 0.032329 1.97183
-0.630964 -0.0610892 2.01897
-0.629994 -0.00277227 2.5588
-0.631227 -0.0713325 1.77882
-0.642841 -0.0496393 1.43948
-0.635613 -0.0724388 1.4287
-0.633895 -0.0867903 1.55226
-0.686368 -0.0738206 1.54452
-0.607121 -0.0435039 1.26454
-0.620185 0.0216863 1.34314
-0.621296 0.186753 1.47073
-0.480474 0.252551 3.01178
-0.605999 -0.0593838 2.0412
-0.658883 -0.0100887 2.50639
0.236407 0.0563635 2.74245
-0.126856 -0.0464309 5.48274
0.110585 -0.147066 4.81791
-0.184364 -0.3875 4.04788
0.226725 -0.084051 2.25028
0.225923 -0.194478 2.69641
0.226295 -0.188459 2.80706
0.0276212 -0.13035 5.18095
0.0909342 0.0851198 1.48186
-0.742327 -0.201494 2.50728
-0.910762 -0.560611 4.7928
0.236603 0.0219755 2.10784
-0.585163 0.176582 2.53325
0.113683 0.0863104 1.53636
0.0857902 0.0808442 1.5003
-0.050513 0.113284 1.45315
0.235022 -0.112703 1.78159
-0.410736 0.295122 3.78764
-0.054339 0.0872021 1.50873
-1.28029 -0.575113 5.37395
-1.22823 -0.592486 4.71919
0.189768 0.00646082 3.20693
0.20677 -0.2791 2.8068
0.224665 -0.0866204 2.43318
-0.529416 -0.192712 3.44421
0.0951265 0.0729298 1.51812
0.223049 -0.209821 2.32582
0.234442 -0.0235792 2.20643
-0.349113 -0.468949 6.69523
-0.0599378 -0.7652 6.88736
0.329873 -0.538778 5.88259
-0.992654 -0.669665 5.32936
-0.631964 0.0862659 1.90866
-0.627996 -0.0606047 2.0082
-1.14232 -0.350087 4.64595
-0.632411 -0.0234043 2.85595
-0.639969 0.0330573 1.92281
-0.618212 0.0480667 1.54884
-0.644319 0.0252677 1.53387
-0.623901 -0.0433346 1.29503
-0.619156 -0.0440795 1.27467
-0.618209 0.0207247 1.34065
-0.638692 -0.0729813 1.43462
-0.621424 0.15826 2.041
-0.206161 0.202239 1.79661
-0.392949 0.26197 2.96237
-0.0529104 0.0723459 1.52917
0.119289 -0.158972 5.21976
0.0665291 0.0364405 1.5767
0.193289 -0.0023243 2.84846
0.227517 -0.085258 2.48667
0.251901 -0.254725 2.8314
0.220638 -0.270899 2.91963
0.230402 -0.0620437 2.93227
0.0939685 0.0731043 1.51607
0.234015 -0.111404 1.81168
0.237047 0.0226166 2.11563
0.238158 0.0356397 2.42433
-0.0752019 0.160004 1.72692
-0.273841 0.209795 1.80141
0.0402786 -0.145168 5.64807
-1.01796 -0.680397 5.42808
-0.620768 0.228747 2.26258
-0.619542 0.144324 1.75504
-0.633126 0.0833064 1.91769
-0.668692 -0.0214849 2.27854
-0.627675 -0.00684968 2.40691
-0.634827 0.0357258 1.91607
-0.63206 -0.0864429 1.54678
-0.63302 0.0205365 1.43286
-0.619598 0.047769 1.54897
-0.620429 0.0364341 1.33647
-0.634045 -0.0711419 1.78547
-0.0270537 0.106914 1.41099
-0.134012 -0.0558519 6.16185
-0.213628 -0.273104 6.21308
0.212816 0.0583835 2.92762
0.223754 -0.0607885 2.86034
0.0959294 0.0735552 1.51944
-0.0467964 0.0810525 1.50224
-0.0542978 0.0860707 1.51035
-0.027585 0.106752 1.41589
0.194624 -0.142821 3.30203
0.229726 -0.196929 2.71572
0.190491 0.0490903 2.47757
-0.0741563 0.168248 1.77298
-0.414183 0.301434 3.8763
-0.38856 0.255063 2.84333
-0.331058 0.211707 1.84413
-0.351486 -0.535759 6.17582
-0.252915 -0.380844 3.93207
0.313978 -0.526336 5.72413
0.204302 0.0706044 4.90131
-0.856471 -0.290134 4.26028
-0.748064 -0.351383 4.10273
-1.09895 -0.469351 4.83696
-0.470419 -0.105483 3.39757
-0.628168 -0.0763753 2.08198
-0.629308 -0.0596923 2.00556
-0.753286 -0.206489 2.52884
-1.11258 -0.481819 4.59229
-0.655997 -0.0188865 2.23998
-0.622694 0.000311542 2.55466
-0.688377 -0.0726799 1.54432
-0.642312 -0.049352 1.4401
-0.625612 -0.0457858 1.29604
-0.638462 0.016473 1.92334
-0.629044 -0.067365 1.77841
0.237221 0.0260904 2.11658
-0.614892 0.155566 2.02444
-0.611391 0.141589 1.73417
0.21447 0.070507 2.78824
0.200997 0.0492963 2.76403
-0.379023 0.24438 2.68523
-0.0736879 0.0870632 1.60547
-0.325282 -0.135184 5.06608
0.212505 -0.0578885 2.8128
-0.633068 0.0211923 1.43296
-0.324799 0.209792 1.83286
-1.11909 -0.340158 4.54432
0.226119 -0.0883181 2.1367
-0.658715 -0.0187952 2.26405
0.164321 -0.423703 5.27908
0.221942 -0.191512 2.67672
0.230918 -0.0246356 2.20527
-0.32738 -0.406046 6.20623
-0.35094 -0.533593 6.2001
-0.0530624 0.0855824 1.51215
0.10318 0.0819548 1.5113
0.235603 0.0368667 2.42572
0.220687 -0.0788203 2.22601
0.230757 -0.0716956 2.45637
0.0237738 -0.128725 5.17692
0.270953 -0.0862079 4.56932
0.231997 -0.0339385 3.42027
-0.647268 -0.00384381 2.47616
-0.639975 -0.0602451 2.02747
-0.616818 0.141249 1.74306
-0.646519 0.0798339 1.94928
-0.685354 0.207948 3.05036
-0.637133 0.158725 2.08387
-0.627435 -0.068985 1.77137
