0.198587 -0.29221 2.7778
-0.255721 -0.356779 3.74548
-0.27946 -0.12464 6.71896
0.4245 -0.660578 7.30147
-0.01525 -0.120916 5.88805
-0.970444 -0.661152 5.23357
-1.21443 -0.592687 4.49158
-1.36324 -0.718002 4.89387
-0.622695 -0.0696204 1.76133
-0.60191 0.154496 1.98728
0.237565 0.0402792 2.47702
0.242394 -0.482311 5.8402
0.452517 -0.698931 7.35652
-0.295702 -0.27228 6.5643
-0.0487441 0.10674 1.44695
0.239113 -0.0933131 2.22572
0.380176 -0.490895 4.91661
-0.679637 0.055849 2.01292
-0.630996 0.0326717 1.89589
0.232183 -0.100547 4.38224
0.186076 -0.161386 4.90291
0.232094 0.048324 2.80399
0.222947 -0.0818528 2.48404
-0.96491 -0.248154 4.39578
-0.32379 -0.379782 6.55061
-0.136201 -0.0403354 5.74077
-0.0131807 0.0388396 4.88664
0.220215 -0.0594348 2.90986
-1.05103 -0.441552 4.27574
-1.21771 -0.534708 4.21178
-1.23771 -0.610645 4.91056
-1.28096 -0.814436 5.43487
-1.09951 -0.497738 5.10383
-0.221639 -0.380715 3.91118
-0.68306 -0.0736556 1.54294
-0.64716 0.0272767 1.54377
-0.337476 0.219856 2.03728
-0.633871 -0.0607327 2.03
-0.626828 0.109684 1.87661
0.231241 0.0323641 2.39081
-0.631626 0.0917214 2.19692
-0.273608 0.211739 1.81612
0.257916 -0.517655 6.13526
-0.585163 0.176582 2.53325
-0.621098 -0.0598964 2.07631
0.186076 -0.161386 4.90291
0.243511 0.0209493 2.12548
-0.652619 0.032329 1.97183
-0.7496 -0.236367 2.42331
-0.044911 0.0815735 1.50377
-0.0541081 0.0884957 1.52073
0.219018 -0.0593573 2.80637
0.205911 0.0133902 4.73526
0.223851 -0.00171405 3.44577
-0.305235 0.252775 2.75558
0.0560956 0.0392576 5.06537
0.0315656 -0.131565 5.12468
-1.01577 -0.688677 5.43764
0.200692 -0.151033 2.75317
0.234001 -0.199107 2.72561
-0.926129 -0.262598 4.32221
-0.0270537 0.106914 1.41099
-0.15243 0.222241 2.12214
-0.0588157 -0.81259 7.31782
-0.178934 -0.376052 3.95088
-0.628924 0.162126 2.05742
-0.612612 0.144527 1.74617
-0.597613 -0.021824 2.7063
-0.645045 -0.00981341 2.45603
-0.633895 -0.0867903 1.55226
-0.635613 -0.0724388 1.4287
-0.653433 -0.0505758 1.41016
0.14688 -0.140099 4.3696
0.161445 -0.148032 4.62159
0.112263 -0.192653 4.81416
0.380176 -0.490895 4.91661
-0.654546 -0.0228455 2.23519
-0.0659244 0.0953424 1.55418
-0.641103 0.0445271 1.53701
-0.626231 -0.0735628 1.51511
-0.769072 -0.207791 2.59274
-0.410736 0.295122 3.78764
-0.294502 -0.270581 6.15189
-1.14304 -0.354736 4.6588
0.286829 -0.250752 2.56592
0.172062 -0.0984072 2.7638
0.222719 -0.0866433 2.41022
-1.05218 -0.485312 4.864
0.232586 -0.199598 2.6657
0.218189 -0.309377 2.88303
0.202794 -0.181583 2.56887
-0.938646 -0.268779 4.38875
-1.13812 -0.475784 4.59812
-1.29892 -0.771997 5.50508
-0.0145692 0.0865437 1.48489
0.231772 -0.0922952 2.19164
0.225813 -0.0839972 2.23518
0.231241 0.0323641 2.39081
-0.333713 0.212748 1.84536
-0.211095 0.212008 1.84682
-0.0566363 -0.758002 6.85038
-0.621161 0.158635 2.03882
-0.62284 0.229994 2.26904
-0.631964 0.0862659 1.90866
-0.624313 0.204741 1.8318
-0.707328 -0.161512 2.44143
-0.630964 -0.0610892 2.01897
-1.2114 -0.594249 4.4849
-0.629994 -0.00277227 2.5588
-0.632411 -0.0234043 2.85595
-0.631227 -0.0713325 1.77882
-0.623475 -0.00510562 1.76967
-0.614721 0.0474298 1.54528
-0.639987 0.0212973 1.4155
-0.286794 -0.11491 6.47856
0.224665 -0.0866204 2.43318
0.235669 0.0215737 2.09983
-1.28029 -0.575113 5.37395
-1.22823 -0.592486 4.71919
0.226295 -0.188459 2.80706
0.0276212 -0.13035 5.18095
-0.0570583 -0.100022 5.78742
-0.992654 -0.669665 5.32936
0.206736 -0.034186 3.2472
-0.529416 -0.192712 3.44421
0.234442 -0.0235792 2.20643
0.226725 -0.084051 2.25028
0.23567 0.0334111 2.41177
-0.328295 0.221262 2.01504
-0.206161 0.202239 1.79661
-0.349113 -0.468949 6.69523
-0.0599378 -0.7652 6.88736
0.329873 -0.538778 5.88259
-0.621424 0.15826 2.041
-0.662641 0.236233 2.86576
-0.440066 0.216144 1.74448
-0.620768 0.228747 2.26258
-0.631964 0.0862659 1.90866
-0.744266 -0.172989 2.54684
-0.627996 -0.0606047 2.0082
-1.14232 -0.350087 4.64595
-0.658883 -0.0100887 2.50639
-0.618212 0.0480667 1.54884
-0.644319 0.0252677 1.53387
-0.642841 -0.0496393 1.43948
-0.620185 0.0216863 1.34314
-0.63651 0.0218054 1.43667
-0.050513 0.113284 1.45315
-0.631133 -0.0123332 2.23675
-0.668692 -0.0214849 2.27854
0.225923 -0.194478 2.69641
0.251901 -0.254725 2.8314
0.220638 -0.270899 2.91963
-0.126856 -0.0464309 5.48274
-0.213628 -0.273104 6.21308
0.236603 0.0219755 2.10784
0.189768 0.00646082 3.20693
0.233212 -0.050118 2.7563
0.223754 -0.0607885 2.86034
0.0586619 0.0597802 1.7726
0.238158 0.0356397 2.42433
-0.480474 0.252551 3.01178
-0.392949 0.26197 2.96237
-0.333104 0.214684 1.95216
-0.331058 0.211707 1.84413
0.0276212 -0.13035 5.18095
0.119289 -0.158972 5.21976
-1.01796 -0.680397 5.42808
-0.351486 -0.535759 6.17582
-0.631964 0.0862659 1.90866
-0.628168 -0.0763753 2.08198
-0.753286 -0.206489 2.52884
-1.12366 -0.504455 4.97833
-0.627675 -0.00684968 2.40691
-0.639969 0.0330573 1.92281
-0.619598 0.047769 1.54897
-0.618209 0.0207247 1.34065
-0.622103 0.0190107 1.34497
-0.63302 0.0205365 1.43286
-0.634045 -0.0711419 1.78547
-0.273841 0.209795 1.80141
-0.38856 0.255063 2.84333
-0.414183 0.301434 3.8763
0.231997 -0.0339385 3.42027
0.235118 0.0636737 3.56126
-0.134012 -0.0558519 6.16185
-0.24276 -0.312312 6.80512
-0.325282 -0.135184 5.06608
0.230402 -0.0620437 2.93227
-0.608592 0.197679 2.06714
-1.09895 -0.469351 4.83696
-0.614892 0.155566 2.02444
-0.0752019 0.160004 1.72692
-0.324799 0.209792 1.83286
0.237047 0.0226166 2.11563
-0.633068 0.0211923 1.43296
0.194624 -0.142821 3.30203
0.313978 -0.526336 5.72413
-0.622694 0.000311542 2.55466
-0.252915 -0.380844 3.93207
0.222476 -0.0778489 2.26357
-0.629308 -0.0596923 2.00556
-0.856471 -0.290134 4.26028
-0.748064 -0.351383 4.10273
-0.307566 0.253028 2.7709
-0.629044 -0.067365 1.77841
-0.633126 0.0833064 1.91769
-0.619542 0.144324 1.75504
0.200997 0.0492963 2.76403
-0.0542978 0.0860707 1.51035
0.0237738 -0.128725 5.17692
-0.470419 -0.105483 3.39757
-0.658852 0.0404031 1.97449
-0.638462 0.016473 1.92334
-0.647268 -0.00384381 2.47616
-0.0467964 0.0810525 1.50224
-0.627435 -0.068985 1.77137
-0.646519 0.0798339 1.94928
-1.11909 -0.340158 4.54432
-0.648121 0.0237507 1.53432
-0.639975 -0.0602451 2.02747
-0.655997 -0.0188865 2.23998
0.220687 -0.0788203 2.22601
-0.32738 -0.406046 6.20623
-0.35094 -0.533593 6.2001
0.230757 -0.0716956 2.45637
0.236237 -0.0867773 2.57004
0.229726 -0.196929 2.71572
0.237221 0.0260904 2.11658
0.230918 -0.0246356 2.20527
0.235603 0.0368667 2.42572
0.190491 0.0490903 2.47757
0.159983 -0.150245 4.67045
-0.0474388 0.0468717 1.56471
0.212505 -0.0578885 2.8128
-0.627997 0.0192759 1.39569
-0.642312 -0.049352 1.4401
-0.611391 0.141589 1.73417
-0.685354 0.207948 3.05036
-0.637133 0.158725 2.08387
