0.255114 -0.107309 2.09626
-0.219355 -0.375154 3.85549
-0.331279 0.208975 1.82023
0.238224 -0.0919852 2.21152
-0.591797 0.285826 3.33954
-0.0496259 0.0707148 1.52182
-0.220037 0.224728 2.26597
0.530921 -0.648471 5.39284
0.24496 0.0458012 2.13371
-0.0529459 -0.09743 5.72635
0.22517 -0.0646331 2.37463
0.240216 -0.47822 5.79005
-0.149381 0.214294 2.06345
-0.259935 0.157163 6.56555
-0.258418 -0.00484132 6.32502
0.240059 -0.103021 4.45492
-0.971747 -0.661846 5.2367
-1.26025 -0.800964 5.34843
-0.621709 -0.0698688 1.75592
-0.632212 -0.0870341 1.54384
-0.649225 -0.0499536 1.39842
-0.7363 -0.447408 6.07559
-0.604142 0.18272 2.60332
0.240846 0.0206612 2.10422
-0.637753 0.0452825 1.52929
-0.6378 0.0277964 1.5247
-0.0525028 -0.0937628 5.57544
-0.609769 0.0462519 1.5338
0.237918 -0.091992 2.20874
0.154885 0.0575636 2.29585
0.521135 -0.634522 5.30193
-0.0506269 0.109079 1.42218
-0.622818 -0.0594777 1.99782
-0.149128 0.214218 2.06612
0.184611 -0.159921 4.8645
-0.63535 0.0330639 1.90094
0.224544 -0.0818697 2.4808
-0.405084 0.282119 3.65567
-0.17196 0.208004 1.93326
0.228813 -0.0016687 3.47088
0.231868 -0.0123043 4.49417
0.174293 0.0195089 4.71479
0.207305 -0.057155 2.73328
0.230446 -0.272128 2.70701
0.168467 -0.26866 2.63703
0.222307 -0.0597025 2.90982
0.174168 -0.102279 2.74952
-0.970557 -0.24957 4.4188
-1.06502 -0.638983 5.29866
-1.19677 -0.583923 4.42762
-0.303503 -0.280852 6.75671
-1.24308 -0.612332 4.92331
0.301216 -0.25543 2.62539
0.252839 -0.107132 2.08954
-0.617886 0.159101 2.02435
-0.624067 0.212395 1.9817
-0.672063 -0.0734201 1.52576
-0.61524 0.195409 1.75988
-0.0586824 -0.811847 7.31094
-0.181767 -0.381485 3.99022
0.247487 -0.183961 2.60052
0.514969 -0.626444 5.24188
0.390395 -0.501441 5.00074
0.0763243 0.0394876 1.58083
0.444171 -0.686766 7.23381
0.370303 -0.487756 4.9891
-0.403519 0.190515 7.37813
-0.626907 -0.145733 2.04267
-1.14057 -0.353824 4.64678
0.23324 0.0394677 2.4447
0.191057 -0.0954716 3.37605
0.186142 0.0208132 4.89143
-1.24512 -0.547608 4.3065
0.128921 -0.160077 5.13885
0.112743 -0.194097 4.82271
-0.646167 -0.279734 6.4657
0.0523041 0.0384616 4.93037
-0.0117503 0.038025 4.91079
0.219743 -0.0458627 2.64292
0.219687 -0.0589261 2.79653
0.223131 -0.266347 2.67068
-0.136316 -0.0412514 5.78164
-0.0727123 0.187876 1.7371
-0.986165 -0.667673 5.28192
-1.10844 -0.463935 4.49028
-1.24778 -0.741973 5.30251
-0.917595 -0.260004 4.28091
-1.05995 -0.47942 4.92683
-0.0147802 0.0853339 1.46797
0.228714 -0.0216235 2.19015
0.234773 0.0323453 2.39298
0.221785 -0.0775256 2.33589
-0.150511 0.217637 2.08647
-0.264007 0.23028 2.45783
-0.207289 0.209916 1.82647
-0.614984 0.158497 2.01593
-0.635431 0.0921907 2.20359
-0.624259 0.081398 2.0636
-0.621483 0.230594 2.2606
-0.617622 0.145976 1.75089
-0.62997 0.11066 1.87907
-0.630709 -0.0611434 2.09779
-0.596162 -0.0215417 2.69782
-0.679183 -0.0735991 1.53252
-0.632417 0.0273953 1.51743
-0.616376 -0.0688806 1.74387
-0.343195 -0.459091 6.57169
-0.733729 -0.357564 5.65579
0.223894 -0.0831372 2.21532
0.225217 -0.0987109 2.22083
0.239201 -0.203594 2.69499
-0.0557976 -0.0953792 5.58779
-0.062297 0.0957356 1.54726
0.390395 -0.501441 5.00074
0.339385 -0.460392 4.75216
-0.646902 -0.0224643 2.20964
0.110497 -0.146544 4.80378
0.157373 -0.145263 4.50406
0.241039 0.0221872 2.15056
0.031735 -0.131622 5.12217
-0.0442878 0.0810657 1.49238
-0.305316 0.253539 2.75974
-0.383644 -0.0926825 6.58669
-0.265869 0.151058 6.3009
-0.297796 -0.00259734 6.85325
0.113042 0.0160041 5.06088
0.232748 -0.198033 2.70678
0.217182 -0.177977 2.7716
0.220879 -0.0594434 2.81216
0.218098 -0.0363018 3.32006
0.168602 -0.0974989 2.72046
-0.946099 -0.271048 4.41897
-1.22947 -0.592708 4.71916
0.236135 -0.0237205 2.20277
0.220577 -0.085545 2.38726
0.233538 0.0332242 2.38988
-0.332686 0.216364 2.00861
-0.206897 0.206161 1.80844
-0.271204 0.21002 1.8004
-0.223348 0.231526 2.30943
-0.0505169 -0.653118 7.23613
-0.179391 -0.378464 3.96581
-0.408776 0.188055 7.21319
-0.616367 0.157579 2.02273
-0.627169 0.0911267 2.18076
-0.619113 -0.0594336 2.07158
-0.75554 -0.203816 2.54985
-1.25457 -0.552503 4.33176
-0.59818 0.0517782 1.99006
-0.637117 -0.00266566 2.58228
-0.626802 0.0323979 1.88304
-0.617398 -0.00500224 1.75257
-0.594522 0.186448 1.71901
-0.617616 0.145244 1.74897
-0.0540096 0.0857421 1.48605
-0.0660199 0.0933491 1.52718
-0.129589 -0.0449366 5.5972
0.0310263 -0.134606 5.30291
0.210783 -0.0108461 3.03178
-0.302218 0.256639 2.74591
-0.416768 0.300597 3.83694
-1.07249 -0.495715 4.96001
-1.12149 -0.467973 4.53158
-1.09352 -0.619583 6.02533
-1.15082 -0.501558 5.54558
-0.989973 -0.667652 5.31191
0.229416 -0.04645 2.719
0.226215 -0.0279807 3.00801
-0.304198 -0.282385 6.39448
-0.528074 -0.296112 7.23701
0.0379273 0.0716892 1.69114
-0.0517265 0.0698442 1.51175
0.251811 -0.106628 2.08624
0.221458 -0.0821977 2.21355
0.237802 -0.103334 2.02927
0.235862 0.0219897 2.08973
0.221541 -0.184369 2.76131
0.221482 -0.0853515 2.40304
0.234773 0.0323453 2.39298
-0.327426 0.210709 1.91964
-0.331908 0.211821 1.83462
-0.205011 0.20181 1.7878
-0.271666 0.208345 1.78752
0.362637 -0.584691 6.33111
0.169422 -0.152481 4.73037
-0.393197 -0.605728 6.85286
-0.646568 0.230481 2.79888
-0.768454 0.233424 3.19297
-0.614818 0.227087 2.24086
-0.628197 0.0858087 1.89619
-0.628197 0.0858087 1.89619
-0.619976 0.203522 1.81819
-0.600131 -0.0586793 2.02154
-0.748257 -0.204975 2.51129
-1.13746 -0.348399 4.62547
-0.625939 -0.0231087 2.82727
-0.651641 -0.00991717 2.47921
-0.633738 0.0328295 1.90419
-0.636491 0.0141424 1.9158
-0.633902 0.021174 1.40216
-0.608245 0.0471228 1.52961
-0.684738 -0.0514276 1.54288
-0.624016 -0.0704236 1.75905
0.000163446 0.0836781 1.49277
0.234399 0.0218084 2.08825
0.239433 -0.212296 2.69777
-0.0214232 0.0421992 4.93533
-0.881661 -0.298051 4.36829
0.222973 0.00591901 3.45854
-0.371941 -0.570412 6.54863
0.236795 0.124595 2.27693
-0.0519049 0.0701061 1.5108
0.225495 -0.0844507 2.46451
0.230379 -0.0706682 2.44927
-0.160268 0.205713 1.93446
-0.473336 0.248391 2.96484
-0.386674 0.257738 2.9158
-0.327784 0.221653 2.01064
-0.329174 0.210564 1.83245
0.0310263 -0.134606 5.30291
-0.296086 -0.118756 6.7128
-0.41733 -0.0203119 7.06154
-0.615916 0.156926 2.02274
-0.614308 0.226469 2.2394
-0.628197 0.0858087 1.89619
-0.623595 -0.0601017 1.99357
-1.15714 -0.519542 5.11873
-0.586552 0.0313261 1.80742
-0.612977 0.0477518 1.53542
-0.639891 0.0253041 1.52213
-0.632779 0.0278842 1.4085
-0.672659 -0.0507429 1.52785
-0.625935 -0.0701637 1.76353
0.233773 -0.0356483 3.43297
-0.381926 0.25053 2.79669
-0.393614 0.283227 3.66735
-0.0537539 0.085071 1.49325
-0.123596 -0.0537209 5.60098
-0.203986 -0.258931 5.94516
-0.551111 -0.303218 7.22694
0.221603 -0.0597669 2.83271
-0.610515 0.154522 2.00932
-0.630222 0.0830904 1.90745
-0.627997 0.0355434 1.89594
-0.622294 -0.0755985 2.06254
-0.598144 0.220077 2.18334
-0.627046 0.203307 2.11788
-1.01323 -0.431905 4.4736
-0.660433 -0.0211217 2.25094
-0.225968 -0.253853 5.5998
-0.252393 -0.376538 3.89634
0.0589585 0.0602509 1.76195
-0.614258 0.0474224 1.53539
0.235209 0.0226219 2.09795
-0.721357 -0.183558 5.22856
-0.0732125 0.162984 1.73605
-0.0759757 0.134086 1.71368
0.209437 -0.147922 3.41838
0.233268 0.0352708 2.3883
0.223878 -0.192796 2.67217
0.193174 0.0678559 4.70666
0.11716 -0.156396 5.14298
-1.21864 -0.707484 6.7129
-0.294835 0.240092 2.65293
-0.673196 -0.0515786 1.5269
-0.638042 -0.0601438 2.02005
-0.621972 -0.0682465 1.75572
-0.61608 0.000490113 2.52759
-0.624874 0.209903 2.00357
-0.613198 0.142885 1.73736
-0.620796 0.189717 2.75057
0.347693 -0.149687 2.18344
0.235445 0.0257711 2.09938
-0.337995 -0.149167 5.40662
0.179669 -0.00189649 2.85875
0.218107 -0.0592995 2.83776
-0.636375 0.0788167 1.9207
-0.618288 -0.0755651 2.05346
-0.64634 0.0397532 1.94037
-0.634072 0.0166559 1.90954
-0.644853 -0.0036791 2.46585
-0.642631 0.0235761 1.52113
0.357575 -0.588143 6.31854
0.162763 -0.419717 5.23103
-0.336045 -0.419258 6.37797
0.209524 -0.153037 3.34187
-0.625415 0.0198309 1.41622
-0.650911 -0.018612 2.2223
0.220149 -0.0785369 2.21427
0.221389 -0.068783 2.39484
0.225785 -0.0236403 2.17263
-0.37346 -0.572394 6.62458
-0.626372 -0.288191 3.46009
-0.0343923 0.0453253 4.6794
0.0226181 -0.126861 5.10439
-0.376802 0.243184 2.6691
-0.62667 -0.0593802 1.99584
-0.619818 -0.0665075 1.75381
-1.10196 -0.334961 4.47819
-0.605948 0.140432 1.71863
-0.681887 0.20745 3.03421
-0.623717 0.155303 2.04323
