-0.591797 0.285826 3.33954
0.238639 0.0390719 2.46891
-0.61524 0.195409 1.75988
0.22517 -0.0646331 2.37463
-0.220037 0.224728 2.26597
-0.0525028 -0.0937628 5.57544
0.240846 0.0206612 2.10422
0.207305 -0.057155 2.73328
-0.259935 0.157163 6.56555
-0.98485 -0.634346 5.21486
-0.971747 -0.661846 5.2367
0.174168 -0.102279 2.74952
0.0429697 0.0435463 4.81434
0.252839 -0.107132 2.08954
-0.219355 -0.375154 3.85549
-0.621709 -0.0698688 1.75592
0.231275 -0.0795897 2.37986
-0.225211 -0.383851 3.93546
0.444171 -0.686766 7.23381
-0.609769 0.0462519 1.5338
-0.624259 0.081398 2.0636
-0.207289 0.209916 1.82647
0.240059 -0.103021 4.45492
0.238224 -0.0919852 2.21152
0.23324 0.0394677 2.4447
0.521135 -0.634522 5.30193
-0.149381 0.214294 2.06345
0.370303 -0.487756 4.9891
-0.0529459 -0.09743 5.72635
0.231868 -0.0123043 4.49417
-0.970557 -0.24957 4.4188
-1.05995 -0.47942 4.92683
-0.0361093 0.0836155 5.4696
-0.136316 -0.0412514 5.78164
-0.403519 0.190515 7.37813
-0.273827 -0.120474 6.55526
-0.303503 -0.280852 6.75671
0.230446 -0.272128 2.70701
0.301216 -0.25543 2.62539
0.255114 -0.107309 2.09626
-0.331279 0.208975 1.82023
-0.7363 -0.447408 6.07559
-0.617886 0.159101 2.02435
-0.616376 -0.0688806 1.74387
-0.6378 0.0277964 1.5247
-0.596162 -0.0215417 2.69782
-0.17196 0.208004 1.93326
-0.637224 -0.0096684 2.42695
0.233538 0.0332242 2.38988
0.390395 -0.501441 5.00074
0.521135 -0.634522 5.30193
-0.626907 -0.145733 2.04267
0.224544 -0.0818697 2.4808
0.184611 -0.159921 4.8645
-0.408776 0.188055 7.21319
-0.297796 -0.00259734 6.85325
-0.604142 0.18272 2.60332
-1.24512 -0.547608 4.3065
-0.66431 0.0554158 1.97378
-0.63535 0.0330639 1.90094
0.237918 -0.091992 2.20874
0.223894 -0.0831372 2.21532
0.225217 -0.0987109 2.22083
-0.917595 -0.260004 4.28091
0.228813 -0.0016687 3.47088
0.112743 -0.194097 4.82271
0.174293 0.0195089 4.71479
0.168602 -0.0974989 2.72046
-1.06502 -0.638983 5.29866
0.113042 0.0160041 5.06088
0.0523041 0.0384616 4.93037
-0.733729 -0.357564 5.65579
-1.11327 -0.559619 4.877
-1.24308 -0.612332 4.92331
-1.14369 -0.516338 6.64217
-0.149128 0.214218 2.06612
-0.179391 -0.378464 3.96581
-0.754483 -0.459536 6.20726
-0.620564 0.165112 2.06024
-0.627169 0.0911267 2.18076
-0.617886 0.159101 2.02435
-0.630709 -0.0611434 2.09779
-0.622818 -0.0594777 1.99782
-0.632417 0.0273953 1.51743
-0.946099 -0.271048 4.41897
-1.14057 -0.353824 4.64678
-0.0557976 -0.0953792 5.58779
-0.634293 -0.137382 2.08364
-0.343195 -0.459091 6.57169
-0.551934 -0.174292 4.90128
-0.305316 0.253539 2.75974
0.390395 -0.501441 5.00074
0.514969 -0.626444 5.24188
0.031735 -0.131622 5.12217
0.128921 -0.160077 5.13885
0.186142 0.0208132 4.89143
0.2116 -0.186511 2.60634
0.219743 -0.0458627 2.64292
0.219687 -0.0589261 2.79653
-0.986165 -0.667673 5.28192
0.218098 -0.0363018 3.32006
-0.383644 -0.0926825 6.58669
-0.304198 -0.282385 6.39448
-0.528074 -0.296112 7.23701
-1.10844 -0.463935 4.49028
0.221541 -0.184369 2.76131
0.251811 -0.106628 2.08624
0.23738 -0.0260397 2.2123
0.220577 -0.085545 2.38726
0.234773 0.0323453 2.39298
-0.332686 0.216364 2.00861
-0.223348 0.231526 2.30943
0.157373 -0.145263 4.50406
-0.627169 0.0911267 2.18076
-0.6231 0.206919 1.88642
-0.600131 -0.0586793 2.02154
-0.75554 -0.203816 2.54985
-1.22947 -0.592708 4.71916
-0.59818 0.0517782 1.99006
-0.646902 -0.0224643 2.20964
-0.64213 0.101379 2.66375
-0.639207 0.0270076 1.52634
-0.684738 -0.0514276 1.54288
-0.628604 -0.0608795 2.0097
-0.617622 0.145976 1.75089
-0.621483 0.230594 2.2606
-0.0147802 0.0853339 1.46797
0.234773 0.0323453 2.39298
-0.637117 -0.00266566 2.58228
-0.651641 -0.00991717 2.47921
0.0310263 -0.134606 5.30291
0.110497 -0.146544 4.80378
0.339385 -0.460392 4.75216
-0.0540096 0.0857421 1.48605
0.202147 -0.0445432 2.93501
0.241039 0.0221872 2.15056
0.221541 -0.184369 2.76131
0.248086 0.0947624 2.70818
-1.15082 -0.501558 5.54558
-0.989973 -0.667652 5.31191
-1.07249 -0.495715 4.96001
-1.31918 -0.591412 5.52185
0.232748 -0.198033 2.70678
-0.590075 -0.218577 3.8281
0.220879 -0.0594434 2.81216
-0.881661 -0.298051 4.36829
-0.376894 -0.269622 6.32207
-0.0442878 0.0810657 1.49238
0.230638 -0.0915273 2.17735
0.221458 -0.0821977 2.21355
0.236135 -0.0237205 2.20277
0.228227 -0.0877647 2.47126
0.229416 -0.04645 2.719
-0.331908 0.211821 1.83462
0.362637 -0.584691 6.33111
-0.129589 -0.0449366 5.5972
0.169422 -0.152481 4.73037
-0.265869 0.151058 6.3009
-0.614818 0.227087 2.24086
-0.616367 0.157579 2.02273
-0.628197 0.0858087 1.89619
-0.619113 -0.0594336 2.07158
-0.736432 -0.199737 2.48686
-1.13746 -0.348399 4.62547
-0.625939 -0.0231087 2.82727
-0.626802 0.0323979 1.88304
-0.608245 0.0471228 1.52961
-0.617398 -0.00500224 1.75257
-0.617616 0.145244 1.74897
-1.15714 -0.519542 5.11873
-0.0214232 0.0421992 4.93533
-0.371941 -0.570412 6.54863
0.226215 -0.0279807 3.00801
0.232447 -0.0339632 3.41733
-0.41733 -0.0203119 7.06154
-0.0660199 0.0933491 1.52718
0.235862 0.0219897 2.08973
0.209437 -0.147922 3.41838
0.221482 -0.0853515 2.40304
0.223878 -0.192796 2.67217
0.222973 0.00591901 3.45854
0.230379 -0.0706682 2.44927
-0.473336 0.248391 2.96484
-0.386674 0.257738 2.9158
0.11716 -0.156396 5.14298
-0.252393 -0.376538 3.89634
-0.646568 0.230481 2.79888
-0.615916 0.156926 2.02274
-0.628197 0.0858087 1.89619
-0.639179 0.0905496 2.18434
-0.623343 -0.012846 2.21057
-0.623868 -0.00673781 2.39175
-0.621972 -0.0682465 1.75572
-0.624016 -0.0704236 1.75905
-0.633738 0.0328295 1.90419
-0.636491 0.0141424 1.9158
-0.612977 0.0477518 1.53542
-0.639891 0.0253041 1.52213
-0.672659 -0.0507429 1.52785
-1.21864 -0.707484 6.7129
-0.0537539 0.085071 1.49325
0.225495 -0.0844507 2.46451
0.200188 -0.0376256 2.60339
0.221603 -0.0597669 2.83271
0.233773 -0.0356483 3.43297
-0.721357 -0.183558 5.22856
-0.551111 -0.303218 7.22694
0.234399 0.0218084 2.08825
-0.646468 -0.0228947 2.92985
-0.61608 0.000490113 2.52759
-0.604142 0.18272 2.60332
-0.0464048 0.0802008 1.48548
-0.327784 0.221653 2.01064
-0.618288 -0.0755651 2.05346
-0.741481 -0.172372 2.53664
0.225785 -0.0236403 2.17263
-0.628197 0.0858087 1.89619
0.223961 -0.0874472 2.11668
-0.371941 -0.570412 6.54863
0.357575 -0.588143 6.31854
0.233268 0.0352708 2.3883
-0.381926 0.25053 2.79669
-0.623595 -0.0601017 1.99357
-0.625935 -0.0701637 1.76353
-0.624874 0.209903 2.00357
-0.614258 0.0474224 1.53539
-0.337995 -0.149167 5.40662
0.183033 0.0514983 2.62371
0.193174 0.0678559 4.70666
-0.393614 0.283227 3.66735
-0.0343923 0.0453253 4.6794
0.235594 -0.0294164 2.87655
0.179669 -0.00189649 2.85875
0.218107 -0.0592995 2.83776
-0.64634 0.0397532 1.94037
-0.634072 0.0166559 1.90954
-0.619818 -0.0665075 1.75381
-0.0525446 0.0847641 1.49741
-0.610515 0.154522 2.00932
0.209524 -0.153037 3.34187
0.235445 0.0257711 2.09938
-0.225968 -0.253853 5.5998
-0.644853 -0.0036791 2.46585
-0.660433 -0.0211217 2.25094
0.0589585 0.0602509 1.76195
0.220149 -0.0785369 2.21427
0.239115 -0.20119 2.78945
-0.336045 -0.419258 6.37797
-0.37346 -0.572394 6.62458
-0.0759757 0.134086 1.71368
-0.871722 -0.416099 5.41639
0.157664 -0.148318 4.61441
-0.638042 -0.0601438 2.02005
-1.10196 -0.334961 4.47819
-0.622294 -0.0755985 2.06254
-0.613198 0.142885 1.73736
-0.681887 0.20745 3.03421
