-0.320828 0.195465 1.76934
0.370256 -0.486523 4.96107
-0.0585667 0.0652272 1.52149
-0.619442 -0.122251 2.07204
0.210119 -0.000438615 3.3164
0.220532 -0.0983077 2.19899
-0.0520004 -0.0941486 5.62767
-0.258646 0.1557 6.5374
-0.257757 -0.00542638 6.32059
-0.967571 -0.659494 5.21742
-0.730978 -0.444502 6.03338
-1.18833 -0.621923 5.20917
-0.976051 -0.482664 6.18864
0.231299 -0.0798501 2.3782
-0.263369 -0.362175 3.80366
-0.608992 -0.0679262 1.73237
-0.630584 0.0275534 1.51469
0.242761 -0.104656 4.48008
-0.605692 0.293571 3.41232
0.230482 -0.0658023 2.39306
-0.70821 -0.160612 2.44035
0.327923 -0.311849 4.74331
0.522687 -0.637456 5.31739
0.234047 0.0302569 2.38158
-0.339544 -0.402153 6.89967
-0.368472 -0.560255 6.37134
-0.246697 0.224041 2.13542
-0.0537719 -0.0928157 5.63101
-0.0575207 0.0648902 1.52624
-0.149118 0.212637 2.05432
-0.521322 -0.286281 7.27058
-0.0202761 0.0882033 1.88997
0.163069 -0.105227 3.36349
-0.00793365 -0.105159 4.34939
0.130519 -0.156873 4.99955
-1.23357 -0.607659 4.88613
0.231831 -0.0129548 4.49053
0.207527 0.0075107 4.67317
0.221809 -0.0597858 2.90444
-0.398412 0.1872 7.29068
-0.404163 0.281358 3.6488
-0.91235 -0.258776 4.25831
-1.03093 -0.408335 5.04503
-0.78135 -0.381684 6.01144
-0.855376 -0.342112 5.5453
-0.891106 -0.466115 4.96105
-0.0350752 0.0852416 5.56231
-0.0114619 0.0375023 4.90451
-0.0758603 0.0421956 5.59693
-0.272943 -0.120417 6.53676
-0.379824 -0.0967207 6.62745
-0.300796 -0.279156 6.69492
0.21494 -0.17303 2.30735
0.241469 -0.201698 2.73455
0.206578 -0.0944348 1.93582
0.236793 0.0203199 2.08745
-0.338302 0.217158 1.85863
-0.218917 0.222482 2.25272
0.239544 -0.47729 5.77392
-0.178174 -0.374868 3.92764
0.445508 -0.689601 7.25162
-0.635872 0.237991 2.30434
-0.623803 0.0839108 1.88253
-0.625442 0.207042 1.80902
-1.1016 -0.466851 3.93621
-0.618175 -0.0595963 2.06432
-0.642389 -0.136216 2.10194
-0.626839 0.0324673 1.88298
-0.616532 0.054351 2.03429
-0.599759 0.0453587 1.51988
-0.628411 0.0271617 1.51152
-0.171837 0.207081 1.92639
0.228053 -0.0653689 2.38349
-0.64048 -0.0222321 2.1878
0.218423 -0.000844417 3.38721
0.391118 -0.503374 5.00647
0.522687 -0.637456 5.31739
0.226373 -0.0426133 3.40545
0.161567 -0.104866 3.35276
-0.644765 -0.279672 6.45354
-0.342189 -0.45848 6.55653
0.233023 0.0328732 2.38549
-0.946724 -0.271567 4.42265
-0.969755 -0.249813 4.41964
-1.09839 -0.457771 4.45101
-0.137027 -0.0422014 5.82475
-0.060564 -0.19201 5.75819
-0.079678 -0.200277 5.56482
-0.40947 0.187736 7.25909
-0.291726 -0.00354213 6.74171
0.0315085 -0.131356 5.09983
-0.0737137 0.045407 5.64176
0.250674 -0.0228561 3.22891
0.193889 0.012132 4.55314
-0.895713 -0.482573 4.97868
-0.749599 -0.456973 6.17033
0.115085 0.0161715 5.09692
0.0529793 0.0385421 4.93878
0.293229 -0.20648 2.65857
0.229783 -0.0608839 2.84945
-0.30017 -0.130813 7.07514
0.185391 -0.12739 2.80995
-1.14101 -0.515722 6.62744
-1.07663 -0.487302 5.00116
-1.07698 -0.539992 4.7135
0.236853 -0.0915332 2.20332
0.223238 -0.0845603 2.2074
0.242139 0.0204896 2.10205
0.223579 -0.0867969 2.39349
0.224723 -0.0822135 2.48013
-0.149046 0.211586 2.04949
-0.323442 0.219534 1.99585
0.183889 -0.159894 4.84861
-0.259877 -0.349753 3.69928
-0.62696 0.0909419 2.17988
-0.610117 0.106264 1.83891
-0.615663 0.158246 2.01806
-0.630493 0.0863898 1.89886
-0.622921 0.211918 1.97862
-0.618003 -0.0692857 1.74698
-0.634995 -0.0618237 2.02664
-0.64552 -0.140676 2.11083
-0.632281 0.0327337 1.89381
-0.614697 0.0799386 2.03891
-0.649909 0.0544238 1.94163
-0.60611 0.045718 1.528
-0.268667 0.152215 6.36533
-0.413166 0.00452398 7.07656
0.391118 -0.503374 5.00647
0.512917 -0.625965 5.22709
0.0869197 -0.13011 4.77763
0.122089 -0.152509 4.91925
-0.312596 -0.414171 6.45125
-0.36396 -0.544324 6.22098
-0.534709 -0.29782 7.31187
0.233774 -0.198702 2.71085
0.228467 -0.223972 2.68657
0.230697 -0.0148662 4.5295
0.182317 0.0215429 4.82457
0.130118 -0.106928 2.52683
-1.15832 -0.378244 5.03403
-0.0269823 0.0903182 1.89391
-0.38591 -0.0933524 6.62639
-0.304181 -0.283541 6.40492
-0.346799 -0.185869 6.6179
-0.745357 -0.363279 5.74232
-0.95934 -0.467446 6.19443
-0.988637 -0.669899 5.2965
-0.0639874 0.0900185 1.48534
-1.19168 -0.53378 5.15683
-1.1149 -0.638978 5.39429
0.237606 -0.0922484 2.20589
0.222795 -0.0831697 2.20876
0.251588 -0.106542 2.08389
0.236267 -0.0239332 2.20177
0.988973 0.0730923 3.52595
0.244512 0.0201405 2.10955
0.221216 -0.0859488 2.38944
0.220163 -0.0822686 2.45527
-0.150271 0.21706 2.08285
-0.298001 0.245517 2.68728
-0.330757 0.214519 1.9975
-0.243568 0.212345 1.8915
-0.218845 0.221546 2.24369
-0.180704 -0.378996 3.96354
0.368387 -0.593218 6.41289
-0.05506 -0.0942321 5.51644
0.166244 -0.151011 4.63251
-0.62696 0.0909419 2.17988
-0.617945 0.228778 2.25033
-0.615263 0.145306 1.7456
-0.615663 0.158246 2.01806
-0.752281 -0.203031 2.54014
-1.13522 -0.352718 4.62768
-0.634989 -0.00992485 2.41946
-0.643909 -0.022476 2.20054
-0.652166 0.102883 2.7036
-0.594209 -0.0216084 2.68902
-0.622609 -0.0596266 1.99706
-0.618972 -0.00510629 1.7559
-0.607085 0.0524638 2.01218
-0.368944 -0.566608 6.50209
-0.642188 -0.00287758 2.60065
0.326364 -0.447109 4.62892
0.502407 -0.618103 5.15715
0.221203 -0.0371012 3.34022
0.219703 -0.191726 2.64861
0.244448 -0.200503 2.60472
0.109719 -0.145967 4.77692
0.0309436 -0.13439 5.28639
-0.294773 -0.118583 6.688
-0.37955 -0.270305 6.35797
-0.0613334 0.0914228 1.49775
0.163718 0.151279 4.52518
0.224108 -0.00931841 4.46951
-1.06514 -0.493067 4.9301
-0.865079 -0.432366 4.05256
-0.0536375 0.26033 5.21038
-1.04416 -0.478892 6.1001
-0.868405 -0.296311 4.69347
-0.62462 -0.236956 4.06748
-0.860092 -0.376395 4.57554
0.256336 -0.0527804 2.99999
-0.628865 -0.148545 4.49629
0.239672 0.0223933 2.14342
0.233935 -0.0243319 2.19382
0.238608 0.0223397 2.09869
0.181732 -0.109617 2.69582
0.232336 0.0320635 2.38008
0.22914 -0.0468832 2.68083
0.153604 -0.1089 3.13835
0.167567 -0.151694 4.69412
-0.25665 -0.384401 3.96512
-0.616631 0.204329 1.87112
-0.616638 0.144942 1.74649
-0.719167 -0.165127 2.4712
-1.13594 -0.348542 4.62179
-0.62278 -0.0703532 1.75592
-0.607696 -0.0593722 2.04271
-0.62939 0.0323922 1.88862
-0.621655 0.0416796 1.51879
-0.616291 0.227564 2.24527
-1.11185 -0.483272 5.36122
-1.16327 -0.522348 5.14646
0.210855 -0.0461507 2.98253
0.231306 -0.0342672 3.40405
-0.0551821 0.0830073 1.52135
-0.0637327 0.0818927 1.51007
0.224193 -0.0280286 2.99287
0.222722 -0.0600958 2.82514
-0.297564 -0.0445561 6.74128
-0.416676 -0.0248146 7.04984
-0.061213 0.0914404 1.4973
-0.0714036 0.149473 1.7277
0.220683 -0.0824691 2.20867
0.259819 0.0465039 2.28355
0.222266 -0.184239 2.76321
0.226175 -0.194488 2.68476
0.232336 0.0320635 2.38008
0.21715 -0.0459173 2.64645
-0.160131 0.205533 1.93328
-0.121071 0.207563 2.10084
-0.410242 0.295181 3.77936
-0.327002 0.210384 1.91752
0.376822 -0.4975 4.9338
-0.019906 0.0435758 5.02331
0.169083 -0.154405 4.75509
-1.06624 -0.547183 6.50694
-0.347025 -0.512955 5.95081
-0.647728 0.23075 2.8031
-0.648426 0.197432 2.83638
-0.628289 0.0856469 1.89611
-0.613627 0.156723 2.01484
-0.878377 -0.297493 4.35949
-0.65195 -0.0101794 2.48041
-0.632382 0.0327252 1.90047
-0.606595 0.0470383 1.52634
-0.623656 -0.0686157 1.7596
-0.74493 -0.173467 2.54779
-0.398943 0.21285 1.86377
-0.0444993 0.0805888 1.4879
-0.27967 0.160798 6.38642
0.219995 -0.0275029 2.79238
0.219597 -0.0598318 2.84542
-0.341602 -0.197878 6.39641
-0.725153 -0.185484 5.24557
-0.800792 -0.350918 5.29768
-0.682771 -0.0874723 4.64286
0.235201 -0.0351722 3.43889
-0.615117 0.156598 2.02024
-0.610721 0.0476011 1.53089
-0.203669 -0.259104 5.94093
-0.331069 0.22475 2.02869
-0.619457 0.21011 1.99188
-0.586203 0.0312422 1.80627
-0.62453 -0.0602741 1.99598
-0.633897 0.0885769 2.16842
-0.639554 -0.0232556 2.89956
-0.621109 0.0005793 2.54621
0.232354 -0.0240831 2.19627
-0.62711 -0.00687983 2.40298
-0.62424 -0.0138472 2.21447
0.234946 0.0253734 2.09576
-0.559577 -0.305025 7.30469
-0.368944 -0.566608 6.50209
0.245068 -0.203106 2.82576
0.214901 -0.147657 3.45813
0.230771 -0.0954728 4.33398
0.361101 -0.595154 6.37513
0.230704 -0.059759 2.6579
-0.390664 0.280781 3.64234
-0.0658531 0.0935038 1.52707
-0.386877 0.257809 2.91719
-0.587704 0.283714 3.33918
-0.871306 -0.416276 5.41436
-1.00797 -0.457727 5.86496
0.116069 -0.155588 5.10401
-0.028073 -0.0979778 5.20284
0.224926 0.00486357 3.47146
-0.628289 0.0856469 1.89611
-0.598235 0.220065 2.18344
0.0377491 0.0714538 1.68849
-0.617332 0.143559 1.74313
0.23502 0.0218227 2.09077
-0.344129 -0.151748 5.48165
-0.032514 0.0460517 4.73053
0.196535 -0.0080858 2.96313
0.221374 -0.0595531 2.82922
-0.224361 -0.250955 5.53353
-0.336665 -0.419922 6.38511
-0.644176 0.0391278 1.93483
-0.68097 0.206583 3.02568
-0.660214 -0.0211958 2.2501
-0.629385 -0.0764598 2.0839
-0.63903 -0.0604596 2.02275
-1.10224 -0.335507 4.48067
-0.0610351 0.0869396 1.49915
0.219132 -0.0784431 2.20736
0.194216 0.0656366 4.72503
0.225262 -0.0899212 4.28676
0.182777 0.0473598 2.62221
0.221099 -0.0688325 2.39159
-0.380382 0.24924 2.78706
-0.373883 -0.57336 6.62998
0.0226902 -0.127088 5.09827
-0.12327 -0.0541443 5.59734
-0.642147 -0.00406442 2.45667
-0.612606 0.155041 2.01495
-0.629745 0.0829579 1.90599
-0.294286 0.239535 2.64882
0.229482 -0.0888724 2.17551
-0.615627 0.143275 1.74246
