0.236793 0.0203199 2.08745
-0.605692 0.293571 3.41232
-0.181616 -0.723889 7.91358
-0.891106 -0.466115 4.96105
0.210119 -0.000438615 3.3164
-0.258646 0.1557 6.5374
-0.0163174 -0.115849 5.63851
-0.0825002 0.329274 5.53615
-0.521322 -0.286281 7.27058
-0.0758603 0.0421956 5.59693
-1.04719 -0.447375 4.96056
-0.0585667 0.0652272 1.52149
0.220532 -0.0983077 2.19899
0.370256 -0.486523 4.96107
0.242761 -0.104656 4.48008
0.445508 -0.689601 7.25162
-0.218917 0.222482 2.25272
-0.149118 0.212637 2.05432
-0.162475 0.218492 2.33823
-0.642389 -0.136216 2.10194
-0.626839 0.0324673 1.88298
0.522687 -0.637456 5.31739
-0.967571 -0.659494 5.21742
0.234047 0.0302569 2.38158
0.163069 -0.105227 3.36349
-0.246697 0.224041 2.13542
-0.272943 -0.120417 6.53676
-0.300796 -0.279156 6.69492
0.231831 -0.0129548 4.49053
-0.288724 -0.000392516 6.42783
-0.0520004 -0.0941486 5.62767
0.221809 -0.0597858 2.90444
-0.78135 -0.381684 6.01144
-0.730978 -0.444502 6.03338
0.221475 -0.0603596 2.80249
0.130519 -0.156873 4.99955
-0.398412 0.1872 7.29068
-0.379824 -0.0967207 6.62745
0.131798 0.0189967 5.44642
-1.23357 -0.607659 4.88613
0.0529793 0.0385421 4.93878
-0.0350752 0.0852416 5.56231
-0.91235 -0.258776 4.25831
-0.855376 -0.342112 5.5453
-0.976051 -0.482664 6.18864
-1.03281 -0.534382 5.91742
-0.178174 -0.374868 3.92764
0.327923 -0.311849 4.74331
0.253479 -0.10855 4.6061
-0.220549 -0.380512 3.89654
-0.338302 0.217158 1.85863
-0.623803 0.0839108 1.88253
-0.610117 0.106264 1.83891
-0.633511 -0.0615525 2.02863
-0.616532 0.054351 2.03429
-0.601992 0.190644 1.73432
-0.608992 -0.0679262 1.73237
0.230482 -0.0658023 2.39306
0.223579 -0.0867969 2.39349
0.224723 -0.0822135 2.48013
-0.301438 0.250911 2.75539
0.391118 -0.503374 5.00647
-0.291726 -0.00354213 6.74171
-0.342189 -0.45848 6.55653
-0.368472 -0.560255 6.37134
0.242139 0.0204896 2.10205
0.237606 -0.0922484 2.20589
0.226373 -0.0426133 3.40545
0.161567 -0.104866 3.35276
-0.137027 -0.0422014 5.82475
-0.30017 -0.130813 7.07514
-0.228407 -0.282203 6.53275
-0.304181 -0.283541 6.40492
0.233023 0.0328732 2.38549
0.207527 0.0075107 4.67317
-0.920564 -0.459136 4.93527
-0.988637 -0.669899 5.2965
-0.0124926 -0.12254 5.78203
-0.0537719 -0.0928157 5.63101
-0.00793365 -0.105159 4.34939
-0.060564 -0.19201 5.75819
0.218423 -0.000844417 3.38721
0.183889 -0.159894 4.84861
-0.749599 -0.456973 6.17033
0.241469 -0.201698 2.73455
-0.404163 0.281358 3.6488
0.115085 0.0161715 5.09692
0.185391 -0.12739 2.80995
0.229783 -0.0608839 2.84945
-0.0114619 0.0375023 4.90451
-0.969755 -0.249813 4.41964
-1.14101 -0.515722 6.62744
-1.07663 -0.487302 5.00116
-1.0553 -0.633734 5.25302
-0.0575207 0.0648902 1.52624
-0.0560305 0.0846234 1.48723
0.209968 -0.158325 2.61634
-0.149046 0.211586 2.04949
-0.0499251 -0.574231 6.44241
-0.259877 -0.349753 3.69928
-0.622921 0.211918 1.97862
-0.752281 -0.203031 2.54014
-1.13522 -0.352718 4.62768
-0.618175 -0.0595963 2.06432
-0.625442 0.207042 1.80902
-0.599759 0.0453587 1.51988
-0.635872 0.237991 2.30434
0.221216 -0.0859488 2.38944
0.231623 -0.0916607 2.18154
0.222795 -0.0831697 2.20876
0.391118 -0.503374 5.00647
0.522687 -0.637456 5.31739
0.166244 -0.151011 4.63251
0.122089 -0.152509 4.91925
-0.36396 -0.544324 6.22098
0.230697 -0.0148662 4.5295
-0.38591 -0.0933524 6.62639
-0.05506 -0.0942321 5.51644
0.0315085 -0.131356 5.09983
-1.09839 -0.457771 4.45101
-0.946724 -0.271567 4.42265
0.240475 -0.202264 2.73159
-0.95934 -0.467446 6.19443
-0.40947 0.187736 7.25909
-0.413166 0.00452398 7.07656
-1.07663 -0.487302 5.00116
0.23502 0.0218227 2.09077
0.245883 -0.16194 3.06361
-0.323442 0.219534 1.99585
-0.048806 -0.648911 7.1659
-0.268667 0.152215 6.36533
-0.630493 0.0863898 1.89886
-0.629 0.110436 1.87655
-0.615663 0.158246 2.01806
-0.652166 0.102883 2.7036
-0.594209 -0.0216084 2.68902
-0.634995 -0.0618237 2.02664
-0.640716 0.0322603 1.93905
-0.632281 0.0327337 1.89381
-0.64048 -0.0222321 2.1878
-0.616638 0.144942 1.74649
-0.618003 -0.0692857 1.74698
-0.60611 0.045718 1.528
-0.621655 0.0416796 1.51879
-0.617945 0.228778 2.25033
0.181732 -0.109617 2.69582
0.211744 0.00103461 3.9343
-0.294773 -0.118583 6.688
-0.203669 -0.259104 5.94093
-0.37955 -0.270305 6.35797
-1.13594 -0.348542 4.62179
-1.32237 -0.594157 5.54323
0.222266 -0.184239 2.76321
-0.534709 -0.29782 7.31187
-0.873568 -0.453146 5.13884
0.244448 -0.200503 2.60472
0.233774 -0.198702 2.71085
0.326364 -0.447109 4.62892
-0.722489 -0.436482 5.92105
-0.745357 -0.363279 5.74232
0.211358 -0.0476176 3.05311
0.221224 -0.0853069 2.40003
0.163718 0.151279 4.52518
0.182317 0.0215429 4.82457
-0.0638748 0.0634707 5.65977
0.167567 -0.151694 4.69412
0.0869197 -0.13011 4.77763
-1.04416 -0.478892 6.1001
-0.0536375 0.26033 5.21038
-0.628865 -0.148545 4.49629
-1.03123 -0.422198 5.14548
-1.06514 -0.493067 4.9301
0.222795 -0.0831697 2.20876
0.251588 -0.106542 2.08389
0.236267 -0.0239332 2.20177
0.246616 0.0242007 2.11462
0.22914 -0.0468832 2.68083
-0.488035 0.2568 3.05154
-0.298001 0.245517 2.68728
-0.331069 0.22475 2.02869
-0.218845 0.221546 2.24369
-0.296949 0.228725 2.42413
-0.180704 -0.378996 3.96354
0.368387 -0.593218 6.41289
0.231306 -0.0342672 3.40405
0.224108 -0.00931841 4.46951
-0.648426 0.197432 2.83638
-0.616291 0.227564 2.24527
-0.614847 0.163653 2.04447
-0.615663 0.158246 2.01806
-0.616631 0.204329 1.87112
-0.719167 -0.165127 2.4712
-0.625216 -0.023235 2.82414
-0.607696 -0.0593722 2.04271
-0.622609 -0.0596266 1.99706
-0.62939 0.0323922 1.88862
-0.607085 0.0524638 2.01218
-0.643909 -0.022476 2.20054
-0.615263 0.145306 1.7456
-0.618972 -0.00510629 1.7559
-0.642188 -0.00287758 2.60065
-0.65195 -0.0101794 2.48041
-0.642021 0.0142044 1.92924
-0.297564 -0.0445561 6.74128
-0.341602 -0.197878 6.39641
-0.203669 -0.259104 5.94093
-0.019906 0.0435758 5.02331
0.0309436 -0.13439 5.28639
0.256336 -0.0527804 2.99999
0.210889 -0.011055 3.02939
0.221203 -0.0371012 3.34022
0.210855 -0.0461507 2.98253
-0.416676 -0.0248146 7.04984
-1.06624 -0.547183 6.50694
-1.09292 -0.61985 6.02293
-0.725153 -0.185484 5.24557
-0.0551821 0.0830073 1.52135
0.220683 -0.0824691 2.20867
0.204606 -0.084431 2.12113
0.232336 0.0320635 2.38008
0.233935 -0.0243319 2.19382
0.238608 0.0223397 2.09869
0.219703 -0.191726 2.64861
0.21715 -0.0459173 2.64645
-0.121071 0.207563 2.10084
-0.410242 0.295181 3.77936
0.153604 -0.1089 3.13835
0.109719 -0.145967 4.77692
0.169083 -0.154405 4.75509
-0.368944 -0.566608 6.50209
-0.27967 0.160798 6.38642
-0.614082 0.226305 2.23852
-0.628289 0.0856469 1.89611
-0.613627 0.156723 2.01484
-1.16327 -0.522348 5.14646
-0.639554 -0.0232556 2.89956
-0.617332 0.143559 1.74313
-0.74493 -0.173467 2.54779
-0.871306 -0.416276 5.41436
-1.00797 -0.457727 5.86496
-0.287596 -0.340776 6.72426
-0.336665 -0.419922 6.38511
0.224926 0.00486357 3.47146
0.224193 -0.0280286 2.99287
0.219597 -0.0598318 2.84542
0.229482 -0.0888724 2.17551
-0.628289 0.0856469 1.89611
-0.615117 0.156598 2.02024
-0.633897 0.0885769 2.16842
0.232336 0.0320635 2.38008
-0.878377 -0.297493 4.35949
-1.10224 -0.335507 4.48067
-0.629385 -0.0764598 2.0839
-0.63903 -0.0604596 2.02275
-0.632382 0.0327252 1.90047
-0.0637327 0.0818927 1.51007
0.214901 -0.147657 3.45813
-0.62711 -0.00687983 2.40298
-0.645799 -0.0155823 2.26663
0.376822 -0.4975 4.9338
0.361101 -0.595154 6.37513
-0.0384178 0.0768803 1.62875
0.230704 -0.059759 2.6579
-0.559577 -0.305025 7.30469
-0.368944 -0.566608 6.50209
-0.386877 0.257809 2.91719
-0.390664 0.280781 3.64234
-0.800792 -0.350918 5.29768
0.116069 -0.155588 5.10401
-0.732287 -0.158641 2.9076
-0.598235 0.220065 2.18344
-0.615627 0.143275 1.74246
-0.606595 0.0470383 1.52634
0.196535 -0.0080858 2.96313
0.235201 -0.0351722 3.43889
0.182777 0.0473598 2.62221
-0.62751 0.0354374 1.89446
-0.68097 0.206583 3.02568
-0.660214 -0.0211958 2.2501
-0.621839 -0.0756448 2.06109
-0.62453 -0.0602741 1.99598
-0.642147 -0.00406442 2.45667
0.158294 -0.148854 4.62613
0.162766 -0.419926 5.23009
0.221099 -0.0688325 2.39159
0.234946 0.0253734 2.09576
0.194216 0.0656366 4.72503
0.219995 -0.0275029 2.79238
-0.224361 -0.250955 5.53353
-0.368944 -0.566608 6.50209
-0.380382 0.24924 2.78706
-0.682771 -0.0874723 4.64286
-0.032514 0.0460517 4.73053
-0.028073 -0.0979778 5.20284
-0.62424 -0.0138472 2.21447
-0.629745 0.0829579 1.90599
-0.612723 0.0473254 1.53217
