0.212649 0.000114436 3.32431
0.250669 -0.107422 4.55139
-0.0727217 0.130276 1.7318
-0.191247 0.215508 2.20113
0.339773 -0.00647576 4.46172
-0.610041 0.241741 2.45476
0.229035 0.282872 4.62415
0.23176 -0.0125642 2.73393
-0.0816916 0.329794 5.54378
-0.256319 0.15406 6.48037
-0.966027 -0.658584 5.20888
0.235313 0.020273 2.07687
-1.01333 -0.634915 6.33654
-0.219807 -0.38014 3.88885
-0.752828 -0.203485 2.54102
0.44472 -0.6874 7.22982
0.40745 -0.638222 7.06278
0.229032 -0.0123826 2.72334
0.193644 0.0932628 3.19709
0.215688 -0.000657148 3.3582
0.220948 -0.098154 2.19388
0.570527 -0.565092 4.84528
-0.136504 -0.0428103 5.82718
-0.273455 -0.120963 6.55553
-0.0793047 -0.199497 5.55051
-0.297447 -0.275737 6.62118
-0.787515 -0.385722 6.06014
-0.726177 -0.441653 5.99456
0.100499 0.22876 2.92896
-0.341846 -0.45893 6.54015
-0.374877 -0.576123 6.52692
0.347528 -0.00795141 4.51673
0.231826 -0.0131005 4.4818
0.213414 0.0076459 4.72985
0.161444 -0.104126 3.34111
-0.392128 0.183876 7.17615
0.224794 -0.0611116 2.8109
0.126526 -0.154466 4.90976
-0.0747916 0.0416784 5.62899
-0.256788 -0.00543506 6.31015
0.125645 0.183388 5.08326
-0.253068 0.281424 6.73229
-0.243036 0.217184 2.09358
-0.801528 -0.21482 5.81919
-0.0156055 -0.116256 5.66047
-0.381818 -0.0972772 6.65474
-0.523425 -0.287078 7.31165
0.238836 -0.199604 2.71177
0.231041 -0.216871 2.6792
0.17464 -0.119546 2.73924
-0.0330163 0.0866286 5.62287
-0.862455 -0.345314 5.592
-1.1376 -0.514363 6.60814
-0.914648 -0.47848 5.09172
-1.04447 -0.446683 4.94825
-0.979941 -0.664081 5.25145
-1.04985 -0.630463 5.22718
-1.17731 -0.507249 4.95896
-1.18248 -0.618868 5.18473
-0.912905 -0.259053 4.26103
-1.0429 -0.54057 5.9764
0.228248 -0.144773 2.20141
0.210287 -0.168259 2.29667
0.232187 -0.0660372 2.39254
0.236763 -0.0631016 2.67817
-0.170159 0.204529 1.90849
0.3317 -0.314063 4.76413
-1.04479 -0.614342 6.30658
-0.609023 0.295949 3.42802
-0.620498 0.0831534 1.87356
-0.610876 0.158288 2.00375
-0.608152 0.144234 1.7317
-0.615922 0.202944 1.78895
0.234277 -0.482542 5.71632
0.482628 -0.495257 4.37374
0.232978 0.0306656 2.3717
0.224476 -0.0870371 2.39076
0.224622 -0.0817999 2.47323
-0.621339 0.0320555 1.86986
-0.740351 -0.451287 6.09804
-0.818501 -0.173149 4.50223
-0.444473 0.271254 3.0611
0.184053 -0.159689 4.84356
0.122531 -0.152876 4.92726
-0.642515 -0.278847 6.43366
-0.277012 0.152786 6.36683
-0.0725542 0.0456399 5.65645
0.225492 -0.0512285 2.76593
-0.0534216 -0.0917232 5.58094
0.0325225 -0.132423 5.1444
-0.0601917 -0.190161 5.70804
0.170488 -0.120828 2.728
0.120813 0.180362 5.06236
0.217973 -0.0460616 3.005
0.223452 -0.0602063 2.90716
-0.168952 0.380314 5.893
0.115989 0.015562 5.0907
0.243261 -0.202254 2.73432
0.237994 -0.202594 2.68001
-0.634263 0.206214 7.35686
-0.943019 -0.469717 5.05212
-1.01297 -0.430873 4.79826
-0.977718 -0.484027 6.19941
-0.0759522 0.0825986 1.53051
0.230522 -0.079439 2.36866
0.234657 -0.0302801 2.20093
0.23985 0.0204427 2.08953
0.230025 -0.042812 2.67386
-0.14861 0.207977 2.02552
-0.217789 0.221229 2.24126
0.519504 -0.633706 5.28599
0.391303 -0.502839 4.99958
0.257758 -0.108445 4.63122
-0.368765 -0.559285 6.36239
-0.264636 -0.376533 3.90126
-0.295254 -0.12872 6.96908
-0.634947 0.193227 2.71826
-0.622963 0.232045 2.26423
-0.603813 0.214749 2.05559
-0.758582 -0.169171 2.97643
-0.971088 -0.250356 4.42576
-0.61344 -0.0584074 1.98029
-0.611398 -0.0591788 2.04159
-0.643593 0.0901664 2.27014
-0.618307 0.0541347 2.03697
-0.601781 0.190771 1.73155
-0.61277 -0.00483449 1.7401
-0.424882 0.252799 2.91351
0.219962 -0.0851292 2.37695
-0.314148 -0.417802 6.50012
-0.272809 -0.105212 6.07695
-0.303019 -0.281967 6.40247
-0.646977 0.0334194 1.95181
-0.271211 0.154103 6.44737
-0.291695 -0.00321486 6.71953
0.226552 -0.0146072 4.47035
0.219769 -0.0429668 3.35159
0.169106 -0.10746 3.39933
0.227393 -0.0215742 2.17771
0.170634 -0.101749 2.7146
0.239761 -0.0225809 3.05179
0.251502 -0.0228278 3.22446
0.238442 -0.200762 2.71561
-0.4073 0.187171 7.23156
-0.407837 0.00504369 7.00756
-0.63272 0.0519988 7.47783
-0.388086 -0.0943584 6.67159
-0.345909 -0.18565 6.61107
0.193881 0.0121391 4.54137
0.101095 0.0156704 4.82163
0.209722 -0.047334 2.70765
0.225451 -0.0604112 2.81929
0.0185877 0.244921 4.14043
-0.961599 -0.4387 6.75946
-0.944559 -0.271162 4.41399
-0.903826 -0.488104 5.02368
-1.10122 -0.500708 5.11144
-0.860876 -0.43025 4.03417
0.235481 -0.0914857 2.19261
0.232632 0.0215872 2.07434
0.164446 0.233643 4.50857
-0.299911 0.249696 2.74388
-0.321112 0.217629 1.98218
-0.218303 0.222081 2.24571
0.175491 -0.401558 4.81443
-0.0559168 -0.591323 6.62529
0.519504 -0.633706 5.28599
0.391303 -0.502839 4.99958
0.174094 -0.154989 4.72734
-0.751187 -0.36674 5.78904
-1.02236 -0.594276 6.15061
-0.611434 0.157121 2.00564
-0.61179 0.0795815 2.02999
-1.12902 -0.351129 4.60505
-0.651951 0.102716 2.70179
-0.594048 -0.0215991 2.6876
-0.626521 -0.0603478 2.00562
-0.609861 -0.0584432 2.04091
-0.7005 -0.15995 2.41685
-0.636792 -0.0221887 2.17641
-0.613314 0.144267 1.73787
-0.614257 0.202081 1.8601
0.228648 -0.0350352 3.37311
-0.0538476 -0.0944714 5.52164
-1.12039 -0.344171 4.56273
-1.31702 -0.59377 5.53056
0.231665 -0.197186 2.69256
-0.871965 -0.298036 4.71273
-1.05023 -0.481767 6.13445
0.221139 -0.0242917 2.96726
-0.381589 -0.272015 6.40611
-0.537544 -0.299961 7.35914
-1.08698 -0.564988 6.17729
-1.04428 -0.425907 5.21032
-1.10122 -0.500708 5.11144
-0.558452 -0.151642 4.73921
-0.681971 -0.171159 4.93217
0.166454 0.153382 4.54594
0.179902 0.0223999 4.77305
0.00574326 0.279831 4.56689
-0.052538 0.262122 5.25249
0.23633 0.0997066 2.06425
-0.0780778 0.0818626 1.52711
0.222152 -0.082911 2.20062
0.23544 -0.0814259 2.37976
0.222944 -0.0981834 2.20394
0.235747 0.0223095 2.08294
0.185133 -0.110704 2.70593
0.238384 0.037831 2.45004
0.226977 -0.0462515 2.66317
-0.415535 0.247064 2.87013
-0.329152 0.213485 1.98847
-0.297397 0.245317 2.68471
0.37696 -0.60461 6.52244
-0.0554469 -0.758569 6.84691
0.14185 -0.103614 3.10461
0.311166 -0.431195 4.49773
0.167543 -0.151757 4.68331
0.226782 -0.00997269 4.48149
-0.859647 -0.44796 5.07048
-0.370721 -0.569291 6.53092
-0.262031 -0.362985 3.79781
-0.293567 -0.117996 6.66605
-0.576841 0.276174 3.2624
-0.644209 0.234824 2.78715
-0.627327 0.0858145 1.89008
-0.614768 0.227645 2.23998
-0.758311 -0.177145 2.58967
-0.655048 0.100806 2.7142
-0.651403 -0.00294467 2.63306
-0.635804 -0.0621479 2.02777
-0.640166 -0.0223013 2.18845
-0.605101 -0.0581587 2.03103
-0.647241 0.0542138 1.934
-0.625936 0.0324267 1.87828
-0.650047 -0.0208999 2.2976
-0.615438 0.14334 1.73772
0.15357 0.137858 4.38611
-1.16575 -0.523909 5.15559
0.0310962 -0.134015 5.2728
-0.128669 -0.045717 5.58026
-0.296486 -0.0443656 6.73687
-0.898147 -0.304498 4.44768
-1.08546 -0.616434 5.98005
-1.05858 -0.490339 4.90389
0.195573 -0.041112 2.68942
0.236203 -0.0490158 2.89861
-0.414738 -0.0219911 7.05223
-0.343564 -0.199325 6.43805
0.0112159 0.165028 4.89205
-0.0172368 0.045315 5.12189
0.242942 0.0933434 2.66293
-0.728762 -0.185471 5.27465
0.224076 -0.0479266 3.04757
0.222152 -0.082911 2.20062
0.218891 -0.0842575 2.38018
0.232774 0.0321348 2.376
0.239082 0.0239471 2.08898
0.23868 0.0223332 2.13437
0.225461 -0.193691 2.67421
0.239622 0.0378265 2.45521
0.18874 0.266106 4.46342
-0.120272 0.207729 2.09698
-0.482987 0.254094 3.02241
-0.32425 0.218626 1.9889
0.366054 -0.602264 6.43603
-0.0583431 -0.762909 6.86998
0.165445 -0.113717 3.20721
0.0889391 -0.131199 4.8188
0.224919 -0.0371539 3.35742
-1.06275 -0.545171 6.4865
-0.370721 -0.569291 6.53092
-0.280455 0.161401 6.42537
-0.645094 0.196908 2.82165
-0.611434 0.157121 2.00564
-0.930716 -0.266992 4.34378
-0.648142 -0.010057 2.46646
-0.622661 -0.0231852 2.81298
-0.6109 -0.0594734 2.0498
-0.625186 0.0322419 1.87748
-0.591011 0.0749527 2.05451
-0.611003 0.0525662 2.02018
-0.648282 -0.0154961 2.27441
-0.615119 0.204115 1.86629
-0.610581 0.14425 1.73446
-0.72374 -0.15078 2.89864
-0.613277 0.226426 2.23468
-0.640656 0.0902637 2.18657
-0.616345 -0.00509287 1.74869
0.174477 0.258335 4.37494
0.0181355 0.156123 5.00553
-0.0240516 0.114022 5.99051
-0.504269 -0.242778 7.13632
0.274461 -0.0616852 3.44803
-0.731781 -0.158767 2.90442
-0.625538 0.0851935 1.88805
0.232774 0.0321348 2.376
-0.375677 0.242488 2.66177
-0.584494 0.282242 3.32209
-0.62915 -0.0229725 2.85479
-0.612981 0.22598 2.23408
0.267337 -0.0950526 2.52926
0.233484 -0.0889257 2.18299
-0.64396 -0.0220724 2.19967
-0.619563 -0.0749259 2.0548
-0.642845 -0.00420667 2.45861
0.113085 -0.149076 4.86983
0.212037 -0.144523 3.42279
0.231034 -0.0683153 2.44326
0.217314 -0.046358 2.64102
0.231585 -0.0250543 2.18975
-0.335049 -0.419548 6.3692
-0.561199 -0.306725 7.34465
-0.370721 -0.569291 6.53092
0.0226828 0.175102 2.51907
0.210035 0.0053923 3.37313
-0.109066 0.276056 4.98471
-0.814454 -0.357209 5.38868
-1.01257 -0.459783 5.89439
-0.0468675 0.0360073 1.58364
-0.383415 0.255518 2.89104
0.115454 -0.154484 5.07412
0.219983 -0.0278739 2.96053
-0.308228 -0.0680246 7.10359
-0.610591 0.142178 1.72992
-0.623327 -0.0601962 1.99173
-0.382453 -0.269818 6.34219
-0.519325 -0.306229 6.89954
-0.346619 -0.153627 5.53696
-0.0306344 0.0477253 4.79878
-0.871063 -0.415847 5.42562
-0.657776 -0.021091 2.24182
-0.625538 0.0851935 1.88805
-0.610594 0.225371 2.22169
-0.378772 0.248646 2.77998
0.215921 -0.0573096 2.81376
0.239199 0.0336691 2.39809
-0.620627 0.000552251 2.54374
-0.630971 -0.00694314 2.41569
-0.664239 0.201506 2.95278
0.24494 -0.0816862 2.49352
0.2279 -0.0586609 2.63866
-1.09656 -0.334419 4.45999
0.158634 -0.413671 5.1117
-0.390471 0.280805 3.64084
0.218793 0.00472773 3.41637
0.0717224 0.146198 4.61362
0.0228945 -0.126793 5.08558
-0.274961 -0.0625891 6.03167
-0.229519 -0.255449 5.59331
-0.705134 -0.325188 5.44862
0.219745 -0.0329391 3.32305
-0.642618 -0.00319446 2.2255
-0.636604 -0.0605307 2.01553
-0.610249 0.155335 2.00574
-0.63674 0.0861642 1.93048
-0.672959 0.19918 2.7876
-0.293292 0.238991 2.64148
-0.631191 0.0326375 1.8964
