0.570527 -0.565092 4.84528
0.235313 0.020273 2.07687
0.347528 -0.00795141 4.51673
0.232187 -0.0660372 2.39254
-0.0534216 -0.0917232 5.58094
0.125645 0.183388 5.08326
-0.0816916 0.329794 5.54378
-1.04447 -0.446683 4.94825
-1.18248 -0.618868 5.18473
0.44472 -0.6874 7.22982
-0.262625 -0.362807 3.8049
0.234943 0.0387585 2.44383
0.212649 0.000114436 3.32431
-0.523425 -0.287078 7.31165
-0.642515 -0.278847 6.43366
0.405794 -0.499364 4.96547
0.370115 -0.482352 4.80939
0.339773 -0.00647576 4.46172
-0.354158 -0.499907 6.85849
-0.374877 -0.576123 6.52692
0.100499 0.22876 2.92896
-0.818501 -0.173149 4.50223
-0.0510296 -0.0935077 5.61751
0.250669 -0.107422 4.55139
0.231826 -0.0131005 4.4818
0.213414 0.0076459 4.72985
0.224794 -0.0611116 2.8109
-0.253068 0.281424 6.73229
0.229035 0.282872 4.62415
0.126526 -0.154466 4.90976
-0.912905 -0.259053 4.26103
-1.01056 -0.422629 4.87454
-0.392128 0.183876 7.17615
-0.256788 -0.00543506 6.31015
-0.378572 0.0132812 6.94501
-1.10034 -0.459625 4.45732
-1.24809 -0.615945 4.94476
-0.62103 0.0416107 7.36879
-1.08178 -0.598078 6.12644
-0.943019 -0.469717 5.05212
-0.966027 -0.658584 5.20888
-0.801528 -0.21482 5.81919
-0.273455 -0.120963 6.55553
-0.381818 -0.0972772 6.65474
-0.297447 -0.275737 6.62118
-0.0330163 0.0866286 5.62287
-0.0747916 0.0416784 5.62899
0.231041 -0.216871 2.6792
-0.787515 -0.385722 6.06014
-0.862455 -0.345314 5.592
-0.726177 -0.441653 5.99456
-0.977718 -0.484027 6.19941
-1.17731 -0.507249 4.95896
0.230522 -0.079439 2.36866
0.228248 -0.144773 2.20141
0.236936 -0.0258986 2.19928
0.238876 -0.0727148 2.47652
0.3317 -0.314063 4.76413
-1.01333 -0.634915 6.33654
-0.219807 -0.38014 3.88885
-0.264636 -0.376533 3.90126
-0.621321 0.203644 1.86414
-0.628551 0.0130798 1.9116
-0.243036 0.217184 2.09358
-0.444473 0.271254 3.0611
-0.341846 -0.45893 6.54015
-0.584999 0.222107 3.14254
0.224476 -0.0870371 2.39076
0.224622 -0.0817999 2.47323
0.23985 0.0204427 2.08953
0.391303 -0.502839 4.99958
0.519504 -0.633706 5.28599
-1.16302 -0.531811 4.58334
-0.136504 -0.0428103 5.82718
-0.0601917 -0.190161 5.70804
-0.277012 0.152786 6.36683
-0.4073 0.187171 7.23156
-0.291695 -0.00321486 6.71953
-0.971088 -0.250356 4.42576
-1.03005 -0.408159 5.04118
0.193881 0.0121391 4.54137
0.173132 0.0198045 4.69229
0.17464 -0.119546 2.73924
-0.295254 -0.12872 6.96908
-0.168952 0.380314 5.893
0.104331 -0.142834 5.20644
0.115989 0.015562 5.0907
-0.634263 0.206214 7.35686
-0.0725542 0.0456399 5.65645
-0.914648 -0.47848 5.09172
-0.979941 -0.664081 5.25145
0.238836 -0.199604 2.71177
0.00645172 0.24722 4.13303
0.120813 0.180362 5.06236
-0.740351 -0.451287 6.09804
-0.988653 -0.495143 6.2719
-1.1376 -0.514363 6.60814
-1.01297 -0.430873 4.79826
0.220948 -0.098154 2.19388
0.235134 -0.0236737 2.19178
0.237548 0.0385489 2.45604
0.236763 -0.0631016 2.67817
-0.14861 0.207977 2.02552
-0.217789 0.221229 2.24126
0.40745 -0.638222 7.06278
0.184053 -0.159689 4.84356
0.215688 -0.000657148 3.3582
0.161444 -0.104126 3.34111
-0.0559168 -0.591323 6.62529
-0.175944 -0.368954 3.87842
-0.610876 0.158288 2.00375
-0.603813 0.214749 2.05559
-1.12902 -0.351129 4.60505
-0.611398 -0.0591788 2.04159
-0.61344 -0.0584074 1.98029
-0.613552 -0.0184575 2.20511
-0.612906 0.10711 1.84248
-0.620498 0.0831534 1.87356
-0.608152 0.144234 1.7317
0.391303 -0.502839 4.99958
0.519504 -0.633706 5.28599
-0.634947 0.193227 2.71826
0.219769 -0.0429668 3.35159
-0.314148 -0.417802 6.50012
-0.368765 -0.559285 6.36239
-0.299911 0.249696 2.74388
-0.621339 0.0320555 1.86986
-1.15791 -0.378102 5.03203
0.115989 0.015562 5.0907
0.170634 -0.101749 2.7146
0.226552 -0.0146072 4.47035
-0.295254 -0.12872 6.96908
-0.388086 -0.0943584 6.67159
-0.303019 -0.281967 6.40247
0.113085 -0.149076 4.86983
0.0325225 -0.132423 5.1444
0.239761 -0.0225809 3.05179
0.223452 -0.0602063 2.90716
0.243261 -0.202254 2.73432
0.0185877 0.244921 4.14043
0.00574326 0.279831 4.56689
-0.857124 -0.408058 4.92902
-0.63272 0.0519988 7.47783
-0.871965 -0.298036 4.71273
-0.751187 -0.36674 5.78904
-0.961298 -0.468635 6.21261
-1.11555 -0.639649 5.3973
-1.28088 -0.610943 5.26008
0.23544 -0.0814259 2.37976
0.235481 -0.0914857 2.19261
0.232978 0.0306656 2.3717
0.219962 -0.0851292 2.37695
0.230025 -0.042812 2.67386
-0.148438 0.209125 2.03201
-0.329152 0.213485 1.98847
0.174094 -0.154989 4.72734
0.169106 -0.10746 3.39933
-0.221951 -0.37821 3.87908
-0.271211 0.154103 6.44737
-0.576841 0.276174 3.2624
-0.643593 0.0901664 2.27014
-0.622963 0.232045 2.26423
-0.633462 -0.00990547 2.41344
-0.594048 -0.0215991 2.6876
-0.605101 -0.0581587 2.03103
-0.7005 -0.15995 2.41685
-0.613129 -0.0169407 2.20139
-0.613314 0.144267 1.73787
-0.61277 -0.00483449 1.7401
-0.614257 0.202081 1.8601
-0.618307 0.0541347 2.03697
-0.645094 0.196908 2.82165
-0.128669 -0.045717 5.58026
0.221139 -0.0242917 2.96726
-0.424882 0.252799 2.91351
-0.903826 -0.488104 5.02368
-0.336466 -0.390068 6.77241
-0.370721 -0.569291 6.53092
0.198968 0.122511 4.61827
0.226782 -0.00997269 4.48149
0.179902 0.0223999 4.77305
0.228648 -0.0350352 3.37311
-1.05023 -0.481767 6.13445
-1.31702 -0.59377 5.53056
0.238442 -0.200762 2.71561
-0.052538 0.262122 5.25249
0.164446 0.233643 4.50857
0.166454 0.153382 4.54594
0.209722 -0.047334 2.70765
0.225451 -0.0604112 2.81929
-0.293567 -0.117996 6.66605
-0.407837 0.00504369 7.00756
-0.537544 -0.299961 7.35914
-0.681971 -0.171159 4.93217
0.222152 -0.082911 2.20062
0.222944 -0.0981834 2.20394
0.258645 0.0463364 2.2736
0.231876 0.0324281 2.37422
0.146849 -0.11327 2.60098
0.22726 -0.0580536 2.42567
0.226977 -0.0462515 2.66317
-0.297397 0.245317 2.68471
0.37696 -0.60461 6.52244
0.311166 -0.431195 4.49773
0.167543 -0.151757 4.68331
0.224787 0.00188984 4.03596
-0.222735 -0.379909 3.89119
-0.264636 -0.376533 3.90126
-0.611434 0.157121 2.00564
-0.61179 0.0795815 2.02999
-0.72374 -0.15078 2.89864
-0.944559 -0.271162 4.41399
-0.651951 0.102716 2.70179
-0.609861 -0.0584432 2.04091
-0.636792 -0.0221887 2.17641
-0.650047 -0.0208999 2.2976
-0.615438 0.14334 1.73772
-0.218303 0.222081 2.24571
0.220926 -0.182468 2.7471
0.18874 0.266106 4.46342
0.15357 0.137858 4.38611
-1.01257 -0.459783 5.89439
-0.69642 -0.274103 4.54623
0.236203 -0.0490158 2.89861
0.0112159 0.165028 4.89205
-0.0172368 0.045315 5.12189
-1.08546 -0.616434 5.98005
-0.296486 -0.0443656 6.73687
-0.414738 -0.0219911 7.05223
-0.343564 -0.199325 6.43805
0.223714 -0.0115498 3.09543
0.224076 -0.0479266 3.04757
-0.728762 -0.185471 5.27465
0.218891 -0.0842575 2.38018
0.222152 -0.082911 2.20062
0.231995 -0.0915199 2.17925
0.232774 0.0321348 2.376
0.235134 -0.0236737 2.19178
0.238384 0.037831 2.45004
-0.120272 0.207729 2.09698
0.386565 -0.502571 4.99986
0.169365 -0.15458 4.74187
0.0310962 -0.134015 5.2728
0.218793 0.00472773 3.41637
0.224919 -0.0371539 3.35742
-0.206202 -0.260527 6.00708
-0.0583431 -0.762909 6.86998
-0.370721 -0.569291 6.53092
-0.0240516 0.114022 5.99051
-0.280455 0.161401 6.42537
-0.0538476 -0.0944714 5.52164
-0.611434 0.157121 2.00564
-1.12039 -0.344171 4.56273
-0.944559 -0.271162 4.41399
-1.16575 -0.523909 5.15559
-0.655048 0.100806 2.7142
-0.651403 -0.00294467 2.63306
-0.642845 -0.00420667 2.45861
-0.622661 -0.0231852 2.81298
-0.635804 -0.0621479 2.02777
-0.623379 -0.0138925 2.21091
-0.627327 0.0858145 1.89008
-0.625186 0.0322419 1.87748
-0.625936 0.0324267 1.87828
-0.610581 0.14425 1.73446
-0.611003 0.0525662 2.02018
-0.640166 -0.0223013 2.18845
-0.614768 0.227645 2.23998
-0.640656 0.0902637 2.18657
-0.644209 0.234824 2.78715
0.23868 0.0223332 2.13437
-0.426464 0.256796 2.94375
-0.482987 0.254094 3.02241
0.19556 0.0643162 4.74076
-0.504269 -0.242778 7.13632
-0.335049 -0.419548 6.3692
0.195573 -0.041112 2.68942
-0.705134 -0.325188 5.44862
0.219983 -0.0278739 2.96053
-0.375677 0.242488 2.66177
-0.623327 -0.0601962 1.99173
-1.09656 -0.334419 4.45999
-0.648282 -0.0154961 2.27441
-0.657776 -0.021091 2.24182
-0.591011 0.0749527 2.05451
0.232774 0.0321348 2.376
0.237775 -0.0958755 2.21834
0.217314 -0.046358 2.64102
-0.625538 0.0851935 1.88805
-0.584494 0.282242 3.32209
0.224807 -0.0841587 2.4551
-0.648142 -0.010057 2.46646
0.366054 -0.602264 6.43603
0.220015 -0.178657 2.738
0.174477 0.258335 4.37494
0.231585 -0.0250543 2.18975
0.219745 -0.0329391 3.32305
-1.06275 -0.545171 6.4865
-0.898147 -0.304498 4.44768
0.0889391 -0.131199 4.8188
-0.12264 -0.0541167 5.59053
-0.616345 -0.00509287 1.74869
-0.613277 0.226426 2.23468
-0.610249 0.155335 2.00574
-0.274961 -0.0625891 6.03167
-0.346619 -0.153627 5.53696
-0.229519 -0.255449 5.59331
-0.561199 -0.306725 7.34465
-0.0403247 0.180711 3.23315
0.0185653 0.325813 5.08339
0.212568 -0.0113119 3.0454
0.0181355 0.156123 5.00553
-0.0306344 0.0477253 4.79878
-0.109066 0.276056 4.98471
-0.610591 0.142178 1.72992
-0.620627 0.000552251 2.54374
-0.630971 -0.00694314 2.41569
-0.64396 -0.0220724 2.19967
-0.664239 0.201506 2.95278
-0.642618 -0.00319446 2.2255
0.233484 -0.0889257 2.18299
0.215921 -0.0573096 2.81376
0.24494 -0.0816862 2.49352
0.2279 -0.0586609 2.63866
0.239199 0.0336691 2.39809
-0.631191 0.0326375 1.8964
-0.63674 0.0861642 1.93048
-0.625538 0.0851935 1.88805
-0.871063 -0.415847 5.42562
0.115454 -0.154484 5.07412
0.231034 -0.0683153 2.44326
-0.814454 -0.357209 5.38868
-0.370721 -0.569291 6.53092
0.0228945 -0.126793 5.08558
-0.293292 0.238991 2.64148
-0.612981 0.22598 2.23408
