0.32547 -0.230456 1.36301
0.365772 -0.283169 1.46541
0.35917 -0.213632 1.28607
0.299921 -0.0245319 0.74313
0.27738 -0.202046 1.44544
0.550205 -0.00326124 0.790238
0.531998 -0.0157914 0.783102
0.284507 0.132066 1.03563
0.301455 0.10049 1.06376
0.269613 0.128164 0.678842
0.284625 0.143222 0.748197
0.280838 0.14644 0.936814
0.298016 -0.297847 1.58989
0.271114 0.0462292 0.744822
0.265067 -0.139902 1.27944
0.319387 -0.168748 1.29818
0.279561 -0.180726 1.26595
0.27434 0.162346 0.787796
0.3229 0.0141266 1.05346
0.30002 -0.0157003 0.899863
0.295678 0.0336494 1.18924
0.296403 -0.0012197 1.12304
0.266383 0.163315 0.936522
0.262838 0.160237 1.02286
0.303709 -0.0709828 0.759786
0.304649 -0.0913647 0.772317
0.283203 -0.126539 1.07259
0.308138 0.034145 1.10835
0.297407 0.0345829 1.12101
0.290833 -0.125337 0.737336
0.305727 0.00946588 1.34941
0.202948 -0.0916564 1.03058
0.236464 -0.110575 1.33766
0.474716 -0.129483 0.793282
0.657914 -0.0302004 0.876973
0.381859 -0.0768796 0.752056
0.281869 0.166113 1.34347
0.0655074 0.183084 0.816155
-0.0299486 0.193109 0.966568
-0.692414 -0.188479 1.29667
-0.638712 -0.176383 1.14226
-0.64408 -0.241511 1.59447
-0.666109 -0.0150958 1.25678
-0.640335 -0.0342105 1.15083
-0.750263 -0.0585099 1.69955
-0.667248 0.0228061 1.5061
-0.677791 -0.0920751 1.65483
-0.664821 -0.110672 0.932008
-0.661104 -0.00573798 0.930615
-0.683123 -0.000885253 0.940781
-0.661039 -0.00106223 1.02866
0.548976 -0.0199866 0.793086
0.282735 0.0609596 0.686148
0.277697 0.144603 0.697034
0.265865 0.079384 0.718641
0.289275 0.0278393 0.844415
0.271773 0.159968 0.835962
0.266454 0.156029 0.872591
0.263898 -0.106901 1.16533
0.305604 -0.0904972 0.709377
0.280253 0.165357 0.760394
0.279342 -0.0359314 1.08154
0.279082 0.0968099 0.747198
0.267632 0.108717 0.793191
0.310489 -0.114608 0.79064
0.242884 -0.0547422 1.2396
0.295279 0.0450928 0.47599
0.299088 0.0916494 0.555562
0.469418 -0.13838 0.751838
0.633726 -0.0928723 0.892603
0.48575 -0.0254081 0.841942
0.666254 -0.0311567 0.888095
0.303828 -0.000109893 0.747623
0.294758 -0.0478297 0.729935
0.127954 0.198762 1.00932
0.157532 0.170904 0.996852
-0.642231 -0.409119 2.07123
-0.705674 -0.0791912 1.98446
-0.628206 0.0480238 1.57113
-0.647386 -0.107858 0.909376
-0.635896 -0.177061 1.09399
-0.676614 -0.00796871 0.924155
0.297508 -0.104141 0.746803
0.298954 0.0455589 0.481008
0.274779 0.130568 0.69385
0.472021 -0.129821 0.790003
0.550702 -0.0200744 0.796262
-0.115352 0.0319376 0.291821
-0.638579 -0.00755725 0.901201
0.277674 -0.070176 0.732527
0.295597 0.0222446 0.499303
0.267609 0.0659138 0.685465
0.291887 0.0230375 0.565738
0.260664 0.123822 0.659813
0.468684 -0.129112 0.785959
0.625594 -0.0980995 0.852475
0.619097 -0.118594 0.860465
0.324677 -0.0681677 0.717346
0.304169 -0.121349 0.720809
0.302812 3.7728e-06 0.74693
0.229092 0.139729 0.733263
-0.0734176 0.0333946 0.242577
-0.651449 -0.00734914 0.918479
-0.0734887 0.0333232 0.242117
0.280462 0.133477 0.706951
0.27833 0.0923957 0.749493
0.289172 0.0622787 0.703624
0.644961 -0.0955434 0.90584
0.554141 -0.0175109 0.81105
0.489528 -0.135302 0.819893
0.300974 0.0436216 0.505906
-0.0844506 0.0210934 0.342852
0.30668 -0.0715473 0.76722
0.310997 -0.0919262 0.720784
0.301308 0.0244976 0.582052
0.281518 0.121923 0.737038
0.281421 0.0949868 0.758343
0.30544 -0.000830212 0.750929
0.292105 0.0627528 0.711099
0.580618 -0.0179446 0.845847
0.29429 0.0275799 0.546797
0.300255 0.022802 0.506888
0.27792 -0.0728928 0.719976
0.279121 0.0184598 0.569966
0.279425 0.0943852 0.755683
-0.122858 0.0219593 0.334355
0.307845 -0.0929588 0.714704
0.515284 0.025431 0.762295
0.296041 0.021754 0.499058
-0.660414 -0.00913422 0.932396
-0.115015 0.0314689 0.292731
0.308025 0.0486679 0.483522
0.298282 0.028585 0.518524
0.292882 0.0234125 0.562991
0.298322 -0.0889968 0.693732
0.24675 -0.0637713 0.649692
0.524541 0.0247368 0.77766
-0.0716202 0.0257708 0.266427
0.310446 -0.0661575 0.687725
0.262996 0.0888906 0.714309
0.321208 0.0320154 0.675151
0.247533 0.0406057 0.691942
