0.228652 0.0294188 2.33403
0.13251 -0.43478 6.71512
0.225629 -0.0833502 2.44824
0.228736 -0.0122277 2.69578
-0.383356 -0.596197 6.72164
0.439668 -0.678423 7.14076
-1.0093 -0.632804 6.30767
0.346237 -0.00646452 4.47544
-0.63064 -0.0226511 2.14959
-0.250624 0.27868 6.65017
0.226111 -0.0600692 2.88706
0.223377 -0.0430547 3.29111
0.22731 -0.0404791 2.63558
-0.050798 -0.0921969 5.52509
-0.254375 0.153784 6.43618
0.177254 0.265804 4.52803
0.120662 0.180738 4.97617
0.0634734 0.100371 5.30838
-1.05212 -0.450653 4.9779
0.378258 0.150594 4.60065
-0.172255 -0.356251 3.78365
-0.217851 -0.378597 3.86571
-0.595574 0.235393 2.39871
-0.591668 0.152625 1.95061
-0.748116 -0.1668 2.93707
-0.588844 -0.0204202 2.65552
-0.625746 -0.0113101 2.38132
-0.981219 -0.256681 4.30883
0.227653 -0.0149773 2.95118
-0.0478239 -0.735661 7.06269
-0.633453 0.0834606 2.17632
-0.06696 0.0890319 1.61984
-0.29379 0.243794 2.61407
0.231353 -0.0234657 2.15856
0.0823822 0.242192 3.34192
-0.0694285 0.112134 1.72212
-0.600993 0.29234 3.38051
-0.616608 0.0320169 1.84922
0.353987 -0.0071868 4.53056
-0.351584 -0.497154 6.81956
0.524585 -0.561477 5.14332
0.221824 0.277241 4.52936
-0.533385 -0.293112 7.46669
-0.167991 0.39573 6.06365
-1.09176 -0.646854 6.59551
-0.956176 -0.651933 5.15539
0.217694 -0.0587962 2.85433
0.209523 0.0082132 4.65426
-0.721777 -0.439042 5.95853
-0.790485 -0.387732 6.08021
-0.0532559 -0.090036 5.53625
0.0295552 0.285497 4.54887
0.178709 0.161612 4.67151
0.230888 -0.0447405 3.32714
0.227999 -0.0412626 2.63623
-0.381768 0.178343 6.94721
-0.134809 -0.0418631 5.7635
-0.297727 3.75131e-05 6.69863
-0.27382 -0.121266 6.58138
-0.293562 -0.271755 6.53341
0.121661 0.0189844 5.22645
-0.656654 0.214838 7.62735
-0.638945 0.0424369 7.59426
0.126193 -0.153374 4.86987
-0.309135 0.213017 2.03012
-0.0801832 0.330153 5.53016
-0.842416 -0.227745 6.13234
-1.18029 -0.508948 4.96427
-1.20001 -0.590115 4.75588
-0.0729988 0.0422329 5.62842
0.215719 -0.192913 3.06987
0.23555 -0.196934 2.67349
0.230306 -0.215284 2.65028
-0.952468 -0.24514 4.34009
-1.00026 -0.418301 4.82392
-0.874878 -0.350833 5.67035
-0.988913 -0.490256 6.26722
0.228 -0.0786566 2.33707
0.225475 -0.0641672 2.34554
0.235285 0.0383218 2.42444
0.231263 -0.0708386 2.42766
0.334254 -0.314283 4.75756
0.471302 -0.48088 5.09648
0.592095 -0.579766 4.92906
0.177418 -0.152326 4.65994
-0.25967 -0.359492 3.76846
-0.748557 -0.166559 2.93457
-0.598413 0.141969 1.70333
-0.341347 -0.459287 6.52563
-0.378826 -0.583499 6.59909
-0.61911 0.0130263 1.88202
-0.825411 -0.132987 3.97527
0.185311 -0.109972 2.69709
0.229323 -0.175355 2.80661
-0.30438 0.217 2.12065
0.113623 0.212717 2.77328
-0.00335201 -0.126436 5.86298
-0.0593882 -0.187069 5.62687
-1.04115 -0.606381 6.2593
-1.07333 -0.593657 6.07738
0.517059 -0.630263 5.24832
-0.43164 0.261457 2.96173
-0.431321 0.263738 3.13264
-0.288621 -0.124214 6.76567
-0.225439 -0.278879 6.45613
-0.285754 0.160641 6.62557
-0.27974 -0.00248025 6.40915
0.229707 -0.012645 4.43154
-0.704145 -0.305551 5.72168
-0.728901 -0.443882 6.00031
0.123357 0.182373 5.05901
0.179539 0.0203894 4.74304
0.120643 0.0161192 5.10836
0.236854 0.188013 4.42493
0.0329356 -0.131726 5.12004
0.236086 -0.0599384 2.68357
0.220418 -0.0598545 2.76508
0.175252 -0.11904 2.71478
-1.22175 -0.544153 5.26437
-0.0293775 0.0890665 5.71123
-0.915597 -0.259964 4.27036
-1.00273 -0.502428 6.35513
-1.13663 -0.513033 6.5964
0.214578 -0.172947 2.63883
0.24326 -0.194135 2.85065
-1.09859 -0.499638 5.09555
-1.03388 -0.516954 4.53015
-0.068427 0.0880118 1.63142
0.221264 -0.0859178 2.35581
0.219262 -0.0971134 2.16585
0.230634 0.0303938 2.34062
0.225314 -0.0836188 2.44716
0.237979 0.0710544 3.07157
0.234524 0.0382802 2.41984
-0.116381 0.204888 2.07217
0.0251224 0.208089 2.32588
-0.401486 0.280929 3.63095
-0.188364 0.214099 2.17862
-0.175127 0.228639 2.3942
0.389192 -0.61533 6.8107
0.182675 -0.157922 4.79585
0.159867 -0.102788 3.29984
-0.261277 -0.371793 3.85326
-0.589545 0.208887 2.01044
-0.599443 0.220934 2.19022
-0.602348 -0.0581479 2.01039
-0.603839 -0.0574537 1.94898
-0.618275 -0.0101392 2.35916
-0.595224 0.140383 1.69834
0.168683 -0.100544 2.67824
0.168468 -0.119136 2.69082
0.251039 0.101913 3.4607
0.39418 -0.50389 5.00218
0.517059 -0.630263 5.24832
0.228171 -0.0428403 2.6417
0.225838 -0.0600526 2.79708
-0.950477 -0.501098 5.29188
-0.39381 0.180848 6.9838
-0.157705 0.0626345 5.69588
-0.397344 0.00443324 6.80294
0.105398 -0.142435 5.19393
-0.980003 -0.447929 6.88441
0.120643 0.0161192 5.10836
-0.307507 -0.287943 6.52446
0.232596 -0.195743 2.66687
0.203547 0.121027 4.56748
0.223116 -0.0134532 4.4028
0.200964 0.0126193 4.60543
-0.0529186 -0.0935967 5.49255
0.215293 -0.0452188 2.96434
0.213507 -0.0409784 3.28399
0.187722 -0.0937722 3.31052
-1.093 -0.339811 4.46351
0.144364 0.240648 4.27894
0.247255 0.188917 4.49478
0.166529 0.239272 4.49864
0.0095416 0.247741 4.14048
0.0923512 0.167116 4.688
0.232726 -0.179661 2.77336
-0.920605 -0.378063 5.97694
-0.993635 -0.48617 6.42464
-0.0689063 0.112559 1.72423
0.220361 -0.0833953 2.16983
0.217794 -0.0963616 2.16385
0.221525 -0.0803628 2.43719
0.201781 0.067667 2.92528
0.234698 -0.0617258 2.64398
0.382536 0.145871 4.62467
-0.214795 0.218757 2.21178
0.212067 -0.185016 3.11093
0.47682 -0.488959 4.31967
0.173409 -0.152979 4.6826
-0.174286 -0.366745 3.84945
-0.629988 0.192299 2.75389
-0.631298 0.109171 2.58601
-0.574632 0.276173 3.24737
-0.621566 0.0833245 2.12374
-0.59857 0.154791 1.96534
-0.626941 -0.0216226 2.14228
-0.612126 -0.0188932 2.19298
-0.627852 0.080777 2.16424
-0.627661 -0.00993862 2.38977
-0.60504 0.105783 1.81664
-0.609094 0.0813283 1.84062
-0.614336 0.0523209 1.85801
-0.610738 0.0294323 1.86494
-0.593229 0.140087 1.69601
-0.607327 0.225706 2.21101
-0.128274 -0.0454438 5.62106
-0.923297 -0.52711 6.18344
0.208939 0.126849 4.67773
0.229219 -0.0100781 4.47666
0.177576 0.0227614 4.70911
0.116225 -0.149752 4.86532
0.031699 -0.133411 5.25641
0.23837 -0.199577 2.68988
0.289952 0.326245 4.35187
0.225788 -0.0217535 2.95782
0.215656 -0.0584137 2.8385
-0.941043 -0.270159 4.39442
-1.08678 -0.333432 4.43026
-1.28781 -0.578886 5.40226
-1.03058 -0.430982 4.18178
0.39418 -0.50389 5.00218
0.503414 -0.615902 5.12887
-0.729971 -0.441827 5.98102
-0.757318 -0.370461 5.83532
-0.339999 -0.396737 6.88913
-0.378315 -0.583651 6.67705
-0.0466382 0.274942 5.45036
-0.98214 -0.421828 4.74526
-1.04337 -0.482722 4.83134
-0.291552 -0.116842 6.62688
0.25031 -0.0379802 2.77505
0.219703 -0.0484613 2.7193
0.23075 -0.048392 2.8664
0.0257319 0.251024 4.21266
-0.891274 -0.381965 5.18969
0.200863 0.271286 4.5379
0.2538 -0.189478 2.84481
0.215389 -0.197252 2.73972
-0.591039 -0.16452 5.04052
-0.872419 -0.231868 6.33688
-0.0517893 0.0953447 1.66682
0.216523 -0.0838443 2.34028
0.231267 -0.0898396 2.1575
0.22836 0.0320474 2.33799
0.23491 0.0229998 2.1012
0.227047 -0.0138395 2.15349
0.212625 -0.161762 2.41849
0.234817 0.0374596 2.41348
0.227822 -0.0574971 2.40341
-0.420415 0.251633 2.89001
-0.292322 0.240079 2.65496
0.386794 -0.616086 6.62907
0.140513 -0.102196 3.06542
0.168328 -0.151321 4.66487
0.237554 0.00226955 3.44373
0.0712309 -0.0762984 2.76981
-0.177527 -0.372621 3.89529
-0.547946 -0.306429 7.51996
-0.274244 0.158669 6.58196
-0.647056 0.111671 2.6449
-0.493525 0.261849 3.08742
-0.613917 0.0891073 2.1351
-0.600098 0.154218 1.96962
-0.638921 0.100641 2.64839
-0.592289 -0.0214737 2.6766
-0.620647 -0.0032401 2.5165
-0.62697 -0.0227769 2.14304
-0.595127 -0.0571179 1.9977
-0.626939 0.0877891 2.2157
-0.614156 0.0317703 1.84513
-0.60671 0.053095 2.00009
-0.62164 -0.0177028 2.21638
-0.214836 0.217953 2.2052
-0.602005 0.141653 1.70704
-0.601204 -0.00464233 1.70951
0.223843 -0.0651169 2.34392
0.228462 -0.0777615 2.33128
-0.669787 -0.0734084 4.41782
-0.0978156 0.296463 5.30724
0.0157933 0.169556 4.97431
-0.292198 -0.0418953 6.6704
-0.214604 -0.276109 6.32201
0.280458 -0.0622349 3.45214
0.226109 -0.0350507 3.33158
0.192839 0.272051 4.51151
0.220251 -0.0241265 2.93592
0.217063 -0.0463375 2.98333
-0.7819 -0.209999 4.38287
-0.899855 -0.378636 5.89473
-1.06203 -0.487988 6.201
0.268424 -0.0411906 2.83815
0.190642 -0.0391412 2.64106
-1.01419 -0.518098 6.19015
-0.986614 -0.542337 5.4621
-0.0318648 0.105611 5.60421
-0.0108951 0.0473785 5.30199
-0.0603501 0.0656843 5.69685
-0.774162 -0.200504 5.6093
-0.614931 -0.0043389 2.35945
-0.611633 0.0819758 1.84633
-0.726398 -0.151774 2.90628
-0.379255 0.214947 2.12115
0.236345 0.0374163 2.41979
0.224102 -0.0452963 2.62594
-0.715853 0.217265 3.0001
-0.618169 0.0604499 1.86296
-0.614732 0.0320523 1.8457
-0.62991 -0.0218699 2.15345
-0.602938 -0.0579088 2.01565
-0.623688 -0.0608707 1.99038
-0.636022 0.032948 1.91923
-0.600909 -0.00316965 2.10446
-0.05718 -0.771338 6.94535
-0.378315 -0.583651 6.67705
0.231886 -0.0231734 2.15964
0.229249 -0.090185 2.14969
0.218879 -0.0816401 2.1675
-0.615847 -0.0227599 2.78048
0.236833 -0.137903 3.62091
0.308016 -0.426695 4.45054
0.182849 -0.109125 2.66868
0.243935 -0.0726629 2.4581
0.134367 -0.125672 2.27439
0.0786117 0.236464 3.3008
0.177211 0.15747 4.62515
0.168121 -0.153289 4.6943
0.0885934 -0.131261 4.76508
-0.402458 0.289676 3.70607
-0.418925 0.255166 3.03175
-0.941043 -0.270159 4.39442
-0.605184 0.141418 1.70951
-0.635092 -0.0195897 2.24718
-0.60158 0.22258 2.19379
-0.600098 0.154218 1.96962
-0.63365 0.0899244 2.16093
-0.604316 -0.00493458 1.7161
-0.353686 -0.208888 6.71294
-0.313869 -0.378674 7.45821
-0.39225 -0.281102 6.565
0.235558 0.179109 4.44479
0.196883 0.156255 4.77711
-1.0578 -0.482113 6.14829
-1.04291 -0.590481 5.74708
0.216714 -0.0270805 2.91703
0.218982 -0.0116309 3.04284
0.304195 -0.0626338 3.42361
-0.628276 -0.00172459 2.17754
-0.641495 -0.0205477 2.18852
-0.58853 -0.0569343 1.98379
-0.586979 0.0769434 1.83245
-0.720815 -0.156142 2.85992
-0.612971 0.0837199 1.85062
0.230733 -0.0243582 2.16329
0.215118 -0.0456158 2.6069
0.215636 -0.082949 2.34417
-0.609015 -0.021671 2.76627
-0.638337 -0.00273023 2.58128
0.229517 -0.0876295 2.14824
0.218879 -0.0816401 2.1675
-0.6156 0.0317922 1.84885
0.248202 -0.0829338 2.48818
0.166922 -0.150636 2.51907
0.411602 -0.522492 5.14579
0.213575 0.00478925 3.35259
0.221399 -0.0363598 3.30748
0.379801 -0.619728 6.59515
0.151487 -0.398011 4.93048
-0.473415 0.249042 2.96329
0.225441 -0.179165 2.73555
-0.378315 -0.583651 6.67705
-0.534839 -0.271179 7.50576
0.022931 0.158474 5.06545
0.112745 -0.151097 4.96999
-0.942479 -0.327518 5.06032
-0.878186 -0.297294 4.34888
-0.281493 0.163654 6.49712
0.230052 -0.0475638 2.84498
-0.668042 0.176142 7.86255
-0.598996 0.141439 1.70322
-0.639083 -0.00980762 2.43137
-0.624854 -0.0145181 2.21095
-0.600356 0.221594 2.18927
0.228985 0.0318218 2.33894
0.23025 0.167209 4.41371
-0.0332271 0.188808 3.34217
0.0256216 0.335624 5.19782
0.073396 0.20311 4.62108
0.00384224 0.230636 4.83475
-1.07939 -0.328823 4.39027
-0.614276 0.0835846 1.85485
-0.62516 0.0847779 1.89654
-0.635052 -0.0214243 2.16798
-0.618202 0.0602519 1.863
0.206643 -0.0835426 2.0973
0.159688 -0.148869 4.61057
0.223364 -0.0834355 2.4324
0.22318 -0.0573353 2.59482
0.195473 -0.0371733 2.5572
0.21297 -0.0565889 2.77361
-0.294049 0.24171 2.6565
-0.373192 0.245089 2.73851
0.22464 -0.0665883 2.39399
0.226658 -0.0849721 2.37999
-0.580801 -0.319558 7.62376
0.074881 0.230835 3.2595
-0.857589 -0.378637 5.67117
0.210261 0.00556705 3.34552
0.214192 -0.0320564 3.2608
0.23081 -0.0943036 4.29276
-0.101905 0.301422 5.39438
-0.330407 -0.412832 6.25673
0.190899 0.0575876 4.64148
0.0730989 0.146391 4.59162
-0.385443 0.277445 3.59287
0.22172 0.0354959 3.05302
0.218455 -0.0329152 2.93317
-1.00043 -0.133235 6.81187
-0.0214365 0.0495527 5.03565
-0.0215555 -0.104566 5.4756
-0.285611 -0.0677501 6.48074
-0.59646 0.151793 1.96285
-0.622726 -0.00683109 2.38349
-0.64191 -0.0160452 2.25166
-0.623431 0.000824044 2.54989
-0.60282 0.181213 2.69571
