-0.588844 -0.0204202 2.65552
0.229734 -0.08849 2.15593
0.346237 -0.00646452 4.47544
0.471302 -0.48088 5.09648
0.439668 -0.678423 7.14076
0.227653 -0.0149773 2.95118
-0.633453 0.0834606 2.17632
0.225629 -0.0833502 2.44824
0.592095 -0.579766 4.92906
-0.381768 0.178343 6.94721
0.223377 -0.0430547 3.29111
-0.261929 0.151981 6.42586
-0.0801832 0.330153 5.53016
0.0295552 0.285497 4.54887
-0.0532559 -0.090036 5.53625
-0.808888 -0.215861 5.87373
0.121661 0.0189844 5.22645
0.215719 -0.192913 3.06987
0.228652 0.0294188 2.33403
0.385139 -0.494878 4.89285
-0.217851 -0.378597 3.86571
-1.0093 -0.632804 6.30767
0.225314 -0.0836188 2.44716
-0.748116 -0.1668 2.93707
-1.11811 -0.510452 4.40948
-0.068427 0.0880118 1.63142
0.378258 0.150594 4.60065
0.236854 0.188013 4.42493
-0.154956 0.207956 2.23367
-0.239275 0.215694 2.07054
-0.625746 -0.0113101 2.38132
-0.172255 -0.356251 3.78365
-0.25967 -0.359492 3.76846
-0.721777 -0.439042 5.95853
0.225475 -0.0641672 2.34554
-0.607438 0.232968 3.25392
0.623444 -0.717112 5.75956
-0.383356 -0.596197 6.72164
-0.628274 -0.272238 6.28971
-0.952468 -0.24514 4.34009
-0.981219 -0.256681 4.30883
-0.915597 -0.259964 4.27036
-0.376158 0.301666 7.03859
0.16584 -0.13051 4.63766
0.177418 -0.152326 4.65994
0.126193 -0.153374 4.86987
0.22731 -0.0404791 2.63558
0.236086 -0.0599384 2.68357
-0.250624 0.27868 6.65017
-0.386074 0.0140254 7.10651
0.226111 -0.0600692 2.88706
-0.0729988 0.0422329 5.62842
-0.259456 -0.00541216 6.42092
-0.050798 -0.0921969 5.52509
0.221824 0.277241 4.52936
0.120662 0.180738 4.97617
0.209523 0.0082132 4.65426
-0.383729 -0.0975596 6.71274
-0.293562 -0.271755 6.53341
0.229323 -0.175355 2.80661
-0.656654 0.214838 7.62735
-0.842416 -0.227745 6.13234
-0.790485 -0.387732 6.08021
-0.874878 -0.350833 5.67035
-0.988913 -0.490256 6.26722
-0.0293775 0.0890665 5.71123
-1.00026 -0.418301 4.82392
-0.956176 -0.651933 5.15539
-1.05212 -0.450653 4.9779
-1.18029 -0.508948 4.96427
-1.09299 -0.456994 4.42679
-1.01059 -0.399793 4.9427
0.235285 0.0383218 2.42444
0.229707 -0.012645 4.43154
0.246964 -0.105535 4.48665
-0.27382 -0.121266 6.58138
-0.595574 0.235393 2.39871
-1.09176 -0.646854 6.59551
-0.825411 -0.132987 3.97527
-0.63064 -0.0226511 2.14959
-0.591668 0.152625 1.95061
-0.134809 -0.0418631 5.7635
-0.288621 -0.124214 6.76567
-0.225439 -0.278879 6.45613
-0.29379 0.243794 2.61407
-0.61911 0.0130263 1.88202
-0.618275 -0.0101392 2.35916
0.231263 -0.0708386 2.42766
0.229871 -0.0286153 2.16184
-0.818065 -0.173043 4.49327
0.0251224 0.208089 2.32588
0.228 -0.0786566 2.33707
0.382536 0.145871 4.62467
0.517059 -0.630263 5.24832
0.23188 -0.476926 5.65179
-0.431321 0.263738 3.13264
0.353987 -0.0071868 4.53056
-0.334172 -0.396004 6.79778
0.0823822 0.242192 3.34192
0.217694 -0.0587962 2.85433
-0.261929 0.151981 6.42586
0.230888 -0.0447405 3.32714
0.113623 0.212717 2.77328
0.159867 -0.102788 3.29984
0.123357 0.182373 5.05901
-0.0593882 -0.187069 5.62687
0.179539 0.0203894 4.74304
0.120643 0.0161192 5.10836
-0.0707429 0.0455578 5.67057
-0.27974 -0.00248025 6.40915
0.227999 -0.0412626 2.63623
0.220418 -0.0598545 2.76508
0.175252 -0.11904 2.71478
0.105398 -0.142435 5.19393
0.182675 -0.157922 4.79585
-0.533385 -0.293112 7.46669
-0.638945 0.0424369 7.59426
-0.0103063 0.0369404 4.84364
-1.00273 -0.502428 6.35513
-1.09859 -0.499638 5.09555
-1.23681 -0.589527 5.08257
0.214578 -0.172947 2.63883
0.23555 -0.196934 2.67349
-1.04806 -0.543707 6.00231
-0.0579558 0.0920438 1.66482
0.219262 -0.0971134 2.16585
0.234149 0.0493117 2.76913
-0.116381 0.204888 2.07217
-0.30438 0.217 2.12065
-0.188364 0.214099 2.17862
-0.175127 0.228639 2.3942
0.334254 -0.314283 4.75756
0.39418 -0.50389 5.00218
0.237979 0.0710544 3.07157
-0.626941 -0.0216226 2.14228
-0.612126 -0.0188932 2.19298
-0.616608 0.0320169 1.84922
-0.601204 -0.00464233 1.70951
-0.591039 -0.16452 5.04052
-0.401486 0.280929 3.63095
-0.43164 0.261457 2.96173
-0.493525 0.261849 3.08742
0.517059 -0.630263 5.24832
-0.274244 0.158669 6.58196
-0.157705 0.0626345 5.69588
0.234968 -0.199758 2.64264
-0.344247 -0.184679 6.58581
0.47682 -0.488959 4.31967
-0.0529186 -0.0935967 5.49255
0.0329356 -0.131726 5.12004
0.144364 0.240648 4.27894
0.0923512 0.167116 4.688
0.22321 -0.0196752 3.04018
0.237554 0.00226955 3.44373
0.203547 0.121027 4.56748
0.200964 0.0126193 4.60543
0.120643 0.0161192 5.10836
0.212067 -0.185016 3.11093
0.222522 -0.0503636 2.72734
-1.093 -0.339811 4.46351
-1.10373 -0.610669 5.18744
-1.03058 -0.430982 4.18178
-0.653308 0.054262 7.74699
0.232596 -0.195743 2.66687
-0.920605 -0.378063 5.97694
0.0257319 0.251024 4.21266
0.221264 -0.0859178 2.35581
0.221525 -0.0803628 2.43719
0.212625 -0.161762 2.41849
0.234524 0.0382802 2.41984
0.227822 -0.0574971 2.40341
0.234698 -0.0617258 2.64398
0.247255 0.188917 4.49478
0.389192 -0.61533 6.8107
0.39418 -0.50389 5.00218
0.223116 -0.0134532 4.4028
0.173409 -0.152979 4.6826
0.201781 0.067667 2.92528
0.165101 -0.105078 3.34034
-0.378826 -0.583499 6.59909
-0.174286 -0.366745 3.84945
-0.39381 0.180848 6.9838
-0.574632 0.276173 3.24737
-0.589545 0.208887 2.01044
-0.607327 0.225706 2.21101
-1.04115 -0.606381 6.2593
-0.62697 -0.0227769 2.14304
-0.602348 -0.0581479 2.01039
-0.62164 -0.0177028 2.21638
-0.600098 0.154218 1.96962
-0.603839 -0.0574537 1.94898
-0.614732 0.0320523 1.8457
-0.324833 -0.434946 6.76345
-0.378315 -0.583651 6.67705
-0.420415 0.251633 2.89001
-0.128274 -0.0454438 5.62106
-0.291552 -0.116842 6.62688
0.289952 0.326245 4.35187
0.215293 -0.0452188 2.96434
0.23075 -0.048392 2.8664
-0.0978156 0.296463 5.30724
0.213507 -0.0409784 3.28399
0.208939 0.126849 4.67773
0.177576 0.0227614 4.70911
-0.851034 -0.405766 4.88749
-1.04291 -0.590481 5.74708
-1.06203 -0.487988 6.201
-0.38984 -0.0952264 6.71968
-0.307507 -0.287943 6.52446
-0.547946 -0.306429 7.51996
0.228171 -0.0428403 2.6417
0.219703 -0.0484613 2.7193
-1.08678 -0.333432 4.43026
-1.04337 -0.482722 4.83134
-1.28781 -0.578886 5.40226
0.00759515 0.279258 4.54829
-0.0466382 0.274942 5.45036
-0.872419 -0.231868 6.33688
0.0257319 0.251024 4.21266
0.232726 -0.179661 2.77336
0.215389 -0.197252 2.73972
-0.899855 -0.378636 5.89473
0.231267 -0.0898396 2.1575
0.217794 -0.0963616 2.16385
0.22836 0.0320474 2.33799
0.227047 -0.0138395 2.15349
0.205897 -0.0635273 2.35497
0.234817 0.0374596 2.41348
-0.292322 0.240079 2.65496
0.308016 -0.426695 4.45054
-0.177527 -0.372621 3.89529
-0.629988 0.192299 2.75389
-0.631298 0.109171 2.58601
-0.626939 0.0877891 2.2157
-0.621566 0.0833245 2.12374
-0.639799 0.106282 2.50744
-0.607327 0.225706 2.21101
-0.941043 -0.270159 4.39442
-0.592289 -0.0214737 2.6766
-0.620647 -0.0032401 2.5165
-0.627661 -0.00993862 2.38977
-0.609094 0.0813283 1.84062
-0.59857 0.154791 1.96534
-0.602938 -0.0579088 2.01565
-0.623688 -0.0608707 1.99038
-0.614336 0.0523209 1.85801
-0.614156 0.0317703 1.84513
-0.598994 0.0517864 1.98232
-0.60504 0.105783 1.81664
-0.214795 0.218757 2.21178
0.0157933 0.169556 4.97431
-0.0108951 0.0473785 5.30199
-0.418925 0.255166 3.03175
0.200863 0.271286 4.5379
0.166922 -0.150636 2.51907
0.2538 -0.189478 2.84481
-1.06203 -0.487988 6.201
-0.878186 -0.297294 4.34888
-0.986614 -0.542337 5.4621
-1.08312 -0.530923 5.34453
0.225788 -0.0217535 2.95782
0.177211 0.15747 4.62515
0.190642 -0.0391412 2.64106
0.237112 -0.0500332 3.33101
-0.411407 -0.0211722 7.00103
-0.353686 -0.208888 6.71294
-0.774162 -0.200504 5.6093
-0.595127 -0.0571179 1.9977
-0.613351 0.223094 2.66211
-0.613917 0.0891073 2.1351
0.236345 0.0374163 2.41979
0.224102 -0.0452963 2.62594
-0.612971 0.0837199 1.85062
0.216523 -0.0838443 2.34028
0.228985 0.0318218 2.33894
-0.615847 -0.0227599 2.78048
-0.313869 -0.378674 7.45821
-0.05718 -0.771338 6.94535
-0.618169 0.0604499 1.86296
-0.635092 -0.0195897 2.24718
-0.62991 -0.0218699 2.15345
0.231624 -0.0139876 2.16373
0.386794 -0.616086 6.62907
0.229249 -0.090185 2.14969
0.243935 -0.0726629 2.4581
0.243741 -0.171394 2.62299
-0.941043 -0.270159 4.39442
-0.726398 -0.151774 2.90628
-0.963168 -0.434728 7.8205
-0.378315 -0.583651 6.67705
0.0712309 -0.0762984 2.76981
0.229219 -0.0100781 4.47666
0.168328 -0.151321 4.66487
-0.281493 0.163654 6.49712
0.031699 -0.133411 5.25641
-0.554451 0.267384 3.1576
-0.942479 -0.327518 5.06032
-0.60671 0.053095 2.00009
-0.60916 0.106502 1.82356
-0.60158 0.22258 2.19379
-0.214836 0.217953 2.2052
-0.101905 0.301422 5.39438
-0.0318648 0.105611 5.60421
0.210051 -0.028882 3.1165
0.226109 -0.0350507 3.33158
0.206053 -0.0834777 3.34441
-0.668042 0.176142 7.86255
-1.00043 -0.133235 6.81187
-0.669787 -0.0734084 4.41782
0.220251 -0.0241265 2.93592
0.217063 -0.0463375 2.98333
-0.630081 0.0969834 2.61629
0.230733 -0.0243582 2.16329
-0.600356 0.221594 2.18927
0.234349 0.0335541 2.35731
-0.612971 0.0837199 1.85062
0.379801 -0.619728 6.59515
0.237406 -0.095772 2.19668
-0.715853 0.217265 3.0001
-0.620348 0.0321549 1.86428
0.411602 -0.522492 5.14579
-0.614931 -0.0043389 2.35945
0.0786117 0.236464 3.3008
0.235558 0.179109 4.44479
-0.580801 -0.319558 7.62376
-0.728219 -0.337722 5.62593
-0.378315 -0.583651 6.67705
0.21076 -0.0696593 2.65949
-0.554451 0.267384 3.1576
0.23081 -0.0943036 4.29276
0.168121 -0.153289 4.6943
-0.857589 -0.378637 5.67117
-0.7819 -0.209999 4.38287
-1.01419 -0.518098 6.19015
-1.0578 -0.482113 6.14829
-0.292198 -0.0418953 6.6704
0.230052 -0.0475638 2.84498
-0.397757 -0.0236838 6.90741
-0.600909 -0.00316965 2.10446
0.23025 0.167209 4.41371
0.0256216 0.335624 5.19782
0.218982 -0.0116309 3.04284
0.216714 -0.0270805 2.91703
0.022931 0.158474 5.06545
-0.0214365 0.0495527 5.03565
-0.62516 0.0847779 1.89654
-0.638337 -0.00273023 2.58128
-0.59646 0.151793 1.96285
-0.609015 -0.021671 2.76627
-0.624854 -0.0145181 2.21095
-0.641495 -0.0205477 2.18852
0.215118 -0.0456158 2.6069
0.22318 -0.0573353 2.59482
-0.244037 -0.278821 6.05046
-0.373192 0.245089 2.73851
0.22464 -0.0665883 2.39399
0.226658 -0.0849721 2.37999
0.21297 -0.0565889 2.77361
-0.580801 -0.319558 7.62376
0.213575 0.00478925 3.35259
0.221399 -0.0363598 3.30748
0.159688 -0.148869 4.61057
-0.473415 0.249042 2.96329
0.159408 0.117799 4.34039
0.074881 0.230835 3.2595
-0.368382 -0.0168427 5.64213
0.0227103 -0.124654 5.01611
-0.285611 -0.0677501 6.48074
0.22172 0.0354959 3.05302
-0.614276 0.0835846 1.85485
-0.615417 0.0784215 2.10437
-0.622726 -0.00683109 2.38349
-1.07939 -0.328823 4.39027
-0.620348 0.0321549 1.86428
