0.197394 -0.120646 3.40151
0.222524 0.0535354 3.01081
0.084093 0.203541 2.38227
0.218431 -0.0584827 2.85518
0.536015 -0.596558 5.33248
0.389183 -0.498725 4.92287
-0.0144411 -0.115254 5.62397
0.177587 0.265787 4.52596
-0.259258 0.151186 6.37098
-0.07971 0.330042 5.53078
0.111239 0.213573 2.76551
0.22302 0.193498 3.05382
-0.0729339 0.0427169 5.58834
0.121811 0.0193775 5.21989
-0.806337 -0.215412 5.8552
-0.94873 -0.244459 4.32635
-0.987516 -0.489682 6.26096
0.227985 -0.0880067 2.14953
0.218265 -0.0815702 2.42517
0.231364 0.0371794 2.41264
0.0737675 0.236616 3.2832
0.376462 0.14887 4.58633
-0.304319 0.219162 2.12631
-0.178287 0.214926 2.31133
0.35089 -0.00700695 4.50195
0.226504 -0.453949 5.50549
-0.741102 -0.164691 2.91279
-0.58418 0.150519 1.93703
0.244583 -0.104561 4.45885
0.180186 -0.153636 4.68903
0.224486 -0.0598072 2.87718
0.228577 -0.0434973 3.31392
0.106248 0.208404 2.73564
0.231762 0.195266 3.0866
0.22353 -0.0570511 2.63943
-0.0588649 -0.186879 5.63113
-0.484895 -0.0576433 7.19667
-0.537271 -0.295349 7.52826
-0.622028 -0.269476 6.23026
0.0896927 0.203553 2.33012
-0.351262 -0.497351 6.82112
-0.386267 -0.605592 6.81141
0.234405 0.186662 3.3414
0.230977 0.136289 3.30337
0.635988 -0.729217 5.83384
-0.251538 0.280253 6.69624
-0.371082 0.297967 6.96497
0.230744 -0.0127411 4.43914
0.208431 0.00816858 4.63721
-0.25938 -0.00540756 6.43157
0.0297618 0.286757 4.55388
0.121024 0.180147 4.97438
0.221579 0.276353 4.52237
0.0142411 -0.119304 4.77696
0.129064 -0.155025 4.89319
0.197515 0.0996403 2.63145
-0.276277 -0.122306 6.65885
-0.294909 -0.273632 6.57566
-0.448959 -0.298338 7.00357
-0.0291918 0.0888883 5.69443
-0.0998546 -0.0290656 5.73571
-1.07651 -0.6354 6.49344
-1.0729 -0.593523 6.07591
-0.924272 -0.587535 4.89563
-0.656548 0.214887 7.62986
-0.640416 0.0426093 7.61367
-0.835123 -0.225451 6.0787
-1.19014 -0.555166 4.8158
-0.792182 -0.388791 6.09341
-0.719726 -0.437873 5.94297
-0.942015 -0.541263 6.3187
-0.911978 -0.25884 4.25372
-0.875698 -0.351385 5.6784
0.220247 -0.193195 2.7535
0.217705 0.0820812 2.51382
0.225186 -0.0642497 2.34219
0.230803 -0.0273102 2.16015
0.223481 -0.0828893 2.43837
-0.176162 0.222784 2.35853
0.440942 -0.679491 7.15082
0.356913 -0.0071896 4.54561
-0.259322 -0.359861 3.77096
0.136064 -0.63707 7.08349
-0.172253 -0.364303 3.84173
-0.622049 0.193408 2.71642
-0.501189 0.220867 2.18866
-0.585208 0.230053 2.36316
-0.595664 -0.0210112 2.68161
-0.633178 -0.0230696 2.15393
-0.579144 -0.0609163 2.08416
-0.625719 -0.0065268 2.2157
-0.622389 -0.00752913 2.13902
-0.600109 -0.0563812 2.00162
-0.612242 0.0605427 1.84958
-0.614611 0.0319683 1.84394
0.231096 0.0527423 3.0458
0.219698 0.0744989 3.05612
-0.601263 0.292669 3.38198
0.228526 -0.0788857 2.33662
-0.290239 0.221001 2.35831
-0.292905 0.243194 2.60704
-0.30538 0.219637 2.13152
0.234448 0.0379608 2.41887
0.227515 0.0197396 2.41247
-0.259258 0.151186 6.37098
-0.379839 0.177607 6.91738
-0.276934 -0.00233377 6.34881
-0.38499 0.0141669 7.10144
-0.134186 -0.0420016 5.73337
-0.625775 0.0900944 2.15704
0.234692 -0.0714698 2.43523
0.0805732 0.240121 3.32226
0.262529 -0.00188641 4.32224
0.205872 -0.124991 3.44527
-0.332701 -0.394587 6.77071
0.221971 -0.060401 2.76933
0.22182 -0.0485083 2.90982
0.405898 -0.497119 4.93755
0.392695 -0.502477 4.98628
0.517975 -0.631639 5.25233
0.224079 -0.0399092 2.62255
0.241637 0.188767 3.37692
0.230626 0.176413 2.83733
0.181652 0.0205143 4.76418
-0.520336 0.285196 7.38452
0.0330335 -0.131525 5.11004
-0.0400628 0.208639 5.50843
-0.288168 -0.124072 6.76349
-0.385226 -0.0983039 6.74632
0.16332 0.2547 4.45169
0.179114 0.161623 4.66995
0.120251 0.0163341 5.09349
-1.04536 -0.542725 5.99074
-0.728635 -0.443925 6.00022
0.237044 -0.197778 2.67661
0.224879 -0.17929 2.77779
0.222277 -0.195949 2.75854
-1.03322 -0.440451 4.88554
-1.09165 -0.496359 5.06416
-0.92212 -0.378793 5.9879
0.210707 0.194927 2.59025
0.0883184 0.202058 2.32401
0.347454 0.227748 2.80277
0.220037 -0.097413 2.16569
0.378497 0.144335 4.59593
0.334244 -0.314014 4.75288
-0.626958 0.194488 2.73256
-0.384082 0.222244 2.15837
-0.616113 -0.0195363 2.20294
-0.623196 -0.0216071 2.13148
-0.633837 -0.0120451 2.40411
-0.614053 0.0528495 1.85635
-0.616878 0.0325405 1.88418
-0.614232 0.0319266 1.84359
-0.592394 0.153207 1.95059
0.231109 -0.0897587 2.15468
0.227102 -0.0848247 2.163
0.226008 -0.0600701 2.79499
0.220364 -0.08575 2.35006
0.22023 -0.080286 2.42935
-0.438085 0.269895 3.18719
-0.429701 0.259898 2.94715
-0.474728 -0.0598177 6.91054
0.226926 -0.04438 3.30439
0.166263 -0.105053 3.34085
0.233975 -0.0177895 2.15232
0.229436 -0.0150495 2.15665
-0.065945 0.0850218 1.71261
0.229947 -0.0414447 2.64062
0.220134 -0.050059 2.71551
0.236524 0.185351 3.36628
-0.0614835 0.126737 5.58857
-0.15731 0.0626527 5.68743
-1.05709 -0.443834 4.28873
-0.391763 -0.095461 6.75892
-0.344043 -0.185463 6.58419
0.147909 0.241732 4.30903
0.249054 0.189532 4.50542
-0.339575 -0.396497 6.88497
-0.380964 -0.586853 6.63663
-0.763385 -0.373588 5.88342
0.204665 0.121141 4.57388
0.224526 -0.0129242 4.41278
0.027475 0.252872 4.23548
0.121899 0.181498 5.03013
0.218386 0.0661057 2.66717
0.120251 0.0163341 5.09349
0.210994 -0.0461449 2.9465
-1.05729 -0.454073 4.99475
-1.1367 -0.51323 6.59812
-0.909597 -0.313415 4.90638
0.228249 -0.179158 2.68147
0.21968 -0.200531 2.75372
-0.613775 0.186874 7.35947
-0.649887 0.0536128 7.71502
-1.0374 -0.60516 6.24175
0.0952652 0.215358 2.48941
0.230583 0.0303409 2.338
0.228514 0.0119366 2.15356
0.173556 -0.118099 2.70405
0.234461 0.0505414 2.76775
0.146478 0.208984 2.84457
0.0262417 0.208369 2.32772
0.0765187 0.206852 2.47651
-0.214117 0.212774 2.18064
0.230928 -0.475366 5.63145
0.392695 -0.502477 4.98628
0.213891 -0.185463 3.1156
0.241557 -0.102317 4.43273
0.181705 -0.157089 4.77218
0.235245 0.0709652 3.05738
-0.641829 -0.281556 6.42857
-0.260957 -0.371514 3.84973
-0.392035 0.180251 6.9583
-0.626393 0.0890117 2.21787
-0.628879 -0.00367159 2.54459
-0.628017 -0.0108594 2.38805
-0.601398 -0.0580947 2.00687
-0.594776 0.153577 1.95531
0.179112 0.152687 2.52912
0.181007 0.157923 2.58595
-0.291425 -0.116949 6.63088
0.206247 0.124211 4.64137
0.200621 0.0130795 4.59409
0.178221 0.0231878 4.71248
0.253652 0.00185506 4.22736
0.116356 -0.149611 4.86069
0.32009 -0.438251 4.54017
-1.11337 -0.549921 5.5038
-1.04376 -0.481961 4.82575
0.20009 -0.0409475 2.568
0.229912 0.0649647 2.7034
-0.969141 -0.442394 6.80869
-0.308224 -0.289177 6.54586
-0.324737 -0.435712 6.74116
-0.34097 -0.459269 6.52472
-0.506689 -0.0617137 7.36551
-0.545023 -0.305035 7.487
0.20366 0.273646 4.56209
0.16699 0.239338 4.49781
0.258912 0.187601 4.59128
0.187272 0.160009 4.72365
-1.05905 -0.486781 6.18434
-1.02598 -0.572214 5.67288
0.20056 -0.165732 2.63094
0.254315 -0.191397 2.84609
0.027475 0.252872 4.23548
0.00905755 0.282881 4.57719
0.0976347 0.170738 4.76256
0.220989 -0.0192744 3.02711
0.227509 -0.0223012 2.96298
0.229206 -0.0479833 2.94048
-0.61742 -0.175344 5.29974
-0.87491 -0.23411 6.36125
0.0942203 0.206445 2.34705
0.217828 -0.0963893 2.16166
0.228712 0.0318214 2.3354
0.228122 -0.060462 2.61881
0.253994 -0.17526 2.6517
0.241322 0.0579956 2.78922
0.314939 0.187674 3.59705
0.212274 0.175603 3.25611
0.0736764 0.204873 2.46623
-0.04627 0.275046 5.44708
-0.285513 0.234964 2.53211
0.162615 -0.109375 3.22335
0.613522 -0.639348 5.56375
0.173125 -0.152647 4.67289
0.226854 0.0710032 3.0258
0.215381 -0.041736 3.29244
0.110783 -0.192298 4.73531
-0.0542174 -0.747667 6.75024
-0.570593 0.273914 3.22338
-0.357533 0.239843 2.69278
-0.621089 0.107204 2.5491
-0.601594 0.223207 2.19365
-0.931943 -0.267357 4.35331
-1.28834 -0.577795 5.39724
-0.598606 -0.00431994 3.02757
-0.594383 -0.0215641 2.68494
-0.628439 -0.0100422 2.39199
-0.621066 -0.0222703 2.12768
-0.616923 0.012375 1.87678
-0.610757 0.0522657 1.85024
-0.61561 0.0335103 1.88305
-0.595969 0.153179 1.95847
-0.62997 -0.017625 2.23717
-0.214388 0.217658 2.20333
0.23355 0.0381853 2.41359
-0.293143 -0.0425974 6.69154
-0.410748 -0.0214981 6.99464
-0.353778 -0.209183 6.71952
-0.614639 0.0530762 7.2663
-0.313704 -0.374803 7.42698
-0.38277 0.263255 2.94814
-0.419443 0.251071 2.88466
-0.903049 -0.379986 5.9168
-0.938047 -0.32638 5.04182
0.191167 0.270013 4.48642
0.0166436 0.169037 4.99833
0.124768 0.0217452 5.04813
-0.0134292 0.0679832 4.60276
0.18045 0.0718671 2.52091
0.221335 -0.0112763 3.05176
0.216651 -0.0451619 2.96835
0.280856 -0.0623086 3.45113
-0.835567 -0.433799 4.92699
-1.05905 -0.486781 6.18434
-1.04647 -0.59302 5.77246
0.0674868 0.285697 4.60183
-0.964747 -0.431905 7.82426
-0.676219 -0.0703967 4.45828
-0.722584 -0.150525 2.89077
-0.0573214 -0.775964 6.98934
-0.614451 0.223542 2.66602
0.233594 -0.0138832 2.1655
-0.62075 0.0828403 2.1204
-0.598978 0.0765726 1.98723
-0.61082 0.0813217 1.84221
-0.630003 -0.0187617 2.23164
-0.61573 0.187483 2.69722
0.227953 0.0319706 2.33374
-0.600029 0.221985 2.18844
-0.601594 0.223207 2.19365
-0.609345 -0.00393642 3.08318
-0.609278 -0.0224232 2.75257
-0.636661 0.10029 2.63947
-0.612604 -0.00463932 2.3516
0.217534 -0.0841094 2.34304
0.216476 -0.0805893 2.40775
0.23122 -0.0601363 2.62604
0.23717 -0.137967 3.61958
-0.61281 0.0317393 1.84112
-0.931943 -0.267357 4.35331
-1.10388 -0.454157 5.49483
-1.08668 -0.334015 4.43279
-0.380723 -0.587859 6.71961
0.310598 -0.302206 4.62618
0.415692 -0.524384 5.16924
0.390862 -0.622048 6.68165
0.213759 0.177938 3.26766
0.281156 0.0603023 2.91798
0.215576 -0.0481695 2.70131
0.223118 -0.0247557 2.9464
0.166426 -0.116623 2.71102
0.232791 -0.179666 2.771
0.189328 0.153609 4.70344
0.240188 -0.0973851 4.37808
0.171101 -0.152679 4.69963
-0.402256 0.289748 3.70551
0.195963 0.156048 2.58162
-0.0103131 0.0481311 5.30717
0.032131 -0.133612 5.26404
-0.398904 0.19247 7.01989
-0.543862 0.261533 3.10436
-0.923071 -0.527127 6.18738
-0.600148 0.0519005 1.98379
-0.626776 0.0876012 2.2141
-0.347441 0.22331 2.57151
-0.292409 0.240643 2.65704
0.237231 0.0380056 2.41969
0.186243 0.25838 4.75087
-0.281115 0.163956 6.49703
-1.01665 -0.518948 6.20146
-1.05477 -0.481062 6.13247
-0.478481 -0.0675116 3.63822
-0.103372 0.304531 5.40766
-0.302791 -0.066275 6.97716
-0.35623 -0.124973 4.74768
0.215101 0.189789 2.86801
0.00431454 0.230729 4.83437
-0.351366 0.238426 2.47479
-0.419698 0.252763 2.89581
-0.61149 0.0834104 1.84634
-0.676624 0.206218 2.86853
-0.640303 -0.0159616 2.24613
-0.611251 0.0523433 1.85073
0.224061 -0.0569831 2.59508
0.0127776 0.200453 2.27799
0.240369 -0.0723807 2.4454
0.231691 -0.0806246 2.34149
0.370664 -0.605031 6.45308
-0.622426 -0.00212742 2.52569
-0.888868 -0.301051 4.39983
-1.09697 -0.334673 4.46119
0.14705 0.216725 2.89412
0.226214 0.181775 3.32674
0.215911 -0.137706 2.83506
0.219991 0.0842284 2.51957
-0.330066 -0.412751 6.25517
-0.577427 -0.318405 7.59343
-0.380723 -0.587859 6.71961
0.214904 0.0413039 3.01795
0.210712 0.00553764 3.34487
0.219351 -0.0361022 3.29059
0.182185 0.157162 4.67591
0.232145 -0.00980528 4.50031
0.169818 -0.153622 4.71008
0.0898693 0.209256 2.40498
0.0790254 0.236487 3.30044
0.235974 0.17804 4.44351
0.186025 -0.0388547 2.61958
0.218578 -0.03299 2.93095
-0.426119 0.261509 3.0898
-0.0313284 0.105986 5.59296
0.11289 -0.150967 4.9657
-0.0211783 -0.104591 5.47607
0.192017 0.153976 2.56912
-0.664931 0.173375 7.83791
-0.597329 0.22041 2.17935
0.224838 -0.0455298 2.62665
0.214923 -0.0767822 2.16232
-0.602522 0.0527279 1.98896
0.074805 0.146925 4.62804
0.0234536 0.156954 5.07022
-0.0209541 0.0503678 5.03419
-0.0328456 0.188902 3.34199
0.0261681 0.336691 5.20709
0.0739095 0.203177 4.62066
-0.377302 -0.17222 6.11184
-0.246805 -0.281901 6.11755
-0.0791339 0.328938 5.89575
0.243045 0.0874574 2.58052
0.229442 0.0339343 2.33717
-0.625747 -0.0225707 2.83703
-0.626873 -0.0070658 2.39709
-0.621392 -0.0146851 2.20036
-0.613954 0.0522167 1.85431
-0.650166 0.192306 2.69752
-0.341363 0.227106 2.3984
-0.371425 0.243841 2.72769
0.176521 0.189559 2.58357
0.15166 -0.397839 4.92805
0.213645 -0.0688078 2.66559
0.226042 -0.0670161 2.39752
0.224521 -0.0845292 2.37123
0.214242 -0.0452353 2.59995
0.161228 0.117324 4.36522
0.143634 0.0225749 5.21955
-0.385204 0.277432 3.59162
0.225402 -0.0350361 3.3223
0.21901 0.0049482 3.38724
-0.471334 0.247934 2.95124
0.0716417 0.226998 3.22821
0.227389 0.169308 4.37752
0.206095 0.0591805 2.73882
0.232313 -0.0481164 2.85203
0.217002 -0.0457376 2.97943
0.202432 0.158146 2.6085
0.193161 0.115421 2.61778
-0.577427 -0.318405 7.59343
-0.380723 -0.587859 6.71961
-0.780583 -0.19951 4.3457
-0.724717 -0.336876 5.60077
-0.862654 -0.380693 5.70397
-0.285354 -0.0678101 6.48222
0.0229995 -0.124634 5.01553
-0.12342 -0.0556173 5.73804
-0.636176 0.0812947 2.15274
-0.634714 -0.0203398 2.16774
-0.620451 0.084019 1.88552
-0.61149 0.0834104 1.84634
-0.594572 0.15123 1.95708
-0.63039 0.0898915 2.15142
0.240688 0.0566006 2.68179
