0.232654 0.127709 2.50603
0.21435 0.184783 2.4805
0.234463 0.037247 2.41641
0.476627 -0.481887 4.27678
0.224549 0.0415576 2.31149
-0.9861 -0.160712 3.15106
0.227122 -0.0429627 3.30333
-0.0822109 -0.649878 7.19374
0.220954 0.132368 3.2587
0.212067 0.00508032 4.63171
-0.25119 0.280048 6.68564
0.184616 0.165043 4.74141
0.120385 0.179353 4.96464
-0.257038 0.156589 6.5543
-0.261585 -0.00534352 6.49291
-0.0531915 -0.0908776 5.54213
0.193302 0.158708 2.56065
0.219967 0.19265 3.03817
0.225801 0.193212 2.84594
-0.0799833 0.329208 5.51647
0.191283 -0.11827 3.36222
0.225532 -0.197257 2.76576
0.236962 0.17842 2.3926
0.367065 0.1472 4.52899
-0.171793 -0.359056 3.80338
-0.26085 -0.360693 3.777
-0.731235 -0.150731 2.95057
0.245853 -0.104929 4.46863
0.181801 -0.154496 4.70774
0.224051 0.138922 2.40266
0.229766 0.0396677 2.32111
0.228662 0.0828083 2.57855
0.226176 -0.0641611 2.34003
0.235298 0.128077 2.51402
0.22493 -0.0441592 3.29134
0.24069 0.0545602 3.075
0.22167 0.0749835 3.06028
0.227507 0.193773 3.06596
0.22424 0.134577 3.26963
0.218992 -0.0813654 2.42336
-0.134168 -0.042029 5.71105
-0.275783 -0.122013 6.64308
-0.29534 -0.274027 6.58587
-0.925412 -0.238122 4.23795
0.0999256 0.220349 2.67239
0.540774 -0.576167 5.23855
0.411587 -0.502386 4.97973
0.517088 -0.631107 5.24591
0.0925333 0.207972 2.4066
-0.259012 0.150783 6.35256
-0.297754 0.000191414 6.70435
-0.386353 -0.605564 6.80752
0.0282255 0.284916 4.5276
0.0977112 0.224294 2.87134
0.24799 0.225076 3.38591
0.350654 -0.00693854 4.49826
0.116498 0.238178 3.3563
0.222975 -0.0591312 2.86814
0.121846 0.0195354 5.22024
0.232628 -0.0129036 4.45972
-0.370616 0.296558 6.93563
0.222917 0.277147 4.53125
-0.722927 -0.439907 5.96968
-0.379133 0.177221 6.89917
-0.643151 0.0429079 7.64075
0.111138 -0.144457 5.22899
0.0200978 -0.129448 5.32146
-0.0504233 -0.0929332 5.53569
-0.0572813 -0.18146 5.45318
-0.806366 -0.215217 5.85508
0.230975 0.193008 2.86213
0.246527 0.182441 2.88344
-0.619641 -0.268181 6.20275
0.188691 0.0729349 2.55688
0.222593 -0.196388 3.09332
0.0614966 0.099172 5.26047
-0.0732419 0.0427842 5.58087
-1.02831 -0.438523 4.8652
-0.865399 -0.366597 6.19317
-0.919338 -0.368546 5.96436
-0.986719 -0.489265 6.25579
0.205647 -0.146882 2.61981
0.223776 -0.195696 2.76224
-1.06016 -0.540866 5.04942
0.203054 0.195255 2.56325
0.236692 0.177554 2.39171
0.221923 0.186331 2.49623
0.218991 -0.0853928 2.34029
0.22718 -0.0834251 2.25408
0.228603 -0.0666144 2.52426
0.229492 -0.0576376 2.65216
0.0811382 0.241526 3.32928
0.58462 -0.573901 4.88879
0.2325 0.0613095 2.84285
-0.348955 -0.493022 6.76203
-0.260073 -0.369606 3.83226
0.347872 -0.32075 4.84528
-0.615349 0.185265 2.6634
-0.583962 0.229821 2.35798
-0.424069 -0.42048 7.43176
0.247655 0.130005 2.54361
0.0935254 0.20477 2.33646
0.0966646 0.210403 2.42212
0.2238 0.13897 2.40213
0.234041 0.195462 3.10275
0.226614 -0.0446029 3.29873
0.212193 -0.0472079 3.28397
0.227711 0.0198908 2.40938
-0.870014 -0.186414 4.18398
-0.909783 -0.258085 4.24253
-0.158084 0.0624323 5.70096
0.212971 -0.126746 3.48253
0.214355 -0.163831 3.31191
-0.0149445 -0.114241 5.58394
-0.0590268 -0.184791 5.58418
-0.287196 -0.123332 6.73668
-0.22206 -0.277386 6.42678
0.216877 -0.154898 2.55965
0.228168 -0.178536 2.6772
0.234272 -0.0710292 2.43043
0.22259 -0.0824954 2.43228
-0.938583 -0.539891 6.29278
-1.0683 -0.629884 6.44234
0.182673 0.163062 4.70662
0.121286 0.181919 5.02266
-0.388952 -0.0994521 6.81417
-0.4499 -0.298932 7.00576
-0.545927 -0.298714 7.65055
-0.660121 0.216321 7.66744
-0.790232 -0.387697 6.07528
0.392427 -0.501843 4.9482
0.646131 -0.739857 5.89295
0.181074 0.0206911 4.75155
0.112398 0.0159462 4.96885
-1.06915 -0.48328 4.9707
0.229254 0.191088 2.85587
0.241139 0.179624 2.86854
0.381834 0.1268 4.51761
0.353549 -0.00698042 4.52244
0.228763 -0.0545515 2.67617
0.224211 -0.0612273 2.77424
-0.836545 -0.225537 6.0852
0.12909 -0.154942 4.89237
0.233178 -0.0146409 2.9657
-0.899693 -0.322701 7.05668
0.0168812 0.274085 4.51497
-0.0401478 0.208854 5.50861
-0.824008 -0.22164 4.07403
0.244195 0.272887 4.53446
0.180081 0.266842 4.54677
0.237056 0.188411 4.42443
0.208507 0.00827098 4.63619
-0.0609844 0.127407 5.54273
-0.0289418 0.0894679 5.7151
0.223102 -0.178147 2.76729
-0.885614 -0.355513 5.74004
-1.00281 -0.502388 6.35375
-1.0525 -0.546417 6.02851
0.194505 0.0737378 2.57297
0.211472 0.197926 2.65188
0.231887 0.18934 2.52036
0.224624 -0.0639491 2.33718
0.220543 -0.0858064 2.34557
0.227194 -0.0840146 2.25382
0.225317 -0.0398299 2.6227
0.376888 0.144263 4.58486
0.110251 0.212771 2.75706
0.081795 0.240847 3.32811
-0.177093 0.217656 2.32632
0.19061 -0.112668 3.45547
0.33705 -0.315975 4.77311
0.378532 -0.605523 6.67621
0.248824 -0.104482 4.48578
-0.590891 0.27383 3.21467
-0.427941 0.256624 2.90397
-0.619437 0.192426 2.70468
-0.600051 0.122474 3.06824
-0.733486 -0.152895 2.94029
-0.62173 0.00420119 2.44827
-0.634483 0.11602 3.13301
-0.620133 -0.00629166 2.20022
-0.619749 -0.00734945 2.13094
-0.62809 -0.0109922 2.38685
-0.595375 -0.05991 2.2077
0.220382 0.0743672 3.05531
-0.491067 0.260542 3.07143
0.211752 0.213559 3.25733
-0.309279 -0.290379 6.56412
0.219491 -0.0800684 2.42347
0.100203 -0.138141 5.05225
-0.39436 -0.0962172 6.80311
0.197041 0.158345 2.56976
-0.826587 -0.17546 4.54133
0.192567 -0.14327 2.6515
0.507988 -0.574824 5.19202
0.391888 -0.50115 4.97689
-0.391642 0.180149 6.94671
-0.400445 0.00594757 6.85997
-0.648767 0.0534426 7.69529
0.235811 0.0828314 2.59691
0.226856 -0.0130203 4.43679
0.20148 0.0135113 4.60243
-0.00386126 -0.124317 5.76368
-0.0528774 -0.093386 5.45352
-1.05739 -0.454066 4.99277
-1.19062 -0.393785 4.94345
-1.21109 -0.543257 5.23643
0.112398 0.0159462 4.96885
0.249297 -0.0518482 2.9259
0.224627 -0.0485904 2.9172
0.0383439 0.269078 4.47622
0.372331 -0.00645311 4.60297
-0.00602394 0.03809 5.00735
-0.633143 -0.277175 6.34237
-0.704239 -0.305657 5.72283
0.207394 0.260735 4.386
0.165037 0.256288 4.46551
0.247993 0.189593 4.49485
0.187296 0.157738 4.72183
0.172843 -0.117822 2.69772
0.220207 -0.0503462 2.71253
0.213876 -0.0461551 2.95434
-1.00333 -0.357647 6.28975
-0.964881 -0.440743 6.77049
-1.10925 -0.500697 6.443
-1.02552 -0.498786 4.95631
0.092347 0.205087 2.33477
0.198223 0.19051 2.55096
0.234606 0.190093 2.52691
0.219629 -0.0853037 2.34431
0.23583 0.0396215 2.33343
0.226194 -0.0568454 2.64377
0.235044 0.0517606 2.76744
0.229318 -0.0412467 2.63504
0.147491 0.209655 2.84548
0.0808348 0.21171 2.78245
0.101069 0.205706 2.70891
0.18322 0.29325 3.79141
0.168413 -0.100289 2.67077
0.146304 -0.44588 6.8426
-0.328668 -0.389042 6.6783
-0.0546516 -0.758677 6.84615
0.233052 -0.478847 5.66719
-0.278575 -0.00246376 6.37809
0.181542 -0.156926 4.76848
-0.439154 0.271162 3.1948
-0.290752 0.238072 2.57034
-0.383465 -0.591435 6.6814
-0.589325 -0.0202768 2.65485
-0.615778 0.081757 2.13059
-0.624265 -0.0112769 2.37447
-0.175891 0.221282 2.34257
-0.583533 0.282456 3.28415
-0.597024 0.278276 3.25005
-0.893067 -0.140613 4.2645
-0.944671 -0.243131 4.30683
-0.0264148 -0.0984053 4.3706
0.242931 -0.186819 2.80246
-0.214947 -0.276515 6.33447
-0.341149 -0.459134 6.51765
0.116403 -0.149523 4.86161
0.0930677 -0.133653 4.84073
-0.392122 -0.286032 6.67572
-0.0296177 0.166245 2.59471
0.240498 -0.157098 2.99504
0.333376 -0.451232 4.63834
-0.921222 -0.526 6.17054
-1.05639 -0.485335 6.16692
-1.03268 -0.602734 6.21787
-0.76605 -0.375013 5.90223
0.209292 0.154352 3.18413
0.231677 0.139523 3.30237
0.216645 -0.0415721 3.29621
0.102642 0.173313 4.82673
0.0857499 0.224508 2.86879
-0.494218 -0.059529 3.63674
0.177717 0.0239417 4.70287
0.20278 0.079091 2.52004
-0.931012 -0.382467 6.04276
0.0548314 0.0102289 3.0321
-0.850388 -0.188371 4.69964
-0.771533 -0.205646 4.32657
-0.910033 -0.313511 4.90636
-0.477317 -0.058262 6.94878
-0.546786 -0.305193 7.50941
0.230173 -0.0412148 3.13195
0.00939 0.28394 4.58192
-0.0465365 0.274273 5.43338
0.159151 0.249731 4.40948
0.184326 0.158654 4.69418
-0.869781 -0.415317 5.00012
-1.10876 -0.457184 5.5276
-1.05434 -0.59081 5.8258
0.194592 0.157995 2.56524
0.244313 0.127723 2.53431
0.0909977 0.204875 2.33318
0.152847 0.175264 2.50706
0.229217 0.188932 2.51806
0.220684 -0.064528 2.31915
0.227068 -0.0785159 2.3288
0.230057 0.0392261 2.32174
0.230056 0.0303579 2.33314
0.22305 -0.0602854 2.77043
0.209087 -0.153324 2.6257
0.233214 0.0381356 2.41155
0.0609274 0.209889 2.75802
0.022487 0.205921 2.30829
-0.1611 0.230408 2.61396
0.171678 -0.112673 3.26398
0.164113 -0.0959595 2.65171
-0.0574501 -0.781917 7.03903
0.404316 -0.639024 6.82352
-0.275774 0.16069 6.63017
0.176853 -0.154237 4.71789
-0.335118 0.257617 3.22304
-0.428205 0.258888 2.93632
-0.292628 0.23074 2.41128
-0.29116 0.240932 2.65524
-0.369095 0.249753 2.86524
-0.383118 -0.591738 6.75916
-1.08841 -0.339123 4.44809
-0.620133 0.0838151 2.18887
-0.601041 0.159691 1.99761
-0.621705 -0.00586451 2.20543
-0.621747 -0.0215221 2.12642
-0.594293 0.0523714 1.97033
-0.625646 -0.0108771 2.37926
-0.719857 -0.15006 2.88047
-0.588848 0.127243 3.06296
-0.12806 -0.046015 5.60058
-0.292224 -0.117043 6.64814
0.121604 0.0213424 5.00753
-0.410345 -0.021681 6.98461
-0.354445 -0.20918 6.73109
0.226851 -0.0220335 2.95672
0.224909 -0.0471262 2.83671
0.220067 -0.0456033 2.98304
-0.875864 -0.234563 6.36868
-0.909319 -0.382593 5.95366
0.191288 0.160244 2.61472
0.18398 0.114666 2.58441
0.00410309 0.228662 4.8916
0.225877 0.079871 2.57236
-0.979199 -0.568929 6.57025
-0.950966 -0.463349 6.14302
0.0174363 0.172491 5.01592
-0.0101126 0.0486519 5.31573
-0.032804 0.0902622 5.4787
0.246587 0.134614 2.55048
0.238055 0.126779 2.52813
-0.0935409 0.125139 2.26357
0.0798824 0.238313 3.29984
0.268635 0.356147 4.36857
-0.662565 0.173157 7.80867
0.119627 0.209693 3.73693
0.204654 0.272909 4.56514
0.261833 0.188823 4.61284
0.224133 -0.018621 3.03681
0.235891 -0.0479556 3.31509
-1.05639 -0.485335 6.16692
-0.926847 -0.321461 4.97062
-0.848765 -0.371511 4.51382
0.254416 0.186474 2.91117
0.221021 0.193273 2.88015
-0.701646 -0.0710077 4.65444
-0.640438 -0.186645 5.55109
-0.418104 0.249959 2.87267
0.237153 0.0388302 2.41655
-0.619651 -0.0075041 2.13859
-0.624416 0.0884105 2.20877
0.227494 0.0319788 2.32914
0.36994 -0.604715 6.45292
0.0822616 0.210154 2.49605
-0.63271 0.00172967 2.63061
-0.62497 -0.00348709 2.52987
0.223313 -0.0649179 2.33667
0.230726 -0.0799954 2.33528
0.171001 -0.118596 2.72632
-0.594188 -0.021512 2.68329
-0.925191 -0.265082 4.32158
-0.285069 0.23461 2.52745
-0.291243 0.238668 2.63925
0.203605 0.1907 2.56366
0.227284 -0.0599487 2.61237
0.217462 -0.0575177 2.75852
-0.620655 0.107226 2.54641
0.319206 -0.30778 4.68682
0.227266 -0.0455734 2.63375
-0.383118 -0.591738 6.75916
-0.726893 -0.440115 5.95743
0.311779 0.185635 3.57953
0.0730434 0.161623 4.62523
-0.428003 0.236343 2.82609
-0.560868 0.268417 3.16964
0.192164 0.156653 2.56458
0.228309 0.0672803 2.69356
0.170769 -0.152626 4.69398
-0.425788 0.261785 3.0886
0.0318689 -0.133342 5.252
-0.39991 0.190901 7.04725
-0.624584 -0.00978097 2.37829
-0.610798 0.222045 2.64991
-0.479506 -0.0675637 3.6572
0.23627 0.00542253 3.50175
0.220795 -0.0362462 3.297
0.20592 0.122413 2.44261
0.0277017 0.0674335 4.31394
-1.01586 -0.519125 6.19903
0.201439 0.074506 2.57955
0.193181 0.161342 2.61979
0.22024 0.147194 2.72004
-0.031841 0.105694 5.563
-0.98464 -0.14488 6.74234
-0.382229 -0.17426 6.16667
0.189102 0.26765 4.46558
0.235689 0.176871 4.43829
0.191468 0.156864 4.72371
-0.281349 0.16372 6.49791
-0.166364 0.0725521 5.60004
0.215346 -0.0105183 3.01822
0.234067 -0.0478847 2.95353
-0.62607 -0.00276145 2.53475
-0.599036 -0.00470928 3.02742
-0.378788 0.2579 2.90459
-0.611185 -0.0027229 2.12503
-0.624394 -0.0223533 2.13313
0.232914 0.0382645 2.40827
-0.332183 -0.414579 6.2755
-0.419393 0.252706 2.89291
-0.625635 0.098408 2.59726
-0.676543 0.117576 2.7483
0.087449 0.213248 2.51881
-0.897776 -0.304466 4.44092
-1.10164 -0.337256 4.4806
0.234143 -0.0585681 2.4187
0.230244 -0.0791977 2.33158
0.217742 -0.0839385 2.34128
0.239859 0.199224 2.94507
0.235599 0.158667 3.2967
0.214002 0.193817 2.59126
0.207763 0.198805 2.67481
-0.538799 0.258881 3.0771
0.236723 0.183624 3.36437
0.171949 -0.154879 4.73685
0.242313 0.0585166 2.78874
-0.573847 -0.315936 7.55136
-0.383118 -0.591738 6.75916
0.100923 0.0136736 3.23407
0.217901 -0.0488319 2.70644
0.069094 0.28701 4.62872
0.191204 0.0566012 4.64128
0.237438 -0.0102177 4.54925
-0.400448 0.288313 3.68555
0.199799 0.155952 2.58849
0.216714 -0.0449776 2.97429
-0.783109 -0.20089 4.36007
-1.05564 -0.481154 6.13619
0.0235454 -0.125899 5.06277
-0.286154 -0.07341 6.46867
-0.610603 -0.00468598 2.34416
-0.624513 0.0871922 2.20656
0.207136 0.293799 3.30356
0.228148 0.184728 2.51417
-0.870152 -0.384003 5.75224
-0.90243 -0.431548 5.60708
0.234622 -0.0354487 2.82328
-0.0815534 0.306918 4.87133
-0.0792544 0.329622 5.90135
0.0245025 0.15875 5.11782
-0.0206704 0.0510119 5.07072
0.214397 -0.0450799 2.59751
0.227946 -0.0572601 2.60519
0.214377 -0.0687592 2.66425
-0.571494 -0.00236119 2.89379
-0.620408 -0.00680691 2.37446
-0.621287 0.0950309 2.58154
-0.375024 0.253383 2.84629
0.304563 -0.0625412 3.41906
0.155007 -0.113798 2.68592
0.22277 0.192966 2.89137
0.226016 0.117951 3.29698
0.136382 0.211395 2.84521
0.229218 0.0653797 2.69767
0.250513 0.0590283 2.81743
0.112636 -0.150734 4.95902
0.225998 0.0344677 2.32317
0.237143 0.184887 3.37225
-0.670285 0.204941 2.85799
0.198138 -0.0752138 3.28079
0.237159 -0.0720164 2.43325
-0.617978 0.082213 2.11198
0.143896 0.190305 2.40844
0.187735 0.154141 2.55394
0.229646 0.122661 2.50747
0.247522 0.087757 2.59054
-0.250988 -0.287167 6.22487
-0.379894 0.273154 3.53862
0.199121 0.111356 2.6313
0.18702 0.141643 2.63624
0.225227 0.076416 2.63157
0.166588 0.120769 4.42116
0.081109 0.149953 4.7506
0.242152 -0.00331083 4.5878
0.143664 0.0191126 5.17031
-0.573847 -0.315936 7.55136
-0.720694 -0.334871 5.56777
0.221559 0.0376148 3.04498
0.216367 0.0415576 3.02111
0.223656 -0.0248353 2.94553
0.225 -0.0347778 3.31664
-0.0212207 -0.104531 5.4758
-0.373152 -0.0192559 5.6825
-0.62374 -0.018129 2.21333
-0.608192 -0.0222374 2.74698
