0.227122 -0.0429627 3.30333
0.220954 0.132368 3.2587
0.191283 -0.11827 3.36222
0.476627 -0.481887 4.27678
-0.25119 0.280048 6.68564
0.212067 0.00508032 4.63171
0.540774 -0.576167 5.23855
0.219967 0.19265 3.03817
-0.257038 0.156589 6.5543
0.193302 0.158708 2.56065
0.184616 0.165043 4.74141
0.0200978 -0.129448 5.32146
0.232654 0.127709 2.50603
-0.925412 -0.238122 4.23795
0.121846 0.0195354 5.22024
-1.02831 -0.438523 4.8652
0.225532 -0.197257 2.76576
0.228603 -0.0666144 2.52426
-0.26085 -0.360693 3.777
-0.731235 -0.150731 2.95057
0.234463 0.037247 2.41641
0.350654 -0.00693854 4.49826
0.226176 -0.0641611 2.34003
0.224549 0.0415576 2.31149
0.0925333 0.207972 2.4066
-0.0531915 -0.0908776 5.54213
-0.0572813 -0.18146 5.45318
0.381834 0.1268 4.51761
0.235298 0.128077 2.51402
0.222975 -0.0591312 2.86814
0.216877 -0.154898 2.55965
0.22424 0.134577 3.26963
-0.0732419 0.0427842 5.58087
0.24799 0.225076 3.38591
0.181801 -0.154496 4.70774
0.116498 0.238178 3.3563
0.0811382 0.241526 3.32928
0.227507 0.193773 3.06596
-0.348955 -0.493022 6.76203
-0.386353 -0.605564 6.80752
0.444666 -0.461287 4.93542
0.58462 -0.573901 4.88879
0.517088 -0.631107 5.24591
0.180081 0.266842 4.54677
-0.0149445 -0.114241 5.58394
0.225801 0.193212 2.84594
0.246527 0.182441 2.88344
-0.870014 -0.186414 4.18398
-0.259012 0.150783 6.35256
-0.379133 0.177221 6.89917
-0.261585 -0.00534352 6.49291
0.0282255 0.284916 4.5276
0.120385 0.179353 4.96464
-0.0799833 0.329208 5.51647
-0.643151 0.0429079 7.64075
0.0999256 0.220349 2.67239
-0.275783 -0.122013 6.64308
-0.29534 -0.274027 6.58587
0.213768 -0.0468032 2.88656
-0.806366 -0.215217 5.85508
-0.722927 -0.439907 5.96968
-0.919338 -0.368546 5.96436
-0.986719 -0.489265 6.25579
0.223341 -0.179835 2.76901
0.228662 0.0828083 2.57855
0.224051 0.138922 2.40266
0.236962 0.17842 2.3926
0.21435 0.184783 2.4805
0.22718 -0.0834251 2.25408
0.229492 -0.0576376 2.65216
0.110251 0.212771 2.75706
0.133954 -0.433976 6.72352
-0.0822109 -0.649878 7.19374
-0.171793 -0.359056 3.80338
0.347872 -0.32075 4.84528
0.448271 -0.690031 7.24925
0.392427 -0.501843 4.9482
0.245853 -0.104929 4.46863
-0.615349 0.185265 2.6634
-0.738002 -0.163675 2.90067
0.168413 -0.100289 2.67077
0.376709 -0.487186 4.98047
0.081795 0.240847 3.32811
0.353549 -0.00698042 4.52244
0.232628 -0.0129036 4.45972
-0.0561195 -0.773062 6.97371
0.244195 0.272887 4.53446
0.376888 0.144263 4.58486
0.237056 0.188411 4.42443
0.181542 -0.156926 4.76848
0.12909 -0.154942 4.89237
0.0966646 0.210403 2.42212
0.22955 0.0292993 2.33067
-0.0504233 -0.0929332 5.53569
-0.134168 -0.042029 5.71105
-0.0590268 -0.184791 5.58418
-0.22206 -0.277386 6.42678
0.092347 0.205087 2.33477
0.227785 -0.0602319 2.88575
0.24069 0.0545602 3.075
-0.328668 -0.389042 6.6783
0.646131 -0.739857 5.89295
-0.0401478 0.208854 5.50861
-0.0707202 0.0475248 5.61735
0.211472 0.197926 2.65188
0.205647 -0.146882 2.61981
0.230975 0.193008 2.86213
0.241139 0.179624 2.86854
0.22493 -0.0441592 3.29134
0.212193 -0.0472079 3.28397
0.197041 0.158345 2.56976
-0.297754 0.000191414 6.70435
-0.381764 0.0148616 6.99211
0.218992 -0.0813654 2.42336
0.228763 -0.0545515 2.67617
-0.909783 -0.258085 4.24253
0.165037 0.256288 4.46551
0.182673 0.163062 4.70662
0.2238 0.13897 2.40213
0.208507 0.00827098 4.63619
-0.0139695 -0.117489 5.51285
-1.00333 -0.357647 6.28975
-0.290951 0.219456 2.3548
0.188691 0.0729349 2.55688
0.214355 -0.163831 3.31191
0.121286 0.181919 5.02266
-1.0683 -0.629884 6.44234
-1.0525 -0.546417 6.02851
-0.983463 -0.492567 5.25954
-0.287196 -0.123332 6.73668
-0.388952 -0.0994521 6.81417
-0.4499 -0.298932 7.00576
-0.660121 0.216321 7.66744
-0.836545 -0.225537 6.0852
-0.865399 -0.366597 6.19317
-0.790232 -0.387697 6.07528
-0.885614 -0.355513 5.74004
0.233178 -0.0146409 2.9657
-1.00363 -0.419816 4.83787
-1.06915 -0.48328 4.9707
0.235811 0.0828314 2.59691
0.236692 0.177554 2.39171
0.221923 0.186331 2.49623
0.218991 -0.0853928 2.34029
0.229766 0.0396677 2.32111
0.229868 -0.0572935 2.65289
0.225317 -0.0398299 2.6227
-0.175891 0.221282 2.34257
-0.0540168 -0.613792 6.84116
0.233052 -0.478847 5.66719
0.248824 -0.104482 4.48578
-0.627493 0.233646 3.03665
-0.938583 -0.539891 6.29278
-0.619641 -0.268181 6.20275
-0.583962 0.229821 2.35798
0.20278 0.079091 2.52004
0.227914 0.0703567 3.0248
0.220382 0.0743672 3.05531
0.234272 -0.0710292 2.43043
0.0935254 0.20477 2.33646
-0.391642 0.180149 6.94671
-0.400445 0.00594757 6.85997
0.209292 0.154352 3.18413
0.231677 0.139523 3.30237
0.226614 -0.0446029 3.29873
-0.0528774 -0.093386 5.45352
-0.00386126 -0.124317 5.76368
0.21709 -0.0513506 2.7008
0.237593 0.133525 2.5289
0.247655 0.130005 2.54361
-0.0609844 0.127407 5.54273
-0.158084 0.0624323 5.70096
0.159151 0.249731 4.40948
0.187315 -0.0934579 3.30087
0.212977 -0.161445 3.1819
0.221401 -0.15081 3.38314
0.100203 -0.138141 5.05225
0.0330283 -0.131732 5.11355
-0.39436 -0.0962172 6.80311
-0.345148 -0.18558 6.60327
-0.993902 -0.486229 6.42423
-0.910033 -0.313511 4.90636
-0.921131 -0.339036 4.69194
-1.08431 -0.492578 5.02928
0.0383439 0.269078 4.47622
0.230173 -0.0412148 3.13195
0.112398 0.0159462 4.96885
-0.0289418 0.0894679 5.7151
0.187296 0.157738 4.72183
0.20148 0.0135113 4.60243
0.112398 0.0159462 4.96885
-1.03268 -0.602734 6.21787
0.198223 0.19051 2.55096
0.231887 0.18934 2.52036
0.220543 -0.0858064 2.34557
0.208583 -0.0804149 2.21956
0.23583 0.0396215 2.33343
0.230056 0.0303579 2.33314
0.226194 -0.0568454 2.64377
0.225832 -0.1731 2.78661
0.22259 -0.0824954 2.43228
0.229318 -0.0412467 2.63504
0.0609274 0.209889 2.75802
0.022487 0.205921 2.30829
0.18322 0.29325 3.79141
0.247993 0.189593 4.49485
0.224211 -0.0612273 2.77424
0.146304 -0.44588 6.8426
-0.0574501 -0.781917 7.03903
0.391888 -0.50115 4.97689
0.378532 -0.605523 6.67621
0.372331 -0.00645311 4.60297
0.226856 -0.0130203 4.43679
-0.398281 0.278103 3.60192
-0.427941 0.256624 2.90397
-0.627927 0.193478 2.7289
-0.590891 0.27383 3.21467
-0.633143 -0.277175 6.34237
-0.383465 -0.591435 6.6814
-0.589325 -0.0202768 2.65485
-0.944671 -0.243131 4.30683
-0.62809 -0.0109922 2.38685
-0.62173 0.00420119 2.44827
-0.62365 -0.0222299 2.13072
-0.620133 -0.00629166 2.20022
-0.619749 -0.00734945 2.13094
-0.177093 0.217656 2.32632
-0.546786 -0.305193 7.50941
-0.275774 0.16069 6.63017
0.268517 0.135581 2.49242
0.224802 -0.0471747 2.65871
0.220207 -0.0503462 2.71253
-0.0264148 -0.0984053 4.3706
0.224888 0.0710622 3.01437
-0.0465365 0.274273 5.43338
0.207394 0.260735 4.386
0.261833 0.188823 4.61284
-0.032804 0.0902622 5.4787
0.311779 0.185635 3.57953
0.237143 0.184887 3.37225
0.176853 -0.154237 4.71789
0.116403 -0.149523 4.86161
0.224627 -0.0485904 2.9172
0.204654 0.272909 4.56514
-0.278575 -0.00246376 6.37809
-0.826587 -0.17546 4.54133
-0.931012 -0.382467 6.04276
-0.771533 -0.205646 4.32657
-0.925191 -0.265082 4.32158
-1.05739 -0.454066 4.99277
-0.309279 -0.290379 6.56412
-0.392122 -0.286032 6.67572
-0.341149 -0.459134 6.51765
0.232958 -0.176243 2.97066
0.184326 0.158654 4.69418
0.177717 0.0239417 4.70287
0.102642 0.173313 4.82673
-0.76605 -0.375013 5.90223
-0.964881 -0.440743 6.77049
-0.611798 0.18823 7.30005
-0.648767 0.0534426 7.69529
0.213876 -0.0461551 2.95434
0.0269114 0.25253 4.22392
-0.494218 -0.059529 3.63674
-1.10925 -0.500697 6.443
-0.869781 -0.415317 5.00012
-1.05434 -0.59081 5.8258
0.152847 0.175264 2.50706
0.234606 0.190093 2.52691
0.227068 -0.0785159 2.3288
0.219629 -0.0853037 2.34431
0.223042 -0.0827491 2.24705
0.230057 0.0392261 2.32174
0.227284 -0.0599487 2.61237
0.192567 -0.14327 2.6515
0.219491 -0.0800684 2.42347
0.235044 0.0517606 2.76744
0.226567 -0.0435809 2.76472
0.233214 0.0381356 2.41155
0.147491 0.209655 2.84548
-0.1611 0.230408 2.61396
0.22305 -0.0602854 2.77043
-0.0546516 -0.758677 6.84615
0.113188 -0.194985 4.78865
0.333376 -0.451232 4.63834
0.404316 -0.639024 6.82352
0.253557 0.00198268 4.2242
-0.439154 0.271162 3.1948
-0.491067 0.260542 3.07143
-0.428205 0.258888 2.93632
-0.290752 0.238072 2.57034
-0.597024 0.278276 3.25005
-0.383118 -0.591738 6.75916
-0.615778 0.081757 2.13059
-0.624265 -0.0112769 2.37447
-0.615791 -0.0195952 2.20056
-0.640438 -0.186645 5.55109
0.236723 0.183624 3.36437
0.236739 0.122464 3.32668
-0.909319 -0.382593 5.95366
0.254416 0.186474 2.91117
0.221021 0.193273 2.88015
0.171001 -0.118596 2.72632
0.235891 -0.0479556 3.31509
0.216645 -0.0415721 3.29621
0.225877 0.079871 2.57236
0.246587 0.134614 2.55048
0.244313 0.127723 2.53431
0.193181 0.161342 2.61979
0.191288 0.160244 2.61472
0.224133 -0.018621 3.03681
-0.316364 -0.37589 7.46446
-0.367517 -0.373608 6.52736
0.00410309 0.228662 4.8916
-0.616989 0.0539075 7.29764
-0.968233 -0.431572 7.83645
-0.875864 -0.234563 6.36868
0.0730434 0.161623 4.62523
0.0174363 0.172491 5.01592
-0.0101126 0.0486519 5.31573
-0.293561 -0.0430583 6.70215
-0.410345 -0.021681 6.98461
-0.292224 -0.117043 6.64814
-0.950966 -0.463349 6.14302
-1.05639 -0.485335 6.16692
0.204331 0.021866 4.64146
0.121604 0.0213424 5.00753
-0.701646 -0.0710077 4.65444
0.194592 0.157995 2.56524
0.228309 0.0672803 2.69356
0.203605 0.1907 2.56366
0.217462 -0.0575177 2.75852
0.0798824 0.238313 3.29984
0.171678 -0.112673 3.26398
0.212156 -0.128077 3.46483
0.226851 -0.0220335 2.95672
-0.214947 -0.276515 6.33447
0.319206 -0.30778 4.68682
0.36994 -0.604715 6.45292
0.0318689 -0.133342 5.252
0.237438 -0.0102177 4.54925
0.170769 -0.152626 4.69398
-0.425788 0.261785 3.0886
-0.428003 0.236343 2.82609
-0.285069 0.23461 2.52745
-0.29116 0.240932 2.65524
-0.583533 0.282456 3.28415
-0.588848 0.127243 3.06296
-0.921222 -0.526 6.17054
-0.383118 -0.591738 6.75916
-0.893067 -0.140613 4.2645
-0.63271 0.00172967 2.63061
-0.625646 -0.0108771 2.37926
-0.624394 -0.0223533 2.13313
-0.621705 -0.00586451 2.20543
-0.622279 -0.0163872 2.21482
-0.594188 -0.021512 2.68329
-0.610798 0.222045 2.64991
0.0857499 0.224508 2.86879
0.237153 0.0388302 2.41655
0.229217 0.188932 2.51806
-0.286154 -0.07341 6.46867
0.0277017 0.0674335 4.31394
-1.05639 -0.485335 6.16692
-1.01586 -0.519125 6.19903
0.217901 -0.0488319 2.70644
0.069094 0.28701 4.62872
0.0268893 0.336782 5.21893
0.0539298 -0.156216 4.87826
-0.897776 -0.304466 4.44092
-0.291243 0.238668 2.63925
0.216038 -0.0804016 2.40298
-0.62497 -0.00348709 2.52987
-0.624584 -0.00978097 2.37829
-0.620655 0.107226 2.54641
0.207136 0.293799 3.30356
-0.0935409 0.125139 2.26357
0.234143 -0.0585681 2.4187
0.237159 -0.0720164 2.43325
-0.418104 0.249959 2.87267
0.22277 0.192966 2.89137
0.171949 -0.154879 4.73685
0.250513 0.0590283 2.81743
0.227494 0.0319788 2.32914
0.236842 0.0380636 2.41527
0.143896 0.190305 2.40844
0.224909 -0.0471262 2.83671
0.155007 -0.113798 2.68592
0.0954999 -0.0916078 2.63424
-0.573847 -0.315936 7.55136
-0.383118 -0.591738 6.75916
0.227266 -0.0455734 2.63375
0.225 -0.0347778 3.31664
0.100923 0.0136736 3.23407
0.247522 0.087757 2.59054
0.235689 0.176871 4.43829
0.189102 0.26765 4.46558
-0.12806 -0.046015 5.60058
-0.0535486 0.245636 5.1606
0.191468 0.156864 4.72371
0.192164 0.156653 2.56458
0.18398 0.114666 2.58441
0.229218 0.0653797 2.69767
0.240362 0.0623103 2.84681
0.223656 -0.0248353 2.94553
0.220067 -0.0456033 2.98304
-0.281349 0.16372 6.49791
-0.619651 -0.0075041 2.13859
-0.624416 0.0884105 2.20877
0.242241 0.133026 2.43509
0.242152 -0.00331083 4.5878
0.245554 -0.0987699 4.41866
0.225227 0.076416 2.63157
0.201439 0.074506 2.57955
-0.382229 -0.17426 6.16667
-0.250988 -0.287167 6.22487
0.0739633 0.202266 4.63289
-0.0815534 0.306918 4.87133
-0.0792544 0.329622 5.90135
0.081109 0.149953 4.7506
0.0245025 0.15875 5.11782
-0.0206704 0.0510119 5.07072
-0.608192 -0.0222374 2.74698
0.198138 -0.0752138 3.28079
0.239859 0.199224 2.94507
-0.670285 0.204941 2.85799
0.0235454 -0.125899 5.06277
-0.62374 -0.018129 2.21333
-0.624513 0.0871922 2.20656
-0.617978 0.082213 2.11198
0.136382 0.211395 2.84521
-0.62607 -0.00276145 2.53475
0.225646 -0.0668573 2.39306
0.225998 0.0344677 2.32317
0.232914 0.0382645 2.40827
-0.347455 0.223772 2.57185
0.235599 0.158667 3.2967
0.220795 -0.0362462 3.297
0.20592 0.122413 2.44261
0.229646 0.122661 2.50747
-0.400448 0.288313 3.68555
0.214002 0.193817 2.59126
0.199799 0.155952 2.58849
0.216714 -0.0449776 2.97429
0.216367 0.0415576 3.02111
0.216673 -0.0270463 2.91082
0.215346 -0.0105183 3.01822
0.166588 0.120769 4.42116
0.143664 0.0191126 5.17031
-0.772688 -0.200498 5.60177
-0.720694 -0.334871 5.56777
-0.870152 -0.384003 5.75224
0.199121 0.111356 2.6313
0.22024 0.147194 2.72004
-0.573847 -0.315936 7.55136
-0.0212207 -0.104531 5.4758
-0.12292 -0.0561587 5.7121
0.0795018 0.23614 3.29897
-0.611185 -0.0027229 2.12503
-0.625635 0.098408 2.59726
-0.783109 -0.20089 4.36007
0.228148 0.184728 2.51417
