-0.321086 0.239524 2.71268
0.225739 -0.0426428 3.29669
0.134131 -0.434521 6.72844
0.186294 0.129258 2.62112
0.509359 -0.625493 5.20005
0.210297 0.0540143 2.9698
0.237711 0.22185 3.31255
0.40412 0.0274002 4.65836
-0.0799807 0.329438 5.52005
0.136539 0.203244 2.79585
-0.0342769 0.226944 5.68562
0.180767 0.267357 4.55321
0.234008 0.127962 2.50867
0.209661 -0.00888659 2.88997
-0.993177 -0.621526 6.20324
0.223977 -0.0657908 2.51258
0.217788 -0.0578327 2.85239
0.232882 0.0608563 2.84406
0.196531 -0.0108886 4.22499
-0.614618 0.227045 2.97626
-0.224417 -0.269632 6.36208
-0.621747 0.00451561 2.44451
-0.62634 0.0347192 2.67868
0.236023 0.0374088 2.41962
0.0972382 0.225194 2.89198
0.241893 0.222385 3.36094
-0.0505858 -0.09287 5.52775
-0.0535373 -0.09122 5.52188
0.193771 0.130995 2.64005
-0.912819 -0.258205 4.26639
0.216542 -0.0589061 2.74757
0.227316 -0.0786713 2.32842
-0.323906 0.244885 2.74263
0.23135 0.175682 2.29451
0.209133 -0.0212846 2.98356
0.147279 0.207523 2.83088
0.217988 0.192346 3.0306
0.227838 0.129368 2.33881
0.171635 0.192825 4.39952
0.357485 0.345243 3.1014
0.206493 0.00552372 4.59315
0.182436 -0.15475 4.71507
0.127931 -0.15421 4.87334
0.367891 0.147076 4.5341
-0.251292 0.280042 6.68658
-0.370327 0.295935 6.92361
-0.256675 0.155763 6.53384
0.090317 0.204014 2.32845
0.115922 0.237966 3.35354
-0.798821 -0.170815 4.28491
-0.866268 -0.236555 4.28467
0.220191 0.132234 3.25566
0.0289315 0.285815 4.5389
0.192865 -0.135326 3.31757
0.19008 0.157818 2.55023
0.187885 0.119159 2.55106
-0.91611 -0.367382 5.94198
0.227598 0.193534 2.85085
0.214564 -0.00984724 2.90487
0.229217 -0.036468 2.84214
-0.0384007 0.213179 5.53933
-0.0732237 0.0430223 5.57929
-0.296675 -0.275631 6.62176
-0.344807 -0.485261 6.65757
-0.297147 5.44673e-06 6.6916
-0.382553 -0.0963593 6.70996
-0.275798 -0.122173 6.63944
0.176306 -0.119418 2.70338
-0.981209 -0.486156 6.21862
0.121913 0.180545 4.98527
-0.808089 -0.215808 5.86811
0.218714 0.0823362 2.55841
0.235069 0.128172 2.51314
0.233624 0.177211 2.38542
0.235304 0.169827 2.47741
0.225094 -0.0541914 2.66575
0.236293 -0.184897 3.28355
0.221624 -0.0590051 2.86335
0.448491 -0.691369 7.25774
0.147255 -0.0973658 3.25816
0.325547 -0.30691 4.69309
0.551106 -0.584582 5.29864
0.396301 -0.507587 4.98884
0.348654 -0.00681262 4.48594
-0.198261 0.230255 2.53327
-0.427396 0.25475 2.88555
-0.931112 -0.535224 6.24115
-0.598288 0.128734 3.11398
-0.626687 -0.00436197 2.52638
-0.623219 0.00467985 2.44811
-0.599198 -0.0538457 2.37653
-0.835471 -0.108065 3.06593
-0.624362 0.0344972 2.67256
-0.623356 -0.0112642 2.37181
-0.581194 0.228116 2.34877
0.229897 0.0289041 2.33135
0.212594 -0.054489 3.28973
0.220238 -0.0818147 2.42628
0.221391 -0.0817466 2.42835
0.226542 -0.0784124 2.32706
0.220955 -0.0857861 2.34412
-0.337651 0.240905 2.58155
-0.645709 0.0430289 7.67058
0.198291 0.190284 2.63823
0.232475 0.0539035 3.04515
0.20677 0.00809032 4.61859
0.112609 0.0159193 4.97404
0.18059 -0.15649 4.75269
0.199184 0.193875 2.55309
0.210962 0.197791 2.65019
0.19443 0.16322 2.62638
0.233428 0.186797 4.3968
-0.935265 -0.241822 4.28081
0.225275 0.179276 3.31044
0.229542 0.135739 3.29274
-0.259058 0.150363 6.33576
-0.378739 0.17681 6.88942
-0.0706547 0.0491765 5.58191
0.232531 0.193766 2.86666
0.227224 0.130571 2.44507
0.237505 0.134356 2.52849
0.192883 0.158732 2.55936
0.206694 0.269442 4.53725
0.0174629 0.259789 3.85155
0.197268 -0.119895 3.395
0.219153 -0.145998 3.41318
0.725336 0.223422 2.94457
-0.446664 -0.296899 6.94722
0.0331472 -0.132152 5.12448
0.0195783 -0.129458 5.31158
0.0161903 0.273421 4.50597
0.118723 0.180737 4.98867
0.181185 0.0206544 4.75309
0.121957 0.0195346 5.22192
-0.393226 -0.101086 6.89763
0.192573 0.0990626 2.61258
0.191493 0.0731473 2.56368
-1.05773 -0.622598 6.37293
-1.06524 -0.588537 6.02747
0.212694 -0.046909 2.88308
-0.663128 0.217535 7.70159
-0.828178 -0.223552 6.02981
-0.786022 -0.385489 6.04195
-0.813056 -0.394646 5.87306
-0.938474 -0.356459 4.68793
-1.00303 -0.419539 4.8345
0.234395 0.188507 2.32276
0.23682 0.177687 2.39158
0.221384 0.119748 2.24947
0.224024 0.0823874 2.56692
0.227012 0.188089 2.50729
0.180543 0.193148 2.34747
0.230833 0.140501 2.41602
0.248317 -0.0648931 2.44098
0.229547 -0.0573707 2.65176
0.217546 -0.0649493 2.49652
0.153703 0.210146 2.85516
0.092577 0.216334 2.64532
0.0992939 0.225312 2.87976
0.0932899 0.208299 2.4087
0.0821429 0.241575 3.33477
0.228996 0.0537638 2.74857
0.233317 0.0611073 2.84426
0.448491 -0.691369 7.25774
0.338485 -0.31709 4.78417
0.416121 -0.50624 5.01243
0.31636 0.0254687 4.54814
0.354015 -0.00680639 4.52515
0.232935 -0.0132141 4.4638
-0.61496 -0.265987 6.15663
-0.710778 -0.431628 5.83852
-0.221623 -0.276359 6.40745
-0.0562264 -0.772207 6.9661
-0.384839 -0.602403 6.77301
-0.134242 -0.0418953 5.71465
-0.622088 0.100207 2.44912
-0.623153 -0.0113049 2.37137
-0.618426 0.0827508 2.37552
-0.919139 -0.26109 4.28397
0.230225 0.120343 2.26305
0.229466 0.140253 2.41341
0.189992 0.198936 4.55197
0.250592 -0.0653949 2.83508
0.536944 0.470155 4.97477
0.724349 0.557285 6.09637
0.199164 0.0136885 4.57581
0.112609 0.0159193 4.97404
0.17863 0.248069 4.20987
0.249081 0.190172 4.50338
0.230009 0.133661 2.51587
-0.392658 0.180434 6.96248
-0.0402331 0.208691 5.5041
-0.0312854 0.087403 5.60129
-0.158794 0.060322 5.72453
0.229301 -0.0132558 4.4632
0.247817 -0.1037 4.47598
0.226536 -0.0784703 2.327
0.219346 -0.0853717 2.34228
0.235858 0.128479 2.34201
0.0703169 0.209305 2.8178
0.227324 -0.0399227 2.6284
-0.281409 -0.00398877 6.44093
-0.285879 -0.122533 6.70253
0.235059 0.17797 2.84909
0.384259 0.146506 4.6283
0.337178 0.0833653 4.28092
0.224744 -0.0207679 3.03386
0.228168 -0.0404033 3.12253
0.192684 0.156877 2.55728
0.22772 -0.0138671 2.94546
0.0861446 0.101868 2.16948
0.180305 0.161954 4.6819
0.202766 0.164889 2.64773
-0.423888 -0.420095 7.42349
-0.824829 -0.221903 4.07721
-0.869367 -0.381863 4.62596
0.0336747 0.264551 4.4096
-0.892877 -0.319907 7.00123
0.0282558 0.182755 4.9481
-1.00298 -0.502579 6.35529
-1.03083 -0.601426 6.2058
-0.878857 -0.420869 5.05592
0.223488 0.0815497 2.56625
0.199602 0.192882 2.5528
0.225383 0.1875 2.50523
0.22952 0.0395892 2.32019
0.223275 -0.0278346 2.68145
0.233756 0.0380664 2.41301
0.230759 0.19474 3.09092
0.107818 0.211232 2.7462
0.0553296 0.208039 2.75348
0.090053 0.246884 3.39194
0.214371 -0.163872 3.31184
0.233287 -0.0605042 2.90463
0.222814 0.0702125 3.00488
0.250672 -0.049285 3.40028
0.146149 -0.444425 6.83079
0.227923 -0.470647 5.58207
0.327834 -0.310275 4.72285
0.444255 -0.533196 5.17663
0.392605 -0.502133 4.98324
0.360813 -0.0057551 4.53851
-0.434672 0.267677 3.16319
-0.288267 0.237636 2.67213
-0.621594 0.230573 3.00939
-0.475918 0.245914 2.9319
-0.627878 -0.274392 6.28598
-0.0575577 -0.786176 7.06908
-0.383762 -0.592904 6.76822
-1.08719 -0.338734 4.44294
-0.887589 -0.356538 5.75313
-0.878615 -0.190184 4.2249
-0.628127 -0.00546026 3.16342
-0.621715 0.00451941 2.44711
-0.592824 -0.0208827 2.66801
-0.623047 -0.0106255 2.37148
0.219638 -0.0462835 2.97565
0.198621 0.190485 2.55178
0.207815 0.196111 2.63829
0.224405 -0.0639074 2.33629
-0.27481 0.160409 6.60899
-0.0340238 0.092912 5.47737
-0.43208 0.261904 2.93943
0.352215 0.139227 4.43468
0.213722 0.08004 2.54666
-0.0183253 -0.102539 4.52948
0.172489 -0.117801 2.69626
0.222691 -0.0481036 2.90955
0.212735 -0.0591553 2.91627
-0.646065 0.0522529 7.6617
0.227544 -0.0408081 2.62877
0.215537 -0.05097 2.69533
0.225121 0.17541 2.82386
0.222237 -0.0436063 3.27827
-0.725227 -0.438759 5.93931
-0.923036 -0.52688 6.18074
0.231844 0.1661 2.7893
-0.402193 0.00577579 6.89587
-0.292433 -0.117175 6.6537
-0.395251 -0.0968087 6.82014
0.217379 -0.0591437 2.75356
0.222838 -0.0473174 2.83759
0.223677 0.157721 3.24032
0.229964 0.138724 3.29467
0.197641 0.163794 2.63447
0.189497 0.119085 2.59031
-0.764413 -0.374298 5.88946
-0.95023 -0.433344 6.65363
-0.309979 -0.291302 6.5781
-0.34228 -0.460825 6.53841
-0.370084 -0.378166 6.52092
-0.90979 -0.313491 4.90457
-0.883482 -0.260715 4.27459
0.18968 0.159167 4.7454
0.106378 0.174878 4.87427
0.187456 0.104391 2.561
0.183408 0.110245 2.59372
0.192648 0.0721549 2.56156
-0.608405 0.186905 7.25378
-0.93598 -0.38492 6.0756
0.0633682 0.210348 5.48844
0.122102 0.10724 5.7396
0.0268727 0.25255 4.22407
0.222996 -0.0202436 3.0369
0.621838 0.190558 2.8274
0.229701 0.167945 2.2807
0.274506 0.138104 2.5045
0.234187 0.190194 2.52566
0.234295 -0.0592002 2.41926
0.234644 -0.071149 2.43117
0.227933 0.0396326 2.31796
0.2343 0.0383706 2.41272
0.230144 -0.0602471 2.62044
0.219718 -0.0800556 2.42399
0.15261 0.212436 2.86626
-0.162426 0.226973 2.58983
0.176682 -0.15428 4.71594
0.432668 -0.673625 7.11877
0.0947267 -0.134602 4.86254
0.320507 -0.0033562 4.34236
-0.397291 0.277066 3.58981
-0.290346 0.23612 2.55729
-0.290622 0.232538 2.61633
-0.371962 0.256649 2.90334
-0.582978 0.268223 3.17099
-0.550393 -0.307109 7.56013
-0.0548564 -0.769845 6.93799
-0.385953 -0.596808 6.73601
-0.0529075 -0.093767 5.47101
-0.618884 0.127137 3.15788
-0.617518 0.00509253 2.43393
-0.623673 -0.0113011 2.37222
0.231304 0.128884 2.38766
0.216004 -0.07668 3.36149
0.174949 -0.113885 3.28267
-0.0308443 0.106245 5.59358
-0.166406 0.0724891 5.60379
0.457479 -0.00907734 4.46091
-0.7753 -0.206426 4.34473
-1.13278 -0.464967 5.66371
0.197945 0.158762 2.57435
0.195457 0.161699 2.62742
0.178449 0.024244 4.71318
0.1204 0.0216162 4.99499
0.246893 0.129227 2.52472
0.24359 0.129733 2.51829
0.240061 0.126462 2.5241
0.224655 -0.0457722 2.92091
0.253612 0.00194584 4.2247
0.237619 -0.0112311 4.55612
0.250304 -0.0991326 4.45571
0.171383 -0.153266 4.70347
0.131405 -0.224543 4.40572
0.219545 0.125868 2.31689
0.200464 0.269572 4.52673
-0.557224 0.308594 7.27857
0.0726552 0.290048 4.6746
-0.878202 -0.235569 6.3873
-0.971081 -0.427325 7.8242
0.2083 0.112892 2.62635
0.186169 0.159328 4.7126
0.0778238 0.16152 4.70617
0.210242 0.0216186 4.70007
-0.911006 -0.383986 5.96941
-0.970357 -0.563431 6.50321
-0.322367 -0.379338 7.57349
0.231587 0.18955 2.523
-0.422101 0.252584 2.88821
-0.623047 -0.0106255 2.37148
-0.608984 0.221429 2.64288
0.228417 0.0653611 2.69522
-0.624908 -0.00572728 3.15128
0.234324 0.0395369 2.32953
0.236617 0.0389709 2.41452
0.206292 0.117227 2.2237
-0.894003 -0.140879 4.26813
-0.924936 -0.264971 4.31983
0.147324 0.211781 2.85401
0.226048 0.0710623 3.01873
0.224571 -0.0212176 2.94641
0.335761 -0.190688 3.70357
-0.365682 0.243893 2.82314
-0.0464057 0.274414 5.44395
-0.585552 0.271157 3.18925
0.365635 -0.596991 6.38728
-0.435251 0.267664 3.15964
0.295608 0.18016 3.51021
0.26027 0.188664 4.59921
-0.952169 -0.331456 5.97832
0.171372 -0.119032 2.72788
0.22452 0.0801093 2.56868
-0.281731 0.163015 6.49411
-0.0214257 -0.105247 5.48338
0.0316466 -0.133023 5.24111
0.325707 -0.312065 4.73101
-0.354084 -0.209714 6.72405
-0.660691 0.17245 7.78247
0.216097 0.0748624 2.60782
0.172693 -0.155277 4.74575
0.116546 -0.149886 4.86805
-0.620381 0.054485 7.33555
0.139136 0.0188594 5.10381
0.218745 -0.0501486 2.7071
0.0181257 0.17287 5.03009
-0.00991526 0.0486646 5.32458
-0.590863 -0.0212482 2.66917
0.230154 0.067616 2.69883
0.0872218 0.213191 2.51785
0.225224 -0.0650899 2.34376
0.232416 -0.0709789 2.42044
-0.420788 0.252926 2.89611
-0.612832 -0.00509458 3.10216
0.22 0.147171 2.71905
0.229866 0.196273 2.90769
-0.558169 0.266931 3.15513
0.204395 0.191616 2.56564
0.194544 0.157078 2.57123
0.280825 0.13716 2.38685
-0.29054 0.238965 2.64087
-0.379534 0.25942 2.89125
0.0894541 0.219769 2.63183
0.0817336 0.22207 2.84822
-0.0517413 0.249865 5.21653
-0.215921 -0.278042 6.35535
-0.383762 -0.592904 6.76822
0.182272 0.256454 4.71601
0.00642776 0.229564 4.83297
0.373098 0.145272 4.53351
0.219747 -0.0454005 2.98102
-0.400513 0.192419 7.06805
-0.128164 -0.0460445 5.59981
0.23438 0.175561 4.42767
-0.571147 -0.313823 7.5182
0.217394 -0.0424522 3.30101
0.197857 0.103116 2.62645
0.190375 0.155394 4.70894
-0.163643 0.225085 2.57374
0.204591 -0.0697641 2.40968
0.0750911 0.205219 4.6909
-0.774457 -0.200545 5.61799
-0.0815787 0.307039 4.87287
-0.0844202 0.321034 5.81848
0.199169 0.0740046 2.57295
0.224592 0.0355748 2.31879
-0.622848 -0.00342288 2.5223
-0.622473 0.00239692 2.59484
-0.595783 -0.0214358 2.69537
0.236223 0.0385805 2.41303
0.133397 0.209283 2.83296
0.190693 0.283743 3.22892
-0.98108 -0.144189 6.71609
-0.875078 -0.386834 5.78854
-0.780261 -0.200566 4.34619
-0.291042 0.238295 2.63643
-0.379062 0.257806 2.90404
0.125759 0.0143555 3.38972
0.241814 -0.00266594 4.58112
0.227587 -0.0456969 2.63486
0.194619 -0.0415676 2.64938
0.225581 -0.068206 2.69752
0.291583 0.185201 3.41408
0.23288 0.157205 3.28405
0.198081 0.187798 2.54985
-0.426827 0.257738 2.93758
-0.560535 0.264807 3.14296
0.227676 0.121354 2.50233
0.241578 0.0865658 2.57477
0.213864 0.190054 2.86133
0.236445 0.00538593 3.50269
0.241992 0.0588355 2.79113
0.228174 -0.0186888 3.05356
-0.255369 -0.293801 6.33037
-0.378102 -0.173856 6.1319
-0.333052 -0.416052 6.2894
0.0805343 0.236819 3.30639
0.162871 -0.151065 4.67179
0.0237297 -0.126273 5.07316
0.153195 -0.238607 4.59762
0.221288 -0.0361498 3.29967
0.171293 0.121943 4.46003
0.0269287 0.161113 5.1788
0.191252 0.0565572 4.64232
-0.0194132 0.0522311 5.11653
0.222547 -0.0239725 2.93996
-0.571147 -0.313823 7.5182
-0.720463 -0.33426 5.56227
-0.395051 0.2835 3.63285
0.183398 0.114674 2.58257
-0.415296 0.199959 7.33371
-0.373308 -0.0194938 5.6964
-0.623851 -0.00985962 2.37571
0.238783 0.189124 2.53861
