0.269216 0.0458849 0.739868
0.4713 -0.0246585 0.817715
0.286365 0.0677109 0.919512
0.268233 0.15731 0.878528
0.276433 0.143766 0.6938
0.280434 0.0605616 0.680881
0.294776 -0.190405 1.33266
0.309309 0.0137141 1.01052
0.355497 -0.211433 1.27301
0.323508 -0.228941 1.35467
0.309036 -0.0160332 0.925848
0.135472 0.172822 1.08061
0.117713 0.191598 1.2103
0.280753 -0.280717 1.50006
0.239943 -0.0440865 0.720546
0.280613 0.0683703 0.945011
0.312294 0.0347201 1.12278
0.273383 0.0950698 0.732763
0.301167 -0.0903014 0.763848
0.280061 0.145956 0.934186
0.289183 0.0330386 1.1638
0.270715 -0.126346 1.25657
0.269811 -0.196439 1.4064
0.32391 0.0398811 0.971469
0.265413 -0.0602031 1.35184
0.297353 -0.115531 0.70636
0.277907 0.00882125 1.22914
0.297427 0.0441426 0.500274
0.421668 -0.0419752 0.7581
0.15884 0.172643 1.00585
-0.651617 -0.415336 2.10139
-0.637219 0.0491874 1.59367
-0.644993 0.0201628 1.05407
-0.6592 -0.179507 1.23592
-0.655117 -0.245482 1.62107
-0.640833 -0.0528436 1.31488
-0.719231 -0.0560324 1.63071
-0.650248 -0.10817 0.913072
-0.648874 -0.180565 1.11559
0.262647 0.160084 1.02205
0.282117 0.13097 1.0272
0.266425 0.108124 0.789668
0.270015 0.158893 0.830687
0.280863 0.141309 0.738726
0.27672 0.163527 0.794043
0.243923 -0.0758281 0.770817
0.287691 -0.0373143 1.11314
0.310079 -0.163968 1.2613
0.25794 0.0280985 1.18719
0.285552 -0.0722113 0.751289
0.277475 -0.146378 1.33743
0.295709 -0.00144374 1.12043
0.282658 0.0571214 0.840462
0.282282 0.0587295 0.883589
0.297858 0.0282956 0.868497
0.296093 0.0277031 0.928056
0.231414 -0.108479 1.30989
0.287426 0.0332761 1.08437
0.295537 -0.103222 0.741421
0.270074 0.0734224 0.703149
0.272487 0.129473 0.685645
0.538001 -0.0159837 0.791435
0.274135 0.161466 1.30714
0.266799 0.16329 0.937497
-0.0302529 0.194933 0.975288
-0.672025 -0.0754069 1.89076
-0.644578 -0.177969 1.15234
-0.656687 -0.268153 1.44185
-0.667608 -0.0910681 1.63053
-0.704542 -0.0766273 1.58573
-0.661662 -0.110161 0.927596
-0.654732 -0.00580547 0.92182
-0.659335 -0.00130033 1.02597
0.269858 0.0807494 0.729048
0.311079 -0.124759 0.814431
0.310919 0.0349021 1.11959
0.266579 0.124002 0.974376
0.281216 -0.0652379 1.04973
0.265214 0.16232 0.839276
0.306672 -0.071443 0.767361
0.298236 -0.106589 0.712905
0.301193 -0.111393 0.768042
0.300515 0.0444248 0.504754
0.29516 0.090338 0.548607
0.273254 0.0672104 0.699262
0.318644 0.0302591 0.68045
0.274921 0.130681 0.694229
0.2739 0.0978244 0.695778
0.308748 -0.0914243 0.716294
0.124816 0.194525 0.987463
-0.0798619 0.0143529 0.299583
-0.636571 0.01967 1.04045
-0.703466 -0.216119 1.35812
-0.633226 -0.236292 1.56093
-0.648896 -0.255129 1.38334
-0.634314 -0.0347292 1.14126
-0.664837 -0.0914957 1.62135
-0.641173 -0.00746971 0.904542
0.295876 -0.0697481 0.7428
0.285529 0.0336066 1.07396
0.277726 0.0575444 0.87145
0.282522 -0.00214863 1.07502
0.294633 -0.0955939 0.732087
0.295488 -0.103472 0.741976
0.296987 0.0434751 0.500203
0.280386 0.060035 0.683781
0.256636 0.0771211 0.699644
0.268439 0.12741 0.678467
0.27596 -0.0697555 0.728197
0.331286 -0.0678393 0.730736
0.242099 0.148078 0.773723
0.264951 0.137985 0.887259
0.27407 -0.0864486 1.00186
0.243899 -0.0447422 0.732224
-0.0852203 0.0265654 0.26258
-0.636285 0.0189749 1.03742
-0.655075 -0.178105 1.22364
-0.657722 -0.0912902 1.60505
-0.67016 -0.183659 1.19657
-0.645384 -0.0071203 0.910065
0.301372 -0.104373 0.737304
0.313523 0.0350208 1.12578
0.28129 -0.00184685 1.07488
-0.665757 -0.24929 1.63
-0.650139 -0.0763645 1.26668
0.32501 -0.0681832 0.717994
0.3817 -0.0916096 0.762216
0.308655 -0.0912616 0.71559
0.299473 0.043748 0.503594
0.286866 0.0635558 0.831363
0.233915 -0.0727867 0.743699
-0.0848907 0.0264748 0.261252
0.289589 0.0622794 0.70454
0.30319 0.0293816 0.646365
0.326255 -0.0689858 0.723058
-0.629121 -0.0863641 1.53507
-0.694079 -0.0592588 1.56787
0.291531 0.0644124 0.844787
0.272858 0.118589 0.71569
0.27658 0.0922714 0.745305
-0.0841179 0.0315746 0.380214
0.277451 -0.00219623 1.06063
0.269426 0.0446227 0.749101
-0.608298 -0.026723 1.22253
0.287029 -0.0658422 1.01688
0.296828 0.0243882 0.573915
0.275765 0.0929791 0.743615
0.271513 0.110981 0.792888
0.272099 0.0609754 0.916459
0.24492 -0.0447104 0.738473
-0.0850259 0.0222537 0.36732
0.282825 -0.00286188 1.07935
0.323862 -0.0695734 0.71773
0.287811 0.0620634 0.701262
0.293708 0.0274885 0.545763
0.26161 0.0433882 0.729468
0.280712 0.0184274 0.573027
0.272099 0.0609754 0.916459
0.307241 -0.0170583 0.929131
0.274691 0.0222693 1.08649
-0.644551 -0.0722557 1.15306
-0.710621 -0.0689797 1.59104
-0.118981 0.021816 0.324799
-0.0880225 0.0328012 0.389528
0.251095 0.107193 0.94611
0.316143 -0.0675573 0.699755
0.270727 0.0916906 0.733238
