0.219463 -0.0743742 2.42362
0.455785 -0.470062 5.00079
0.538062 -0.578245 5.20562
-0.198261 0.230255 2.53327
0.186294 0.129258 2.62112
0.192865 -0.135326 3.31757
-0.993177 -0.621526 6.20324
0.223977 -0.0657908 2.51258
0.217788 -0.0578327 2.85239
0.232882 0.0608563 2.84406
0.134131 -0.434521 6.72844
-0.224417 -0.269632 6.36208
0.551106 -0.584582 5.29864
0.416121 -0.50624 5.01243
0.220489 0.161019 3.03873
0.218707 0.155465 3.20032
0.542423 -0.0464944 2.735
-0.427396 0.25475 2.88555
0.225739 -0.0426428 3.29669
0.207872 0.154121 4.53328
0.31636 0.0254687 4.54814
0.199184 0.193875 2.55309
0.180767 0.267357 4.55321
0.40412 0.0274002 4.65836
-0.0732237 0.0430223 5.57929
0.127931 -0.15421 4.87334
0.23998 0.287901 4.66995
0.233428 0.186797 4.3968
0.147279 0.207523 2.83088
0.227838 0.129368 2.33881
0.725336 0.223422 2.94457
0.185609 0.165444 4.75068
0.121913 0.180545 4.98527
-0.251292 0.280042 6.68658
-0.256675 0.155763 6.53384
-0.0799807 0.329438 5.52005
0.227598 0.193534 2.85085
0.214564 -0.00984724 2.90487
0.209133 -0.0212846 2.98356
0.0289315 0.285815 4.5389
-0.0153146 -0.113619 5.55555
-0.262245 -0.00555941 6.51919
-0.382553 -0.0963593 6.70996
-0.296675 -0.275631 6.62176
-0.446664 -0.296899 6.94722
-0.845522 -0.255442 6.39378
-0.813056 -0.394646 5.87306
-1.00303 -0.419539 4.8345
-1.05773 -0.622598 6.37293
-0.0342769 0.226944 5.68562
0.23682 0.177687 2.39158
0.218714 0.0823362 2.55841
0.234008 0.127962 2.50867
0.236287 0.18818 2.42573
0.237711 0.22185 3.31255
0.0972382 0.225194 2.89198
0.212694 -0.046909 2.88308
0.210297 0.0540143 2.9698
0.233317 0.0611073 2.84426
0.229217 -0.036468 2.84214
0.325547 -0.30691 4.69309
0.448491 -0.691369 7.25774
0.232935 -0.0132141 4.4638
0.348654 -0.00681262 4.48594
-0.337651 0.240905 2.58155
-0.0294609 -0.609919 6.79671
-0.100087 -0.0299467 5.69726
-0.626687 -0.00436197 2.52638
-0.723653 -0.440468 5.97506
-0.931112 -0.535224 6.24115
-0.292696 0.238957 2.60638
0.19008 0.157818 2.55023
-0.598288 0.128734 3.11398
0.182436 -0.15475 4.71507
0.115922 0.237966 3.35354
0.216542 -0.0589061 2.74757
0.220531 0.123199 4.69961
0.381773 0.12682 4.51725
0.217988 0.192346 3.0306
0.228553 0.173928 4.54667
-0.158794 0.060322 5.72453
-0.645709 0.0430289 7.67058
0.230534 0.200333 2.94505
0.16813 0.257739 4.49155
0.0174629 0.259789 3.85155
0.171635 0.192825 4.39952
0.147255 -0.0973658 3.25816
0.203322 -0.123035 3.42757
-0.325716 -0.385458 6.6225
0.181185 0.0206544 4.75309
0.168925 -0.131802 4.68301
0.111121 -0.144655 5.23044
0.191493 0.0731473 2.56368
-0.378739 0.17681 6.88942
0.176306 -0.119418 2.70338
0.180305 0.161954 4.6819
0.118723 0.180737 4.98867
0.0195783 -0.129458 5.31158
-0.0140747 -0.117323 5.50485
-0.275798 -0.122173 6.63944
-0.393226 -0.101086 6.89763
0.232531 0.193766 2.86666
0.209661 -0.00888659 2.88997
-0.663128 0.217535 7.70159
-0.866268 -0.236555 4.28467
-0.938474 -0.356459 4.68793
-0.981209 -0.486156 6.21862
-0.892877 -0.319907 7.00123
-0.808089 -0.215808 5.86811
-0.786022 -0.385489 6.04195
-0.0384007 0.213179 5.53933
-0.0312854 0.087403 5.60129
0.233624 0.177211 2.38542
0.224024 0.0823874 2.56692
0.235304 0.169827 2.47741
0.153244 -0.0305304 2.26539
0.236023 0.0374088 2.41962
0.226636 0.0414197 2.31474
0.136539 0.203244 2.79585
0.0821429 0.241575 3.33477
0.228025 0.218085 3.27695
0.220191 0.132234 3.25566
0.221624 -0.0590051 2.86335
0.238269 0.0771342 3.12445
0.338485 -0.31709 4.78417
0.396301 -0.507587 4.98884
0.229449 -0.459259 5.56036
0.444255 -0.533196 5.17663
0.20677 0.00809032 4.61859
0.354015 -0.00680639 4.52515
-0.258649 0.237727 2.57815
-0.323906 0.244885 2.74263
-0.337004 0.240374 2.57777
-0.61496 -0.265987 6.15663
-0.383762 -0.592904 6.76822
-0.0553491 -0.184136 5.52304
-0.0562264 -0.772207 6.9661
-0.134242 -0.0418953 5.71465
-0.935265 -0.241822 4.28081
-0.91611 -0.367382 5.94198
-0.62634 0.0347192 2.67868
-0.621747 0.00451561 2.44451
0.18059 -0.15649 4.75269
0.153703 0.210146 2.85516
0.198621 0.190485 2.55178
0.192883 0.158732 2.55936
0.227324 -0.0399227 2.6284
0.229547 -0.0573707 2.65176
0.225094 -0.0541914 2.66575
-0.824829 -0.221903 4.07721
-0.919139 -0.26109 4.28397
0.212594 -0.054489 3.28973
0.235069 0.128172 2.51314
0.172489 -0.117801 2.69626
0.248454 -0.105293 4.49102
0.17863 0.248069 4.20987
0.135282 0.267211 3.43923
0.19443 0.16322 2.62638
-0.285879 -0.122533 6.70253
-0.395251 -0.0968087 6.82014
0.384259 0.146506 4.6283
0.337178 0.0833653 4.28092
-0.00432887 -0.123892 5.74579
-0.259058 0.150363 6.33576
-0.392658 0.180434 6.96248
0.166156 -0.104852 3.33515
0.198291 0.190284 2.63823
0.224247 -0.060451 2.77504
0.191144 0.109665 2.59075
0.192648 0.0721549 2.56156
-0.828178 -0.223552 6.02981
-0.744932 -0.319468 5.37068
-0.927788 -0.342107 4.72329
-0.337392 -0.393593 6.83359
-0.423888 -0.420095 7.42349
-0.517524 0.283183 7.33126
-0.887589 -0.356538 5.75313
-0.979889 -0.549832 6.07262
-1.07448 -0.559148 6.15178
0.0282558 0.182755 4.9481
0.231304 0.128884 2.38766
0.235858 0.128479 2.34201
0.223488 0.0815497 2.56625
0.227012 0.188089 2.50729
0.230833 0.140501 2.41602
0.234644 -0.071149 2.43117
0.221391 -0.0817466 2.42835
0.230759 0.19474 3.09092
0.092577 0.216334 2.64532
0.090053 0.246884 3.39194
0.189992 0.198936 4.55197
0.229542 0.135739 3.29274
0.0699666 0.216342 2.8125
0.223727 -0.0519799 3.05038
0.232475 0.0539035 3.04515
0.223275 -0.0278346 2.68145
0.214371 -0.163872 3.31184
0.392605 -0.502133 4.98324
0.360813 -0.0057551 4.53851
-0.561967 0.26946 3.16787
-0.434672 0.267677 3.16319
-0.384839 -0.602403 6.77301
0.146149 -0.444425 6.83079
-0.221623 -0.276359 6.40745
-0.0575577 -0.786176 7.06908
-0.0706547 0.0491765 5.58191
-0.628127 -0.00546026 3.16342
-0.624362 0.0344972 2.67256
-0.623219 0.00467985 2.44811
-0.622088 0.100207 2.44912
0.18968 0.159167 4.7454
0.106378 0.174878 4.87427
-0.924936 -0.264971 4.31983
-0.941482 -0.242501 4.29371
0.222237 -0.0436063 3.27827
-0.371962 0.256649 2.90334
0.246893 0.129227 2.52472
0.235508 0.128094 2.51554
-0.710778 -0.431628 5.83852
-0.764413 -0.374298 5.88946
0.227544 -0.0408081 2.62877
0.224615 -0.056158 2.6386
0.176682 -0.15428 4.71594
0.116546 -0.149886 4.86805
0.211306 0.123678 4.63089
0.215537 -0.05097 2.69533
0.217379 -0.0591437 2.75356
0.187177 -0.0934638 3.29947
0.235059 0.17797 2.84909
-0.0464057 0.274414 5.44395
0.193375 0.0735152 2.56966
0.249081 0.190172 4.50338
0.0633682 0.210348 5.48844
0.253612 0.00194584 4.2247
0.229301 -0.0132558 4.4632
0.247817 -0.1037 4.47598
0.20858 0.197129 2.6444
0.197641 0.163794 2.63447
0.223677 0.157721 3.24032
0.229964 0.138724 3.29467
-0.0214257 -0.105247 5.48338
-0.95023 -0.433344 6.65363
-0.309979 -0.291302 6.5781
-0.550393 -0.307109 7.56013
-0.32472 -0.4349 6.72857
0.22772 -0.0138671 2.94546
0.224744 -0.0207679 3.03386
0.0336747 0.264551 4.4096
-0.93598 -0.38492 6.0756
-1.00298 -0.502579 6.35529
-1.08031 -0.486659 6.27656
-0.618884 0.127137 3.15788
0.0553296 0.208039 2.75348
-0.592824 -0.0208827 2.66801
0.224405 -0.0639074 2.33629
-0.475918 0.245914 2.9319
-0.621715 0.00451941 2.44711
0.22952 0.0395892 2.32019
0.233756 0.0380664 2.41301
0.227524 0.0199255 2.40873
0.230459 0.0649647 2.82455
-0.288267 0.237636 2.67213
0.192684 0.156877 2.55728
0.225383 0.1875 2.50523
0.227224 0.130571 2.44507
0.2428 0.179965 2.40012
0.225275 0.179276 3.31044
-0.43208 0.261904 2.93943
0.173528 0.255424 4.52771
0.325707 -0.312065 4.73101
0.227923 -0.470647 5.58207
0.221767 -0.162527 3.20744
0.103783 0.201572 2.5501
0.183408 0.110245 2.59372
0.352215 0.139227 4.43468
0.320507 -0.0033562 4.34236
0.168434 -0.100331 2.67072
-0.627878 -0.274392 6.28598
-0.385953 -0.596808 6.73601
0.213722 0.08004 2.54666
0.222814 0.0702125 3.00488
0.226522 0.0750159 3.07887
0.178449 0.024244 4.71318
-0.292433 -0.117175 6.6537
-0.646065 0.0522529 7.6617
-0.184186 0.216895 2.51391
-0.435251 0.267664 3.15964
-0.971081 -0.427325 7.8242
-0.402193 0.00577579 6.89587
-0.27481 0.160409 6.60899
-0.608712 0.224352 2.64384
0.0268727 0.25255 4.22407
0.457479 -0.00907734 4.46091
0.24359 0.129733 2.51829
0.240061 0.126462 2.5241
0.222838 -0.0473174 2.83759
0.222691 -0.0481036 2.90955
0.200464 0.269572 4.52673
0.26027 0.188664 4.59921
0.174949 -0.113885 3.28267
-0.557224 0.308594 7.27857
-0.911006 -0.383986 5.96941
-0.952165 -0.46406 6.15027
-1.05126 -0.4829 6.13679
0.225121 0.17541 2.82386
-0.322367 -0.379338 7.57349
-0.370084 -0.378166 6.52092
0.2083 0.112892 2.62635
0.122102 0.10724 5.7396
-0.00818468 0.0711716 4.77174
-0.562257 -0.00190619 2.8486
0.234187 0.190194 2.52566
0.0695166 0.215036 2.79571
-0.619961 0.18992 2.69389
0.227933 0.0396326 2.31796
0.234706 0.0521126 2.76571
-0.582978 0.268223 3.17099
0.2343 0.0383706 2.41272
0.15261 0.212436 2.86626
0.225582 -0.0488591 2.66215
0.0316466 -0.133023 5.24111
0.219638 -0.0462835 2.97565
0.176231 -0.137594 3.14757
0.235616 0.122145 3.32192
0.171383 -0.153266 4.70347
0.432668 -0.673625 7.11877
0.219545 0.125868 2.31689
0.246694 0.341879 4.2188
0.185219 0.252723 4.67811
-0.365682 0.243893 2.82314
0.226048 0.0710623 3.01873
0.228168 -0.0404033 3.12253
-0.383762 -0.592904 6.76822
0.195977 0.121466 4.55277
0.186169 0.159328 4.7126
0.237619 -0.0112311 4.55612
0.1204 0.0216162 4.99499
-0.0599327 0.065656 5.66982
0.0316466 -0.133023 5.24111
-0.128164 -0.0460445 5.59981
0.22452 0.0801093 2.56868
-0.620381 0.054485 7.33555
-0.571211 0.122465 2.97473
-0.29054 0.238965 2.64087
0.0181257 0.17287 5.03009
0.197857 0.103116 2.62645
0.210242 0.0216186 4.70007
-0.878202 -0.235569 6.3873
0.219747 -0.0454005 2.98102
-0.660691 0.17245 7.78247
0.18458 0.2638 4.42436
0.23438 0.175561 4.42767
-0.354084 -0.209714 6.72405
-0.396942 -0.281947 6.60846
0.224752 -0.0470679 2.8359
0.224655 -0.0457722 2.92091
0.189497 0.119085 2.59031
0.236617 0.0389709 2.41452
-0.780261 -0.200566 4.34619
-0.617518 0.00509253 2.43393
0.231587 0.18955 2.523
0.243612 0.136596 2.54404
-0.291042 0.238295 2.63643
-0.426709 0.234889 2.81497
-0.585552 0.271157 3.18925
0.234324 0.0395369 2.32953
0.228274 0.0318063 2.33064
0.0817336 0.22207 2.84822
0.295608 0.18016 3.51021
-0.215921 -0.278042 6.35535
0.0894541 0.219769 2.63183
0.147324 0.211781 2.85401
0.230144 -0.0602471 2.62044
0.172693 -0.155277 4.74575
0.262517 0.19023 2.93592
0.204395 0.191616 2.56564
0.197945 0.158762 2.57435
0.224571 -0.0212176 2.94641
-0.363525 0.250445 2.76585
-0.379062 0.257806 2.90404
-0.422101 0.252584 2.88821
0.234384 0.182537 3.35824
0.217394 -0.0424522 3.30101
0.218745 -0.0501486 2.7071
0.373098 0.145272 4.53351
0.00642776 0.229564 4.83297
-0.0517413 0.249865 5.21653
0.182272 0.256454 4.71601
0.190375 0.155394 4.70894
-0.00991526 0.0486646 5.32458
-0.733866 -0.0740016 4.88164
-0.281731 0.163015 6.49411
-0.295586 -0.0424497 6.72734
-0.562257 -0.00190619 2.8486
-0.590863 -0.0212482 2.66917
0.234295 -0.0592002 2.41926
0.199169 0.0740046 2.57295
-0.287577 -0.0723135 6.47817
-0.373308 -0.0194938 5.6964
0.228417 0.0653611 2.69522
0.238783 0.189124 2.53861
0.229866 0.196273 2.90769
0.224592 0.0355748 2.31879
0.227458 0.0319626 2.3288
0.22 0.147171 2.71905
0.245518 0.0628386 2.86262
0.250304 -0.0991326 4.45571
0.162871 -0.151065 4.67179
-0.608984 0.221429 2.64288
0.133397 0.209283 2.83296
0.0774521 0.220012 2.82692
0.224088 0.0422112 3.05106
0.215255 -0.0105366 3.01767
0.241578 0.0865658 2.57477
0.0237297 -0.126273 5.07316
-0.255369 -0.293801 6.33037
0.216004 -0.07668 3.36149
-0.381404 0.25801 3.41314
0.125759 0.0143555 3.38972
0.198081 0.187798 2.54985
0.194544 0.157078 2.57123
0.227587 -0.0456969 2.63486
0.225581 -0.068206 2.69752
-0.379534 0.25942 2.89125
-0.426827 0.257738 2.93758
-0.420788 0.252926 2.89611
-0.0844202 0.321034 5.81848
0.216691 -0.0449884 2.97399
0.243716 -0.0486414 3.35563
0.171293 0.121943 4.46003
0.0303445 0.0678815 4.34673
0.139136 0.0188594 5.10381
-0.378102 -0.173856 6.1319
-0.571147 -0.313823 7.5182
-0.333052 -0.416052 6.2894
0.183398 0.114674 2.58257
0.194619 -0.0415676 2.64938
0.0778238 0.16152 4.70617
-0.774457 -0.200545 5.61799
-0.774457 -0.200545 5.61799
-0.720463 -0.33426 5.56227
-0.875078 -0.386834 5.78854
-0.612832 -0.00509458 3.10216
-0.595783 -0.0214358 2.69537
0.2343 0.0383706 2.41272
