0.225492 0.053999 3.01375
0.248962 0.0771469 3.15428
0.215532 -0.0575918 2.84483
0.140061 -0.249055 4.55651
0.211786 -0.0471931 3.09641
0.191606 0.0742164 2.56476
0.225342 0.0713587 2.6787
0.237245 0.210518 3.02099
-0.224258 -0.269397 6.36309
0.195273 -0.135686 3.32574
0.227914 0.195118 2.84935
-1.0491 -0.615942 6.3142
0.234015 0.284378 4.62078
0.228066 0.133844 2.51341
0.227202 0.0427161 2.31469
0.232484 0.0611121 2.84007
0.220687 -0.0356239 2.82258
0.866321 -0.939553 7.37208
0.450295 -0.694299 7.28018
0.135332 -0.436855 6.75727
0.182695 -0.154965 4.71662
-0.198728 0.227771 2.52015
-0.442744 -0.293737 6.87265
0.21036 -0.0212397 2.98556
0.39663 -0.508083 4.99207
0.382523 -0.492401 5.02368
-0.257201 0.155883 6.54872
0.227176 0.193286 2.84792
0.249104 0.201623 3.02699
0.221251 0.0541823 3.00147
0.232296 0.130246 2.36594
0.230074 -0.0645959 2.41921
0.22103 -0.0744308 2.42477
0.190625 0.0736628 2.56274
0.212701 0.11989 2.565
0.228899 0.133645 3.28891
0.22816 0.174892 2.81885
0.208287 0.154263 4.53449
0.1819 0.164116 4.71409
0.180949 0.0121695 4.7461
0.221597 -0.0101448 2.9226
-0.0796115 0.330249 5.53585
0.0282223 0.284845 4.52584
0.153962 0.211105 2.84964
-0.261917 -0.00538799 6.52043
-0.385063 -0.0975882 6.76169
0.194287 0.0994323 2.62138
0.233807 0.0712983 2.69681
-0.431676 0.260165 2.91687
0.232893 0.141417 2.4186
-0.296826 -0.276079 6.63184
-0.34417 -0.484032 6.64202
0.185173 0.269267 4.58928
0.223198 0.194046 3.04788
-0.100231 -0.0298639 5.71958
0.0888585 0.219848 2.85738
0.127806 -0.154018 4.86851
-0.940823 -0.358221 4.69899
-0.865508 -0.366858 6.1932
0.122799 0.180903 4.99477
0.121958 0.0194995 5.21986
0.230378 -0.200053 3.14521
0.235549 0.177893 2.38766
0.221422 0.0822092 2.56253
0.231495 0.128314 2.50283
0.199175 0.194367 2.55267
0.227687 -0.0675188 2.33565
0.234531 0.0371909 2.41682
0.222064 -0.0541367 2.66015
0.225745 -0.066081 2.51499
0.241552 0.222871 3.32421
0.235792 0.0611973 2.85013
0.231141 -0.0298294 2.69445
0.228825 -0.0369496 2.8399
0.319753 -0.303232 4.65479
0.198359 -0.121237 3.3989
0.537114 -0.573227 5.21683
0.158194 -0.146942 4.7431
-0.516455 0.271779 3.44136
-0.56991 0.261193 3.10911
-0.443628 0.270792 3.15816
-0.336921 0.240383 2.57695
0.127827 -0.421762 6.6122
-0.605685 0.186788 2.6463
-0.621088 0.0109673 2.58897
0.349577 -0.0069238 4.4901
0.232847 -0.0130194 4.46078
-0.369619 0.255755 2.89501
0.236141 -0.0654165 2.42856
0.224546 0.05278 3.01648
0.234868 0.177116 2.38636
0.233902 0.187695 2.42029
-0.250956 0.279447 6.67956
-0.158317 0.0596464 5.72567
-0.260065 0.151192 6.36499
0.0896862 0.2108 2.48441
0.117685 0.208689 2.59303
-0.486886 -0.0579489 7.22304
-0.647905 0.0430221 7.69692
-0.55907 -0.306707 7.85635
0.222718 -0.0420238 3.28127
0.22497 0.15744 3.222
0.234727 0.128294 2.5087
0.179869 0.162078 4.679
0.241103 0.207849 2.928
0.208143 -0.16102 3.28407
0.196295 0.159263 2.56231
0.240286 0.211251 3.02917
0.194721 0.0990315 2.62238
0.193704 0.0733546 2.56735
0.176128 -0.119356 2.70123
-0.134386 -0.0423416 5.7245
-0.0155899 -0.113326 5.53118
-0.221756 -0.276732 6.41616
0.229574 0.192781 2.85644
0.0161096 0.273261 4.50272
-0.665828 0.218384 7.73347
0.223246 -0.0110957 2.92861
-0.858385 -0.23392 4.24786
-0.947307 -0.348507 4.81088
-0.785125 -0.38497 6.03352
-0.379081 0.0147579 6.90771
-0.276112 -0.122542 6.64731
0.228968 0.175224 4.54905
-0.0340138 0.22679 5.68567
-0.0733158 0.0427352 5.57065
0.0839422 0.0143749 5.1182
0.0205848 -0.12889 5.32039
-0.831019 -0.224351 6.05154
-0.917612 -0.368548 5.95392
-0.888352 -0.38016 4.73801
-0.813752 -0.395077 5.8756
-0.979464 -0.485492 6.20885
-0.92637 -0.532154 6.20875
-0.996145 -0.559414 6.17093
0.116889 0.179759 4.96334
0.23504 0.141862 2.42196
0.226587 0.0824556 2.57114
0.200099 0.194189 2.5537
0.227032 -0.0644381 2.3397
0.236517 0.0374323 2.41912
0.22918 0.0415076 2.31747
0.148496 0.207765 2.83287
0.0844313 0.242715 3.34672
0.230326 0.185414 4.37236
0.227895 0.218111 3.27596
0.21762 -0.0477894 2.89654
0.337077 -0.316102 4.77218
0.157415 -0.101158 3.30057
0.381685 0.126519 4.51534
0.2034 0.00759212 4.58201
0.0216372 0.263294 3.89172
-0.336487 0.238478 2.56866
-0.321016 0.239308 2.71059
-0.379515 -0.585626 6.68508
-0.0560575 -0.184329 5.52998
-0.0561035 -0.772331 6.96666
-0.725047 -0.441414 5.98561
-0.928708 -0.239656 4.25249
-0.617818 -0.00426282 3.12972
-0.62262 -0.00432457 2.5155
-0.620696 0.0113325 2.58789
-0.616463 0.0345554 2.64917
0.221453 -0.058829 2.86104
0.353799 -0.00658104 4.52213
0.24459 -0.102306 4.44906
0.0718297 0.210059 2.82197
-0.574361 0.0656419 3.06147
0.193469 0.158863 2.5593
0.108049 0.211302 2.74538
0.152092 0.20964 2.84865
-0.422946 -0.419228 7.40214
0.227574 -0.013918 2.94333
0.219041 -0.0469926 2.89999
-0.611567 -0.264446 6.12031
-0.894004 -0.318925 7.01582
-0.750509 -0.326211 6.09207
0.227626 0.193694 3.0783
-0.00498168 -0.122331 5.68117
0.237327 -0.0716675 2.43646
0.2364 -0.0591381 3.38242
0.203637 -0.0252507 3.01832
0.228851 0.135396 3.28801
0.192488 0.141076 2.59752
0.189031 0.0730389 2.55748
-0.325442 -0.385057 6.61243
-0.517238 0.282651 7.32264
-0.605751 0.185929 7.21897
0.194841 0.0394047 4.77559
0.205637 0.268894 4.52835
0.168805 0.258184 4.49532
0.181538 0.260222 4.59199
0.220703 -0.0269914 2.67354
0.223131 -0.0599521 2.76249
-0.815643 -0.218147 5.9249
0.342658 0.0840145 4.31032
-1.06733 -0.554946 6.11138
0.196542 0.189637 2.63154
-0.0376916 0.214508 5.56477
-0.0318593 0.0871162 5.57825
-0.0706461 0.0505911 5.54202
-0.763871 -0.329242 5.52369
-0.895966 -0.360592 5.80948
0.0350858 0.185738 5.02561
0.23606 0.177774 2.38839
0.223734 0.0817533 2.56523
0.2341 0.128253 2.50959
0.198157 0.190908 2.54935
0.235039 0.169605 2.47539
0.229996 0.0289335 2.33007
0.224954 0.0697794 2.67959
0.110519 0.235206 3.3219
0.0699179 0.219333 2.95555
0.228685 -0.0527981 3.06426
0.226978 0.0537598 3.02388
0.231522 0.053999 2.75291
0.201138 0.0603889 2.76518
0.180219 -0.156333 4.74509
-0.182177 0.260357 3.35376
-0.36343 0.242871 2.82149
-0.385646 -0.596514 6.72947
-0.0571015 -0.784865 7.05493
-0.281833 -0.00409989 6.45974
-0.572636 0.261186 3.11769
-0.600724 0.211466 2.92725
-0.833386 -0.131431 4.00112
-0.914361 -0.259583 4.26245
-0.617944 0.012157 2.58235
-0.616355 0.0925543 2.65451
-0.615646 0.0345797 2.64617
0.217951 0.0805006 2.55498
-0.609881 0.125098 3.11545
0.360515 -0.00525686 4.53642
0.229009 -0.0128442 4.45764
-0.554455 -0.309406 7.62818
0.233893 0.128777 2.39045
0.230242 -0.0448043 3.31369
-0.310967 -0.292692 6.59661
-0.323809 -0.433935 6.70799
0.199179 0.0136944 4.57409
-1.05645 -0.475046 6.14033
-0.909625 -0.31355 4.90358
-0.393445 0.181062 6.97808
0.0705741 0.216561 2.81303
0.195569 0.158131 2.56359
0.228397 0.179467 3.32138
0.228126 0.138495 3.28519
0.0310674 0.261884 4.37195
0.00981623 0.283922 4.58596
0.200377 0.0734685 2.57719
0.198564 0.163625 2.63429
-1.00572 -0.358425 6.30191
-0.128324 -0.0459207 5.62957
-0.0528026 -0.0938306 5.47156
0.227757 -0.0260974 2.68859
0.231495 -0.0426024 2.77093
0.216305 -0.0506668 2.69577
-0.963978 -0.44029 6.76102
-0.937926 -0.386361 6.09139
-0.923879 -0.527651 6.18639
-0.0464307 0.274622 5.44074
0.228121 0.161218 4.79241
0.185794 0.158063 4.70577
0.111205 0.177128 4.93532
0.0628104 0.209559 5.4572
0.0760809 0.0549957 4.71379
0.231057 0.140483 2.41491
0.23095 0.127598 2.3328
0.240157 0.127776 2.51004
0.23175 0.189687 2.51583
0.228675 0.130759 2.44623
0.923778 -0.143481 3.07108
0.230059 0.0396936 2.31961
0.229961 0.0303643 2.33123
0.226817 -0.0546794 2.66894
0.219127 0.158294 3.17561
0.23134 0.17696 2.83593
0.0858651 0.243429 3.35755
0.249751 0.190114 4.50642
0.221809 0.19817 3.2659
0.170639 -0.1014 2.68342
0.223388 -0.0201016 3.02693
0.234018 0.0640938 2.83724
0.22855 -0.0110672 2.68857
0.179634 -0.155671 4.7497
0.320505 -0.307772 4.6899
0.166023 -0.104843 3.33287
0.368851 0.143119 4.53786
-0.334983 0.25743 3.22086
-0.163693 0.226726 2.59076
-0.391541 0.297223 3.5806
-0.480592 0.249284 2.95427
-0.367733 0.248644 2.85206
-0.38342 -0.599865 6.7465
0.115528 -0.148592 4.83561
-0.274736 0.16029 6.60436
-0.397735 -0.0973293 6.86649
-0.623854 -0.272438 6.24374
-0.769005 -0.376754 5.92476
-0.627033 -0.00532792 3.15803
-0.619216 0.0910357 2.52272
-0.591119 -0.0206868 2.6612
-0.583627 0.269329 3.16726
-0.287884 0.2389 2.67668
0.23088 -0.0325923 2.70037
0.220695 -0.0420788 2.744
0.220691 -0.0598323 2.76118
0.340842 -0.00464644 4.4459
0.240197 -0.0111218 4.58002
0.0319255 0.258153 4.30071
0.223905 0.157715 3.23931
0.23168 0.121498 3.30496
0.0182546 0.1732 5.02601
0.119596 0.107403 5.72707
0.194269 0.112428 2.61771
-0.326084 -0.37943 7.61962
-0.973562 -0.427661 7.82469
0.234397 0.127891 2.51156
0.171075 -0.111115 3.27326
-0.428727 0.258054 2.91212
-0.469447 0.244396 2.92797
-0.912286 -0.385333 5.98262
-0.960544 -0.463205 6.21486
0.198875 0.268707 4.51303
0.181272 0.254989 4.70503
-0.510943 -0.0177206 4.00526
0.189477 0.13851 2.59333
0.187716 0.10443 2.56012
0.189317 0.108998 2.58373
0.234283 -0.0588017 2.41753
-0.6247 0.0116123 2.59856
0.234267 0.0380407 2.41304
0.230625 0.189253 2.51504
0.150648 0.211434 2.85695
0.171971 -0.153791 4.7105
0.442197 -0.686546 7.22999
0.241671 0.185459 2.93273
0.234235 0.0523363 2.76227
0.198779 0.0601175 2.75942
-1.04562 -0.480099 6.1037
0.0702605 0.216219 2.80994
0.230461 0.0396978 2.32091
0.226814 -0.0498667 2.66487
-0.363357 0.25095 2.76726
0.222056 -0.0464139 2.98277
0.227877 0.0751202 3.08221
0.229326 -0.0399052 3.12526
0.032574 -0.134136 5.28571
-0.0192178 -0.598804 6.55239
0.227918 0.176777 2.83064
-0.0973233 0.29513 5.29824
0.221758 -0.0472139 2.83251
0.470252 -0.00950359 4.51697
0.174548 0.298253 3.82227
0.239984 0.177455 4.47024
0.116947 0.0211079 4.94725
-0.379515 -0.585626 6.68508
0.361633 0.141318 4.48242
0.187399 0.160493 4.72323
0.179044 0.0243681 4.71991
0.195163 0.192395 2.61173
0.194397 0.162807 2.62425
-0.292853 -0.117445 6.66517
-0.407367 0.00777448 6.98669
-0.708087 -0.42982 5.81667
-0.580884 0.267019 3.16004
-0.894229 -0.395275 5.9127
0.238918 -0.00580145 4.56441
-0.35339 -0.209592 6.70978
-0.216025 -0.278592 6.36543
0.240231 0.128709 2.51014
0.217486 -0.0423944 3.29979
-0.877477 -0.235684 6.38093
0.181841 0.262039 4.40102
0.186627 0.255326 4.68956
0.203121 0.141264 2.62211
0.209677 0.11307 2.62776
-0.759736 -0.194235 4.23225
0.233207 0.039787 2.32591
-0.589184 -0.0210884 2.66208
0.23311 0.189911 2.52183
0.232507 0.131855 2.5162
0.250601 -0.0990222 4.45461
0.170264 -0.154181 4.71386
0.131302 -0.2243 4.40269
0.154433 0.215247 2.87752
0.234741 0.0383812 2.41229
-0.366789 0.245858 2.83599
-0.433383 0.265645 3.14265
0.200559 0.190409 2.55511
0.197447 0.158447 2.57129
-0.608261 0.223839 2.64125
-0.614074 0.187711 2.67218
-0.629706 0.191822 2.64755
0.39534 0.15536 2.4828
0.032574 -0.134136 5.28571
0.223648 0.0711034 3.00807
0.257938 0.0789301 3.17199
0.225045 -0.0213928 2.94687
0.237692 0.0856775 2.56333
0.0792361 0.220875 2.83553
0.215744 -0.050751 3.03835
0.228932 -0.0598943 2.61498
0.179293 -0.115141 3.30477
0.280717 0.175216 3.4459
-0.423093 0.254079 2.89602
-0.557543 0.266553 3.15144
0.00332198 0.227103 4.78304
-0.05072 0.254188 5.26764
0.262223 0.189127 4.61321
0.221807 -0.0479547 2.90467
0.218152 -0.06443 2.67526
-0.394587 0.283062 3.62799
0.374991 0.144164 4.54314
-0.3338 -0.417286 6.30627
0.221916 0.0794779 2.56094
0.0838144 0.163671 4.78551
-0.0100278 0.0483642 5.31276
-0.282588 0.163227 6.50931
-0.401897 0.193195 7.10485
-0.296157 -0.0412002 6.76631
-0.583284 0.270226 3.17816
-0.170923 0.250892 4.4568
-0.719572 -0.333941 5.55552
0.294821 0.186134 3.42354
-0.538042 0.258557 3.07463
0.229463 0.0657406 2.69666
0.227371 0.0317899 2.32724
-0.379032 0.258792 2.90864
0.212197 0.134691 2.35044
0.192307 0.058219 2.67127
0.242862 0.062895 2.85303
0.237184 0.0389411 2.41471
0.111504 -0.150061 4.92946
-0.596896 -0.00453441 3.02887
-0.609289 0.221479 2.6437
0.220778 0.192914 2.87808
0.125095 0.204674 2.79922
0.201437 0.189489 2.55679
0.191422 0.156122 2.56081
0.162468 -0.245113 4.67908
0.107634 0.222037 3.25441
0.258036 0.16793 3.39414
-0.0858267 0.315422 5.73946
0.241836 0.183906 2.87406
0.225904 -0.0454065 2.62866
0.246767 -0.0484333 3.36865
0.0803863 0.221575 2.83571
0.0754929 0.218336 2.8163
0.433813 0.128474 4.37784
0.144721 0.0142981 3.49531
0.190167 0.155386 4.70685
0.241254 -0.00256402 4.57573
0.19034 0.0551188 4.62815
0.222305 -0.0452632 2.91136
0.218559 -0.0498553 2.7047
0.097768 0.15738 4.98297
0.132881 0.0174431 5.02757
-0.386381 0.267676 3.49889
-0.372403 -0.173016 6.04258
-0.57421 -0.313983 7.54766
0.189282 0.117513 2.5877
0.1979 0.10232 2.62476
-0.289339 -0.0704399 6.51367
-0.372286 -0.020552 5.69883
