0.444564 -0.52992 5.17935
0.211786 -0.0471931 3.09641
0.220687 -0.0356239 2.82258
0.198359 -0.121237 3.3989
0.22816 0.174892 2.81885
0.191606 0.0742164 2.56476
0.233807 0.0712983 2.69681
-0.442744 -0.293737 6.87265
0.235549 0.177893 2.38766
0.227202 0.0427161 2.31469
0.235792 0.0611973 2.85013
-0.0838859 -0.637592 7.04219
0.140061 -0.249055 4.55651
0.135332 -0.436855 6.75727
0.450295 -0.694299 7.28018
0.234417 -0.0378913 2.63789
0.228899 0.133645 3.28891
0.157415 -0.101158 3.30057
-0.408618 0.288281 3.83897
0.232296 0.130246 2.36594
0.537114 -0.573227 5.21683
0.866321 -0.939553 7.37208
0.21036 -0.0212397 2.98556
0.215256 -0.0255841 3.05605
0.215532 -0.0575918 2.84483
0.225492 0.053999 3.01375
0.248962 0.0771469 3.15428
0.227914 0.195118 2.84935
0.241103 0.207849 2.928
-0.100231 -0.0298639 5.71958
-0.261917 -0.00538799 6.52043
-0.378868 0.176706 6.89271
0.223246 -0.0110957 2.92861
0.76144 -0.629893 5.59246
0.208287 0.154263 4.53449
-0.431676 0.260165 2.91687
0.194721 0.0990315 2.62238
0.225342 0.0713587 2.6787
0.233009 0.131935 2.45172
0.22907 0.135577 2.46759
0.245462 0.215367 3.19686
0.1819 0.164116 4.71409
0.122799 0.180903 4.99477
0.190625 0.0736628 2.56274
0.249104 0.201623 3.02699
0.223198 0.194046 3.04788
0.245586 0.163942 3.0743
0.0888585 0.219848 2.85738
0.127806 -0.154018 4.86851
-0.0796115 0.330249 5.53585
0.185173 0.269267 4.58928
0.177332 0.195409 4.44702
0.0205848 -0.12889 5.32039
-0.0155899 -0.113326 5.53118
-0.385063 -0.0975882 6.76169
-0.486886 -0.0579489 7.22304
-0.55907 -0.306707 7.85635
-0.0340138 0.22679 5.68567
-0.0733158 0.0427352 5.57065
-1.0491 -0.615942 6.3142
0.212701 0.11989 2.565
0.221422 0.0822092 2.56253
0.228066 0.133844 2.51341
0.22103 -0.0744308 2.42477
0.176128 -0.119356 2.70123
0.232484 0.0611121 2.84007
0.231141 -0.0298294 2.69445
0.228825 -0.0369496 2.8399
0.319753 -0.303232 4.65479
0.349577 -0.0069238 4.4901
-0.297175 0.26684 3.23478
-0.516455 0.271779 3.44136
-0.296826 -0.276079 6.63184
0.127827 -0.421762 6.6122
0.227739 -0.457067 5.53331
-0.257201 0.155883 6.54872
-0.917612 -0.368548 5.95392
-0.620696 0.0113325 2.58789
-0.612417 0.218329 2.97043
0.227707 -0.0396351 2.62773
0.222064 -0.0541367 2.66015
0.381685 0.126519 4.51534
0.316179 0.0243511 4.54634
0.227176 0.193286 2.84792
0.224546 0.05278 3.01648
0.237339 0.0771511 3.11927
0.231495 0.128314 2.50283
0.229099 0.133296 2.51366
0.21762 -0.0477894 2.89654
-0.647905 0.0430221 7.69692
0.153962 0.211105 2.84964
0.0282223 0.284845 4.52584
-0.517238 0.282651 7.32264
0.193469 0.158863 2.5593
-0.276112 -0.122542 6.64731
0.221597 -0.0101448 2.9226
0.111475 -0.144133 5.23012
0.0994525 0.225353 2.87883
0.219731 0.12262 4.69035
-0.725047 -0.441414 5.98561
-0.813752 -0.395077 5.8756
-0.92637 -0.532154 6.20875
0.202039 -0.133536 2.92021
-0.443628 0.270792 3.15816
0.191607 -0.0780927 3.23037
0.194287 0.0994323 2.62138
0.224954 0.0697794 2.67959
-0.166861 0.379279 5.80462
-0.858385 -0.23392 4.24786
-0.928708 -0.239656 4.25249
-0.911841 -0.257957 4.26167
-0.379081 0.0147579 6.90771
-0.394269 -0.101631 6.92687
0.22497 0.15744 3.222
-0.34417 -0.484032 6.64202
0.232893 0.141417 2.4186
0.231106 0.126513 2.41777
0.246444 0.273398 4.54849
0.234015 0.284378 4.62078
0.228968 0.175224 4.54905
-0.0134921 -0.116562 5.51249
0.237186 -0.185462 3.28584
-0.940823 -0.358221 4.69899
-0.815643 -0.218147 5.9249
-0.785125 -0.38497 6.03352
-0.865508 -0.366858 6.1932
-0.665828 0.218384 7.73347
-0.979464 -0.485492 6.20885
-1.0491 -0.615942 6.3142
-0.0318593 0.0871162 5.57825
0.200099 0.194189 2.5537
0.2282 0.188944 2.5089
0.230074 -0.0645959 2.41921
0.227424 0.0302824 2.41139
0.229996 0.0289335 2.33007
0.225745 -0.066081 2.51499
0.241552 0.222871 3.32421
0.223131 -0.0599521 2.76249
0.337077 -0.316102 4.77218
0.182695 -0.154965 4.71662
0.417186 -0.506788 5.01778
0.353799 -0.00658104 4.52213
0.232847 -0.0130194 4.46078
-0.182177 0.260357 3.35376
0.0216372 0.263294 3.89172
-0.181939 0.242284 2.74673
-0.321016 0.239308 2.71059
-0.369619 0.255755 2.89501
-0.385646 -0.596514 6.72947
-0.0560575 -0.184329 5.52998
-0.0561035 -0.772331 6.96666
-0.260065 0.151192 6.36499
-0.895966 -0.360592 5.80948
-0.56991 0.261193 3.10911
-0.574361 0.0656419 3.06147
-0.617818 -0.00426282 3.12972
-0.621088 0.0109673 2.58897
-0.615646 0.0345797 2.64617
0.112913 0.0158387 4.97694
0.222718 -0.0420238 3.28127
0.229574 0.192781 2.85644
0.229009 -0.0128442 4.45764
0.2034 0.00759212 4.58201
0.247308 -0.105045 4.47957
0.238414 0.132898 2.46054
0.225826 0.0964212 3.32438
0.227626 0.193694 3.0783
0.116889 0.179759 4.96334
0.196542 0.189637 2.63154
0.198564 0.163625 2.63429
0.208143 -0.16102 3.28407
0.194841 0.0394047 4.77559
0.228851 0.135396 3.28801
-0.750486 -0.205483 4.2674
-0.947307 -0.348507 4.81088
0.204848 0.131595 2.66467
0.193704 0.0733546 2.56735
0.231057 0.140483 2.41491
0.0161096 0.273261 4.50272
0.227757 -0.0260974 2.68859
-0.325442 -0.385057 6.61243
-0.605751 0.185929 7.21897
0.192488 0.141076 2.59752
0.199923 0.119445 2.57641
0.186128 0.252582 4.27063
0.168805 0.258184 4.49532
0.230326 0.185414 4.37236
0.190098 0.198258 4.54986
-0.894004 -0.318925 7.01582
-0.831019 -0.224351 6.05154
0.0350858 0.185738 5.02561
-0.0376916 0.214508 5.56477
0.230404 0.129634 2.34143
0.226587 0.0824556 2.57114
0.234727 0.128294 2.5087
0.230671 0.0832667 2.5417
0.196295 0.159263 2.56231
0.235039 0.169605 2.47539
0.24868 -0.0649207 2.44011
0.236517 0.0374323 2.41912
0.222079 0.032246 2.33188
0.226875 -0.0667514 2.5186
0.108049 0.211302 2.74538
0.117685 0.208689 2.59303
0.0844313 0.242715 3.34672
0.227895 0.218111 3.27596
0.0699179 0.219333 2.95555
0.219041 -0.0469926 2.89999
0.221453 -0.058829 2.86104
0.170639 -0.1014 2.68342
0.22995 0.0538161 2.74935
0.22855 -0.0110672 2.68857
0.180219 -0.156333 4.74509
0.181596 -0.0750988 3.19419
-0.0514843 -0.674213 7.01015
-0.379515 -0.585626 6.68508
0.146509 -0.4446 6.83952
-0.0571015 -0.784865 7.05493
-0.393445 0.181062 6.97808
-0.285266 -0.122394 6.68551
-0.572636 0.261186 3.11769
-0.935352 -0.240753 4.2675
-0.616463 0.0345554 2.64917
-0.600724 0.211466 2.92725
-0.480592 0.249284 2.95427
0.189031 0.0730389 2.55748
0.0705741 0.216561 2.81303
0.0718297 0.210059 2.82197
0.217539 -0.160953 3.18758
0.179573 -0.140449 3.16432
-0.36343 0.242871 2.82149
-0.434383 0.268384 3.16413
-0.884823 -0.261418 4.27998
-0.914361 -0.259583 4.26245
0.110519 0.235206 3.3219
0.0858651 0.243429 3.35755
0.223259 -0.0202103 3.03608
0.0760809 0.0549957 4.71379
0.223905 0.157715 3.23931
0.220703 -0.0269914 2.67354
0.231495 -0.0426024 2.77093
0.216305 -0.0506668 2.69577
-0.937926 -0.386361 6.09139
-0.750509 -0.326211 6.09207
-0.769005 -0.376754 5.92476
-0.963978 -0.44029 6.76102
-0.923879 -0.527651 6.18639
-0.0464307 0.274622 5.44074
-0.310967 -0.292692 6.59661
-0.323809 -0.433935 6.70799
0.0628104 0.209559 5.4572
-0.0402018 0.208598 5.50259
0.249751 0.190114 4.50642
0.223734 0.0817533 2.56523
0.2341 0.128253 2.50959
0.198157 0.190908 2.54935
0.195569 0.158131 2.56359
0.23175 0.189687 2.51583
0.230496 0.133763 2.5154
0.226817 -0.0546794 2.66894
0.222837 -0.0657586 2.50725
0.241671 0.185459 2.93273
0.23134 0.17696 2.83593
0.152092 0.20964 2.84865
0.114506 0.206646 2.57837
0.10064 0.218546 3.06336
0.228685 -0.0527981 3.06426
0.226978 0.0537598 3.02388
0.227574 -0.013918 2.94333
0.231522 0.053999 2.75291
0.198779 0.0601175 2.75942
0.179634 -0.155671 4.7497
0.198359 -0.121237 3.3989
0.368851 0.143119 4.53786
0.185794 0.158063 4.70577
0.360515 -0.00525686 4.53642
0.199179 0.0136944 4.57409
0.184441 -0.0406371 3.16226
-0.375267 0.264424 3.33792
-0.379515 -0.585626 6.68508
-0.397735 -0.0973293 6.86649
-0.644358 0.052002 7.63942
-0.572636 0.261186 3.11769
-0.617944 0.012157 2.58235
-0.616355 0.0925543 2.65451
-0.591119 -0.0206868 2.6612
0.223023 0.03198 2.33325
-0.407367 0.00777448 6.98669
-0.292853 -0.117445 6.66517
-1.04562 -0.480099 6.1037
0.221809 0.19817 3.2659
-0.623763 0.0552331 7.3755
0.231367 0.0202234 2.41675
0.221758 -0.0472139 2.83251
0.219414 -0.0590165 2.85069
0.0792361 0.220875 2.83553
0.23369 0.32415 4.03445
-0.708087 -0.42982 5.81667
-0.428727 0.258054 2.91212
-0.469447 0.244396 2.92797
0.219127 0.158294 3.17561
0.280717 0.175216 3.4459
0.228126 0.138495 3.28519
-0.557029 0.307179 7.27685
0.119596 0.107403 5.72707
0.198875 0.268707 4.51303
0.262223 0.189127 4.61321
0.187716 0.10443 2.56012
-0.627033 -0.00532792 3.15803
0.171971 -0.153791 4.7105
0.320505 -0.307772 4.6899
-0.287884 0.2389 2.67668
0.240157 0.127776 2.51004
0.234235 0.0523363 2.76227
0.234018 0.0640938 2.83724
0.195163 0.192395 2.61173
0.23095 0.127598 2.3328
-0.608261 0.223839 2.64125
0.230625 0.189253 2.51504
0.228216 -0.0427614 2.63439
0.228932 -0.0598943 2.61498
0.225123 -0.0560493 2.63832
-0.609881 0.125098 3.11545
0.230242 -0.0448043 3.31369
0.222056 -0.0464139 2.98277
0.229326 -0.0399052 3.12526
0.227918 0.176777 2.83064
0.234267 0.0380407 2.41304
0.231057 0.140483 2.41491
0.115528 -0.148592 4.83561
0.032574 -0.134136 5.28571
-0.0192178 -0.598804 6.55239
0.225687 0.0707566 3.01408
0.223388 -0.0201016 3.02693
-0.38342 -0.599865 6.7465
-0.367733 0.248644 2.85206
0.220691 -0.0598323 2.76118
-0.166382 0.0725873 5.60761
-0.128324 -0.0459207 5.62957
-0.381572 0.281286 3.47574
0.194397 0.162807 2.62425
0.361633 0.141318 4.48242
0.340842 -0.00464644 4.4459
0.240197 -0.0111218 4.58002
0.111205 0.177128 4.93532
0.116947 0.0211079 4.94725
-0.0528026 -0.0938306 5.47156
0.217951 0.0805006 2.55498
0.200377 0.0734685 2.57719
-0.35339 -0.209592 6.70978
-0.396663 -0.280167 6.64353
0.0182546 0.1732 5.02601
-0.0296695 0.106206 5.6341
0.282164 -0.0616562 3.45276
0.217486 -0.0423944 3.29979
-0.282588 0.163227 6.50931
0.229166 0.179951 3.33296
0.23168 0.121498 3.30496
-0.410105 -0.0217797 6.97745
-0.296157 -0.0412002 6.76631
-0.973562 -0.427661 7.82469
0.181841 0.262039 4.40102
0.239984 0.177455 4.47024
0.190167 0.155386 4.70685
0.209677 0.11307 2.62776
-0.580884 0.267019 3.16004
-0.608868 -0.00438862 3.07376
0.226814 -0.0498667 2.66487
-0.764909 -0.0784719 5.09671
-0.930258 -0.323322 5.81781
-0.759736 -0.194235 4.23225
0.150648 0.211434 2.85695
-0.609289 0.221479 2.6437
0.234397 0.127891 2.51156
0.232507 0.131855 2.5162
0.200559 0.190409 2.55511
0.191422 0.156122 2.56081
0.032574 -0.134136 5.28571
0.225045 -0.0213928 2.94687
0.22816 -0.0186327 3.05181
-0.216025 -0.278592 6.36543
0.237184 0.0389411 2.41471
0.0702605 0.216219 2.80994
0.0789907 0.207446 4.73121
-0.0973233 0.29513 5.29824
-0.381963 0.263003 2.91592
-0.421727 0.254312 2.90544
-0.431953 0.240043 2.85468
0.223791 -0.046622 2.8306
0.179293 -0.115141 3.30477
0.374991 0.144164 4.54314
0.187399 0.160493 4.72323
0.179044 0.0243681 4.71991
0.0838144 0.163671 4.78551
-0.0100278 0.0483642 5.31276
-0.657816 0.172375 7.75377
0.221916 0.0794779 2.56094
-0.589184 -0.0210884 2.66208
-0.6247 0.0116123 2.59856
0.170264 -0.154181 4.71386
-0.877477 -0.235684 6.38093
-0.41522 0.19983 7.33231
-0.170923 0.250892 4.4568
-0.0858267 0.315422 5.73946
0.222781 -0.0766056 3.38833
0.229463 0.0657406 2.69666
-0.629706 0.191822 2.64755
0.23472 0.125489 2.51093
-0.596896 -0.00453441 3.02887
0.213833 -0.0101395 3.00924
0.220778 0.192914 2.87808
0.154433 0.215247 2.87752
-0.583284 0.270226 3.17816
0.234741 0.0383812 2.41229
0.192307 0.058219 2.67127
0.242862 0.062895 2.85303
0.0803863 0.221575 2.83571
0.433813 0.128474 4.37784
0.241836 0.183906 2.87406
0.197447 0.158447 2.57129
0.196778 0.162097 2.62857
0.294821 0.186134 3.42354
0.258036 0.16793 3.39414
0.107634 0.222037 3.25441
0.111504 -0.150061 4.92946
0.0238352 -0.126737 5.07911
0.162468 -0.245113 4.67908
-0.253779 -0.294095 6.33779
-0.372403 -0.173016 6.04258
-0.3338 -0.417286 6.30627
-0.894229 -0.395275 5.9127
0.225904 -0.0454065 2.62866
0.218559 -0.0498553 2.7047
0.144721 0.0142981 3.49531
0.19034 0.0551188 4.62815
0.215744 -0.050751 3.03835
0.186627 0.255326 4.68956
-0.05072 0.254188 5.26764
-0.366789 0.245858 2.83599
-0.414465 0.245582 2.83942
-0.433383 0.265645 3.14265
0.0292909 0.162497 5.21846
0.132881 0.0174431 5.02757
0.1979 0.10232 2.62476
0.196722 0.0737482 2.56469
-0.57421 -0.313983 7.54766
-0.719572 -0.333941 5.55552
-0.386381 0.267676 3.49889
-0.289339 -0.0704399 6.51367
0.250601 -0.0990222 4.45461
