0.226693 0.0715098 2.68098
0.542075 -0.578457 5.24856
0.447065 -0.532042 5.19359
0.389012 0.0260578 4.58139
-0.100409 -0.0301785 5.72684
0.146605 -0.253912 4.61775
0.467588 -0.00946147 4.48287
-0.37794 0.176285 6.87539
0.228545 -0.0293239 2.68782
0.195315 -0.135713 3.32504
0.202477 -0.121927 3.4184
0.254471 0.213642 2.95411
-0.0795417 0.330469 5.54048
-0.417111 0.24359 2.82711
0.292387 0.135684 2.4607
0.0190235 -0.128167 5.29156
0.246586 0.201281 3.01408
0.166155 -0.116539 2.94877
0.224217 0.0827611 2.56521
-0.0373449 0.220193 2.71108
0.321953 -0.304525 4.66823
0.128312 -0.421147 6.616
0.235576 -0.0430218 2.4178
-0.728638 -0.445949 6.03727
-0.816717 -0.396393 5.89394
0.226861 0.175028 2.81509
0.228848 -0.0369644 2.62599
0.235575 -0.0274095 2.68394
0.139699 0.200656 2.5586
0.216549 -0.0222992 3.00318
0.226679 -0.0270728 3.08851
0.226983 0.0540751 3.01824
0.237127 0.0764265 3.11926
0.193256 0.098861 2.61773
0.218426 -0.0582726 2.8513
0.177523 -0.153012 4.67638
0.20833 0.154046 4.53427
0.316866 0.0238825 4.55279
0.227479 -0.011347 2.93831
0.242379 -0.0212782 2.96623
0.108348 0.235018 3.31088
-0.0534835 -0.0912052 5.5217
0.180407 0.0123122 4.7416
0.128319 -0.153998 4.87575
0.23065 0.126305 2.41573
0.239 0.221951 3.31422
-0.483727 -0.0572285 7.18723
-0.2511 0.279469 6.67557
-0.257346 0.155893 6.55016
0.189562 -0.117109 3.35109
0.16975 -0.105553 3.35172
0.213298 0.0713994 2.59459
0.183994 0.268513 4.57837
0.233632 0.202965 2.75947
0.182879 0.164215 4.72352
0.122938 0.181384 4.99742
0.121687 0.0195958 5.21688
0.222364 -0.0540152 2.67947
0.188753 0.157031 2.54722
-0.0341036 0.226486 5.68914
-0.0734891 0.0428668 5.56556
0.0288658 0.285508 4.53465
0.227841 0.194969 2.96933
0.109415 0.122566 2.73008
-0.297121 9.00413e-05 6.68683
-0.387067 -0.0984146 6.79718
-0.938876 -0.357353 4.68921
0.229716 0.194148 2.85388
-0.898436 -0.0856827 6.07942
-0.823418 -0.221366 5.98613
-0.0160241 -0.112639 5.50205
-0.445187 -0.294188 6.89914
0.185916 0.105961 2.57713
-0.668325 0.219407 7.76111
-0.977358 -0.48408 6.19385
-0.891075 -0.503426 5.94256
0.23122 0.190127 2.50981
0.2353 -0.0607843 2.62775
0.223419 -0.0652888 2.51031
0.0926999 0.247194 3.38867
0.223527 -0.0367346 2.82873
0.234958 0.0611532 2.84684
0.383621 -0.492839 5.03053
0.0233151 0.265083 3.90791
-0.184089 0.237388 2.71831
-0.224378 -0.269469 6.36738
0.135078 -0.435634 6.74684
-0.599159 0.17823 2.62392
-0.581809 -0.0189067 2.6375
-0.617603 0.0347937 2.64994
0.221235 -0.041859 3.27393
-0.724868 -0.441202 5.98304
-0.781694 -0.382761 6.00343
0.234699 0.0371061 2.41581
0.231346 0.0303358 2.41573
0.192471 0.096891 2.56186
0.190259 0.0735934 2.56088
0.240595 0.056015 2.78331
0.233732 0.0612755 2.84256
-0.367435 0.250933 2.86771
-0.426069 0.266666 3.12927
-0.649653 0.0429224 7.7152
-0.288368 0.242877 2.68867
0.180561 0.0197485 4.74378
0.170621 -0.13248 4.70373
0.109201 -0.143061 5.18472
0.226863 0.133339 3.27973
-0.0373269 0.21408 5.56696
-0.0319592 0.0874796 5.57895
0.238699 0.0776501 3.12312
0.232982 0.283839 4.61246
0.234875 0.177575 4.59477
0.2234 -0.0487679 2.9125
0.223216 -0.0472477 2.97832
0.224909 -0.0108522 2.93178
0.227941 0.175415 2.81983
0.215576 0.139327 2.74462
0.232571 0.195678 2.98459
0.230631 0.171111 3.03865
0.167458 -0.013947 2.88175
-0.936839 -0.344618 4.76088
0.225908 -0.0553275 2.63907
0.230731 -0.0564304 2.67701
0.11557 0.179204 4.9468
-0.165677 0.373288 5.74274
0.192814 0.158595 2.55641
-0.296526 0.261996 3.20136
0.2359 0.19751 2.86728
0.235065 0.205652 2.91013
-0.438126 0.263719 3.11422
0.0305017 0.261531 4.36539
-0.0055146 0.213428 5.44282
0.24283 0.214082 3.18754
0.226335 0.217021 3.2682
0.0840922 0.0145749 5.12066
-0.834609 -0.250994 6.29362
-0.296114 -0.275151 6.61273
-0.328252 -0.388306 6.67664
-0.518142 0.28246 7.33036
0.184889 0.112611 2.59889
-0.260001 -0.00440039 6.37065
-0.27634 -0.122652 6.65025
-0.390647 -0.0980921 6.79051
-0.927309 -0.373485 6.01744
-0.925972 -0.531797 6.20533
1.03317 0.319734 3.26407
0.234883 0.130749 2.36822
0.221336 0.0820532 2.5611
0.233443 0.169508 2.47008
0.227783 0.188906 2.50687
0.23517 0.129083 2.50849
0.23043 0.135236 2.51646
0.231422 -0.0648627 2.41988
0.229607 0.0463583 2.40372
0.400157 -0.101058 2.87943
0.224984 -0.0664278 2.51307
0.19421 0.099046 2.61991
0.157375 0.212719 2.85919
0.111905 0.207159 2.58162
0.232318 -0.038015 2.84807
0.17011 -0.10154 2.68046
0.417604 -0.507261 5.02148
0.218728 -0.086028 3.32588
0.35025 -0.00672677 4.49362
0.20275 0.00813199 4.57498
0.183533 0.197185 4.49462
-0.18352 0.238734 2.72792
-0.056095 -0.184129 5.52772
-0.0562304 -0.774499 6.9849
-0.386652 -0.598443 6.75001
0.158048 -0.146768 4.742
-0.260649 0.151481 6.3788
-0.0506681 -0.0927603 5.5245
-0.612255 -0.264789 6.13025
-0.611971 0.217959 2.96648
-0.610989 -0.0035655 3.10021
-0.906879 -0.256097 4.23953
-0.614179 0.0342023 2.64126
-0.584273 -0.019189 2.64336
-0.8801 -0.256984 4.31618
0.215773 -0.0504228 2.69305
0.22253 -0.0597859 2.75969
-0.282163 -0.00402439 6.46876
-0.284165 -0.121794 6.65569
-0.399327 -0.0975449 6.89974
0.171299 0.259532 4.51546
0.188017 0.198246 4.53322
0.223695 0.0699391 3.00106
0.224694 0.0534752 3.01463
0.364009 0.142509 4.51049
-0.484471 -0.0595343 7.05786
-0.0411544 0.206564 5.45076
-0.158411 0.0598402 5.72765
0.179723 0.162171 4.67767
0.192716 0.0398881 4.75329
-0.74951 -0.204141 4.25682
0.220498 -0.0475448 2.9034
0.258413 0.000161792 4.26893
0.23399 -0.0129732 4.4736
0.246845 -0.104916 4.4758
-0.608542 0.188828 7.22172
0.188919 0.0952871 2.55563
0.191289 0.0729724 2.56063
0.227865 0.135006 3.28278
0.177836 0.247237 4.20261
0.23393 0.186646 4.39804
0.249886 0.146369 2.81378
0.0603999 -0.124983 5.04857
-0.422649 -0.41815 7.38879
-0.842873 -0.227831 6.13894
0.207445 -0.160974 3.28306
0.0191904 0.276963 4.56212
0.227223 0.178892 2.89512
0.0375194 0.187282 5.05669
-0.00601934 0.0380646 5.00746
-0.907033 -0.365821 5.88271
0.231841 0.141147 2.41579
0.246305 0.135032 2.47186
0.224674 0.082141 2.56577
0.231404 0.0832603 2.54223
0.201226 0.194668 2.55511
0.199176 0.160128 2.56726
0.229673 0.189169 2.51049
0.237368 0.129273 2.51125
0.232658 0.134054 2.51845
0.235693 0.0374395 2.41631
0.233544 0.0463391 2.40876
0.228481 -0.0392231 2.62846
0.225434 -0.0562924 2.66715
0.22618 -0.0663507 2.51476
0.227348 -0.0107312 2.6838
0.225556 0.0702085 2.67972
0.112019 0.206036 2.57816
0.190532 0.161497 2.616
0.260824 0.210344 2.89474
0.108361 0.23399 3.3088
0.0826669 0.241535 3.33447
0.100175 0.233237 3.15233
0.23311 -0.0530113 3.07051
0.221 -0.0585871 2.85833
0.223426 -0.0209019 3.02574
0.336943 -0.316062 4.77154
0.200236 -0.0805779 3.25982
0.351346 -0.00647206 4.50721
0.237096 -0.0592795 3.38399
-0.183994 0.254116 3.29856
-0.187888 0.221651 2.64971
-0.287497 0.240655 2.67903
-0.380335 -0.58621 6.69256
0.179931 -0.156088 4.74017
0.14551 -0.445305 6.83796
-0.394415 0.181585 6.99447
0.112796 0.016077 4.97563
-0.609943 0.215748 2.95637
-0.567316 0.258477 3.09414
-0.600783 0.224009 2.63243
-0.924724 -0.238019 4.23443
-0.586128 -0.0199504 2.64841
0.188174 0.0727698 2.55424
0.0598277 -0.0725622 2.74935
0.166202 -0.104899 3.33266
-0.609076 0.195528 2.6295
-0.609613 0.18145 2.6428
-0.0465777 0.275828 5.4525
-0.642985 0.051784 7.6213
-0.499265 -0.0595347 7.26219
0.344063 0.084255 4.31624
0.184264 0.158124 4.69314
0.0856506 0.0590144 4.91534
0.275791 0.00228724 4.38729
0.230554 -0.012804 4.47409
0.197029 0.136058 2.58211
0.19285 0.141092 2.59707
0.249098 0.189655 4.50109
-0.622535 -0.271504 6.22779
0.226243 0.160681 3.20224
0.00838928 0.219216 4.54411
-0.942172 -0.388634 6.12088
-1.00669 -0.35867 6.30667
-0.922025 -0.526515 6.17335
-0.99653 -0.487147 6.43504
-0.312418 -0.294142 6.63009
-0.283044 -0.347493 6.53077
0.13767 0.166662 5.38204
0.06095 0.20989 5.44378
0.231394 0.140594 2.41429
0.232914 0.169117 2.47038
0.199721 0.118495 2.57449
0.203035 0.0815213 2.50307
0.198689 0.191383 2.54973
0.198557 0.193001 2.61377
0.194151 0.157696 2.55876
0.235529 0.128566 2.50911
0.229307 0.133812 2.51167
0.396864 -0.100383 2.87251
0.225244 -0.0664615 2.51151
0.238802 0.184671 2.92303
0.238778 0.197393 3.10619
0.100868 0.22073 2.67092
0.107694 0.211027 2.74268
0.227441 0.192424 2.84953
0.154459 0.210977 2.85525
0.195695 0.163081 2.62655
0.07994 0.239207 3.31078
0.228547 0.179552 3.32098
0.228798 -0.0525381 3.0631
0.215841 -0.0657841 2.68523
0.227394 0.0536052 3.02423
0.221894 0.0620286 2.81388
0.321453 -0.30834 4.69671
0.222824 -0.150718 3.38825
0.227362 0.161161 4.78654
0.357312 -0.00441043 4.51752
-0.373869 0.262144 3.31829
-0.383351 -0.598154 6.73327
0.177916 -0.1548 4.72962
-1.05053 -0.471897 6.10569
-0.573013 0.261435 3.11805
-0.933791 -0.240115 4.2599
-0.605013 0.12393 3.09213
-0.592776 -0.021282 2.66322
0.221627 -0.0479198 2.90303
0.212658 -0.059077 2.91331
0.237894 0.126807 2.50451
0.233536 0.128089 2.50719
0.219692 0.19836 3.25813
0.219921 -0.0587876 2.85383
0.226564 0.071113 3.01631
0.228094 0.0751536 3.08188
0.0997116 0.225649 3.25465
0.184686 0.235578 3.61207
0.188361 0.161037 4.73281
0.114812 0.178842 4.98166
0.176976 0.0246063 4.68987
0.199104 0.0138496 4.57338
0.0210326 0.175631 5.05904
0.119757 0.109071 5.75087
0.00261291 0.0741475 4.95432
-0.95244 -0.434314 6.66709
-0.91602 -0.387756 6.01125
-0.968354 -0.467734 6.26379
0.230276 0.176684 2.83156
0.224756 0.157883 3.24133
0.235649 0.140519 3.31602
0.0324534 0.258818 4.30774
-0.620822 -0.00485448 3.12955
-0.615328 0.0924318 2.64976
0.227043 0.0314549 2.41887
0.24547 0.118405 2.52079
0.22954 0.08364 2.5436
-0.577365 0.123699 3.0041
-0.334765 0.256036 3.20782
0.232453 0.0542566 2.75388
0.233818 0.0637507 2.83552
-0.482215 0.250889 2.96378
-0.573013 0.261435 3.11805
0.232138 0.0200783 2.41756
0.22833 -0.0409434 2.62881
0.226885 -0.0547755 2.66799
0.228911 -0.0598909 2.61401
0.225791 -0.0562979 2.63914
0.103736 0.2074 2.71762
0.171097 -0.153303 4.70301
0.0326009 -0.13424 5.28986
0.0810582 0.222567 2.85194
0.371043 0.143189 4.53302
0.355689 -0.00551316 4.51764
0.238943 -0.0107928 4.56727
-0.364295 0.243429 2.82463
-0.43276 0.266457 3.14871
0.222648 -0.0602429 2.76529
0.22619 -0.0136287 2.93732
0.223074 -0.0198546 3.034
0.193718 0.192209 2.60763
-0.768606 -0.376605 5.92147
0.227797 -0.0446652 3.30196
0.226095 0.319356 3.98669
-1.04724 -0.480881 6.11324
-0.380335 -0.58621 6.69256
0.183488 0.261456 4.60653
-0.0308536 0.10581 5.60917
-0.402942 0.194337 7.14855
-0.0527732 -0.0936169 5.47179
-0.293741 -0.117812 6.68348
0.223602 0.0817046 2.56371
0.0458571 0.0542706 6.48046
-0.627414 0.0557776 7.41402
-0.591463 -0.020821 2.6617
-0.158185 0.248226 3.03728
0.219797 -0.00407527 2.66882
0.23403 0.142466 2.42066
0.223847 -0.021107 2.94115
0.223107 -0.0463673 2.98535
0.222373 -0.0452893 2.91045
0.228748 0.177077 2.83183
0.193379 0.162667 2.62054
0.200147 0.140613 2.61504
0.197737 0.267968 4.50331
0.263602 0.189711 4.62337
0.279678 -0.0595737 3.43722
0.229774 -0.00495316 4.50321
0.225707 -0.0477369 2.84367
0.261419 0.174414 3.30345
0.228185 -0.0397443 3.11961
0.077418 0.294246 4.72432
0.000632788 0.225138 4.74607
-0.702711 -0.0473752 4.91603
-0.371401 -0.171335 5.99702
0.139838 0.114247 2.54366
0.233248 0.052567 2.7576
0.277471 0.066851 2.93005
-0.379823 0.280328 3.45996
-0.422709 0.253681 2.89221
-0.479428 0.25234 2.99609
-0.576177 0.263823 3.13493
0.218655 0.0805124 2.55533
0.231394 0.140594 2.41429
0.234078 0.0381229 2.41161
-0.426763 0.255695 2.89546
0.101208 0.204125 2.66599
0.131863 0.217804 2.78256
0.185219 0.181429 2.78984
0.149989 0.211543 2.85393
0.0326009 -0.13424 5.28986
0.0943367 0.229649 2.89241
0.226869 -0.0420943 2.62824
0.22768 -0.0494589 2.66582
-0.795586 -0.0826852 5.30551
-0.923392 -0.408303 6.10015
0.226674 0.073106 3.01707
0.226792 -0.0204218 3.03766
0.278032 0.173984 3.43354
0.378618 0.14507 4.56211
0.20297 0.124579 4.61176
0.203695 0.166396 2.56159
0.197689 0.158571 2.57077
0.110106 0.257865 3.46519
0.220569 -0.042044 2.7425
0.17349 -0.11319 3.27245
0.186308 0.157692 4.67145
0.0857003 0.165034 4.80638
0.114463 0.0205188 4.92052
-0.0102123 0.048896 5.30619
-0.283206 0.164142 6.52332
-0.297243 -0.0413426 6.79807
0.18958 0.105214 2.56383
0.197411 0.0730247 2.56974
-0.762254 -0.196662 4.25316
-0.59114 -0.24369 5.8123
-0.967605 -0.419598 7.73856
-0.724959 -0.336941 5.60356
0.20591 0.112584 2.61678
0.194583 0.10187 2.61464
0.0305458 0.16296 5.23408
0.0440754 0.0972006 5.38154
-0.417762 0.250219 2.87318
0.235884 0.117086 2.50705
0.232699 0.0849633 2.55001
0.221986 0.0795839 2.55988
0.190693 0.0702158 2.51776
0.232243 0.15621 2.83319
0.232469 0.180628 2.84615
0.0280694 0.338711 5.2414
0.0799664 0.215178 4.76985
-0.382557 0.264812 2.92478
-0.431625 0.26405 3.12761
0.185167 0.0576157 2.66216
0.243129 0.0634418 2.85262
0.237251 0.0390677 2.4139
0.228925 0.0249866 2.41314
0.150172 0.213451 2.86194
0.213696 0.190649 2.85592
0.0751685 0.219119 2.82789
0.170333 -0.154362 4.71654
0.155394 0.0141724 3.55309
0.240686 -0.00244334 4.57139
0.243317 0.178982 4.49449
0.229942 -0.0183021 3.05782
0.433355 0.127067 4.37392
-0.929492 -0.323586 5.80112
0.224734 -0.0469376 2.83316
0.24916 -0.0479979 3.37868
-0.0232781 -0.102582 5.34039
-0.354001 -0.209459 6.70476
-0.335944 -0.419687 6.34538
-0.467219 0.237064 2.89042
0.234211 0.179848 3.35229
0.234143 0.157247 3.28555
0.230543 -0.0325777 2.69832
0.22539 -0.0451581 2.62586
0.217483 -0.0496278 2.70019
-0.0968793 0.294353 5.30965
0.192918 0.156981 2.56397
0.193897 0.161055 2.61921
0.19015 0.0538114 4.62806
0.184332 0.263978 4.42419
-0.581155 -0.316354 7.62825
-0.394578 0.283069 3.62724
0.198356 0.0737075 2.56778
-0.415438 0.199614 7.33824
-0.290165 -0.0691239 6.55926
-0.656035 0.172059 7.72892
-0.60987 -0.00435284 3.07793
0.252862 -0.0994351 4.47335
