0.146605 -0.253912 4.61775
0.198894 -0.0497676 2.8884
0.213298 0.0713994 2.59459
0.242379 -0.0212782 2.96623
-0.0534835 -0.0912052 5.5217
0.246586 0.201281 3.01408
0.166155 -0.116539 2.94877
0.23122 0.190127 2.50981
0.223527 -0.0367346 2.82873
0.542075 -0.578457 5.24856
0.447065 -0.532042 5.19359
0.467588 -0.00946147 4.48287
-0.724868 -0.441202 5.98304
0.292387 0.135684 2.4607
-0.0373449 0.220193 2.71108
0.219148 -0.0284756 2.95134
0.139699 0.200656 2.5586
0.20275 0.00813199 4.57498
0.184669 -0.138477 4.77438
0.128319 -0.153998 4.87575
-0.2511 0.279469 6.67557
-0.37794 0.176285 6.87539
-0.257346 0.155893 6.55016
0.193256 0.098861 2.61773
0.226693 0.0715098 2.68098
0.237127 0.0764265 3.11926
0.389012 0.0260578 4.58139
-0.649653 0.0429224 7.7152
0.0288658 0.285508 4.53465
0.241135 0.211683 3.03058
0.195315 -0.135713 3.32504
-0.260001 -0.00440039 6.37065
-0.387067 -0.0984146 6.79718
0.232571 0.195678 2.98459
0.177523 -0.153012 4.67638
0.182879 0.164215 4.72352
-0.0795417 0.330469 5.54048
0.183994 0.268513 4.57837
-0.927309 -0.373485 6.01744
0.227941 0.175415 2.81983
0.2359 0.19751 2.86728
0.235065 0.205652 2.91013
-0.224378 -0.269469 6.36738
-0.344697 -0.484253 6.64412
0.0840922 0.0145749 5.12066
-0.898436 -0.0856827 6.07942
-0.816717 -0.396393 5.89394
-0.977358 -0.48408 6.19385
-0.891075 -0.503426 5.94256
0.152516 -0.112544 2.8592
-0.938876 -0.357353 4.68921
0.185916 0.105961 2.57713
0.122938 0.181384 4.99742
0.0593696 0.0988037 5.23081
0.224217 0.0827611 2.56521
0.192814 0.158595 2.55641
0.223419 -0.0652888 2.51031
0.218426 -0.0582726 2.8513
0.234958 0.0611532 2.84684
0.321953 -0.304525 4.66823
0.417604 -0.507261 5.02148
0.21133 -0.0475082 3.09414
0.221235 -0.041859 3.27393
0.0233151 0.265083 3.90791
-0.184089 0.237388 2.71831
-0.296526 0.261996 3.20136
0.128312 -0.421147 6.616
-0.417111 0.24359 2.82711
-0.581809 -0.0189067 2.6375
0.149328 0.208152 2.83432
-0.901659 -0.321612 7.0785
0.216549 -0.0222992 3.00318
0.226679 -0.0270728 3.08851
0.23043 0.135236 2.51646
-0.165677 0.373288 5.74274
0.226983 0.0540751 3.01824
0.188753 0.157031 2.54722
0.226863 0.133339 3.27973
-0.438126 0.263719 3.11422
-0.728638 -0.445949 6.03727
0.192471 0.096891 2.56186
0.227841 0.194969 2.96933
0.223404 0.194067 3.0475
0.230631 0.171111 3.03865
-0.851928 -0.231131 4.21716
-0.924724 -0.238019 4.23443
0.227479 -0.011347 2.93831
0.24283 0.214082 3.18754
0.239 0.221951 3.31422
0.235575 -0.0274095 2.68394
0.230731 -0.0564304 2.67701
0.222364 -0.0540152 2.67947
0.181829 -0.154758 4.70811
0.19421 0.099046 2.61991
0.225556 0.0702085 2.67972
-0.13446 -0.0422547 5.72744
-0.0160241 -0.112639 5.50205
-0.260649 0.151481 6.3788
-0.823418 -0.221366 5.98613
0.226861 0.175028 2.81509
0.229716 0.194148 2.85388
-0.382301 0.0152205 6.92471
-0.27634 -0.122652 6.65025
-0.390647 -0.0980921 6.79051
0.189562 -0.117109 3.35109
0.16975 -0.105553 3.35172
-0.668325 0.219407 7.76111
-0.0341036 0.226486 5.68914
-0.0734891 0.0428668 5.56556
-0.936839 -0.344618 4.76088
0.197448 -0.125844 3.17484
0.236555 -0.185459 3.28289
0.232982 0.283839 4.61246
0.157613 0.287266 4.67025
0.234875 0.177575 4.59477
-0.296114 -0.275151 6.61273
-0.328252 -0.388306 6.67664
-0.907033 -0.365821 5.88271
-1.00089 -0.56229 6.19894
0.233443 0.169508 2.47008
0.190259 0.0735934 2.56088
0.221336 0.0820532 2.5611
0.231346 0.0303358 2.41573
0.22618 -0.0663507 2.51476
0.227223 0.178892 2.89512
0.0926999 0.247194 3.38867
0.0933998 0.220415 2.77266
0.207593 -0.136139 2.93732
0.233732 0.0612755 2.84256
0.383621 -0.492839 5.03053
0.316866 0.0238825 4.55279
0.35025 -0.00672677 4.49362
0.23399 -0.0129732 4.4736
-0.056095 -0.184129 5.52772
-0.0562304 -0.774499 6.9849
-0.445187 -0.294188 6.89914
-0.42655 0.2532 2.87759
-0.610989 -0.0035655 3.10021
0.0826669 0.241535 3.33447
0.225478 -0.0261031 2.92336
0.2187 0.16782 3.00467
-0.612255 -0.264789 6.13025
0.210791 0.132211 2.67701
0.177836 0.247237 4.20261
0.23393 0.186646 4.39804
0.2234 -0.0487679 2.9125
0.223216 -0.0472477 2.97832
0.22253 -0.0597859 2.75969
0.246845 -0.104916 4.4758
0.223695 0.0699391 3.00106
0.238699 0.0776501 3.12312
0.224694 0.0534752 3.01463
-0.8801 -0.256984 4.31618
-0.842873 -0.227831 6.13894
-1.00669 -0.35867 6.30667
0.112796 0.016077 4.97563
0.100057 -0.138071 5.04952
0.171299 0.259532 4.51546
0.183533 0.197185 4.49462
0.191289 0.0729724 2.56063
0.225395 0.198646 2.92686
0.195695 0.163081 2.62655
0.19858 0.142808 2.6077
0.0305017 0.261531 4.36539
0.00838928 0.219216 4.54411
-0.282163 -0.00402439 6.46876
-0.284165 -0.121794 6.65569
-0.221937 -0.276892 6.42121
-0.0806277 0.319658 5.59187
0.218728 -0.086028 3.32588
-0.518142 0.28246 7.33036
-0.394415 0.181585 6.99447
-0.608542 0.188828 7.22172
-0.0373269 0.21408 5.56696
-0.0319592 0.0874796 5.57895
-0.158411 0.0598402 5.72765
0.184889 0.112611 2.59889
0.11557 0.179204 4.9468
-0.781694 -0.382761 6.00343
-0.925972 -0.531797 6.20533
0.232914 0.169117 2.47038
0.233862 0.132022 2.4518
0.231841 0.141147 2.41579
0.199176 0.160128 2.56726
0.23517 0.129083 2.50849
0.229607 0.0463583 2.40372
0.225908 -0.0553275 2.63907
0.215841 -0.0657841 2.68523
0.225244 -0.0664615 2.51151
0.215576 0.139327 2.74462
0.157375 0.212719 2.85919
0.226335 0.217021 3.2682
0.242807 0.222746 3.36164
0.227865 0.135006 3.28278
0.0990943 0.22525 2.87628
0.232318 -0.038015 2.84807
0.167458 -0.013947 2.88175
0.336943 -0.316062 4.77154
0.207445 -0.160974 3.28306
0.351346 -0.00647206 4.50721
-0.183994 0.254116 3.29856
-0.18352 0.238734 2.72792
-0.367435 0.250933 2.86771
-0.386652 -0.598443 6.75001
0.179931 -0.156088 4.74017
-0.0130428 -0.116572 5.53516
-0.575107 0.218173 3.08536
-0.567316 0.258477 3.09414
-0.565782 0.0654827 3.02333
-0.643272 0.11855 3.17211
-0.611971 0.217959 2.96648
-0.592776 -0.021282 2.66322
0.221 -0.0585871 2.85833
-0.622535 -0.271504 6.22779
-0.73888 -0.320445 5.99619
0.219692 0.19836 3.25813
0.258413 0.000161792 4.26893
0.230554 -0.012804 4.47409
0.0810582 0.222567 2.85194
0.0770236 0.223715 2.98582
0.228094 0.0751536 3.08188
0.224019 -0.0525837 2.7357
0.221762 -0.0600642 2.76303
0.224847 -0.0277072 2.68181
-0.0411544 0.206564 5.45076
0.364009 0.142509 4.51049
0.344063 0.084255 4.31624
0.198557 0.193001 2.61377
0.198743 0.189459 2.6358
0.249098 0.189655 4.50109
0.224347 0.193262 2.86048
0.223426 -0.0209019 3.02574
0.204572 -0.0254045 3.02008
0.184264 0.158124 4.69314
0.192716 0.0398881 4.75329
-0.791595 -0.306676 5.98851
0.260824 0.210344 2.89474
0.188017 0.198246 4.53322
-0.0465777 0.275828 5.4525
0.220498 -0.0475448 2.9034
0.188919 0.0952871 2.55563
-0.877119 -0.0798392 5.81971
-0.312418 -0.294142 6.63009
-0.342928 -0.462101 6.55351
0.237096 -0.0592795 3.38399
0.200236 -0.0805779 3.25982
0.162645 -0.103549 3.3112
0.0324534 0.258818 4.30774
0.0191904 0.276963 4.56212
-0.942172 -0.388634 6.12088
0.189059 0.103949 2.58932
0.0375194 0.187282 5.05669
0.119757 0.109071 5.75087
0.231404 0.0832603 2.54223
0.224674 0.082141 2.56577
0.19858 0.142808 2.6077
0.233536 0.128089 2.50719
0.235693 0.0374395 2.41631
0.228481 -0.0392231 2.62846
0.225434 -0.0562924 2.66715
0.238778 0.197393 3.10619
0.249886 0.146369 2.81378
0.154459 0.210977 2.85525
0.108361 0.23399 3.3088
0.07994 0.239207 3.31078
0.100175 0.233237 3.15233
0.23311 -0.0530113 3.07051
0.217487 -0.0421263 3.29878
-0.493408 0.277821 3.46909
-0.373869 0.262144 3.31829
-0.380335 -0.58621 6.69256
0.0603999 -0.124983 5.04857
-0.274881 0.160444 6.60355
0.20275 0.00813199 4.57498
-0.712055 -0.432132 5.84626
-0.642985 0.051784 7.6213
-0.578304 0.26693 3.1515
-0.620822 -0.00485448 3.12955
-0.609943 0.215748 2.95637
0.0458571 0.0542706 6.48046
-0.0527732 -0.0936169 5.47179
-0.128398 -0.0457234 5.6509
0.223602 0.0817046 2.56371
0.166202 -0.104899 3.33266
0.22768 -0.0494589 2.66582
0.215773 -0.0504228 2.69305
0.226243 0.160681 3.20224
0.176976 0.0246063 4.68987
0.230276 0.176684 2.83156
0.228798 -0.0525381 3.0631
-0.768606 -0.376605 5.92147
-0.99653 -0.487147 6.43504
0.114812 0.178842 4.98166
0.06095 0.20989 5.44378
0.0856506 0.0590144 4.91534
0.224756 0.157883 3.24133
0.00970615 0.283954 4.58444
0.183488 0.261456 4.60653
0.186308 0.157692 4.67145
-0.379823 0.280328 3.45996
0.229307 0.133812 2.51167
0.235529 0.128566 2.50911
-0.605013 0.12393 3.09213
0.232453 0.0542566 2.75388
0.221894 0.0620286 2.81388
0.225617 0.13232 2.70728
0.215545 0.145319 2.76814
-0.158185 0.248226 3.03728
0.231394 0.140594 2.41429
0.203035 0.0815213 2.50307
-0.479428 0.25234 2.99609
0.0842458 0.216594 2.86873
0.221762 -0.0600642 2.76303
0.227394 0.0536052 3.02423
0.22619 -0.0136287 2.93732
0.223074 -0.0198546 3.034
-0.383351 -0.598154 6.73327
0.107694 0.211027 2.74268
0.219155 -0.0450793 2.97579
0.177916 -0.1548 4.72962
0.0326009 -0.13424 5.28986
0.233971 0.0383465 2.40918
0.227043 0.0314549 2.41887
0.355689 -0.00551316 4.51764
0.238943 -0.0107928 4.56727
0.224189 -0.0265709 2.67945
-0.0308536 0.10581 5.60917
-0.293741 -0.117812 6.68348
0.194151 0.157696 2.55876
0.197029 0.136058 2.58211
-1.04724 -0.480881 6.11324
0.114463 0.0205188 4.92052
-0.402942 0.194337 7.14855
-0.408867 0.00748719 7.01953
0.197411 0.0730247 2.56974
-0.578304 0.26693 3.1515
0.321453 -0.30834 4.69671
-0.0610802 0.0650755 5.63581
-0.12311 -0.0556785 5.67948
-0.371401 -0.171335 5.99702
-0.215962 -0.27866 6.37251
-0.312418 -0.294142 6.63009
0.226564 0.071113 3.01631
0.259339 0.0791129 3.17513
0.221627 -0.0479198 2.90303
0.223107 -0.0463673 2.98535
0.228185 -0.0397443 3.11961
0.278032 0.173984 3.43354
0.224265 0.12109 3.27618
0.197737 0.267968 4.50331
0.252862 -0.0994351 4.47335
-0.364295 0.243429 2.82463
-0.60987 -0.00435284 3.07793
0.233248 0.052567 2.7576
0.233818 0.0637507 2.83552
0.22954 0.08364 2.5436
0.218655 0.0805124 2.55533
0.234078 0.0381229 2.41161
0.171097 -0.153303 4.70301
0.0326009 -0.13424 5.28986
0.149989 0.211543 2.85393
0.24547 0.118405 2.52079
0.0943367 0.229649 2.89241
0.228748 0.177077 2.83183
0.227348 -0.0107312 2.6838
0.225791 -0.0562979 2.63914
0.226885 -0.0547755 2.66799
0.263602 0.189711 4.62337
0.21718 -0.0404035 2.73772
0.225707 -0.0477369 2.84367
0.222648 -0.0602429 2.76529
0.219921 -0.0587876 2.85383
0.223847 -0.021107 2.94115
0.214158 -0.0104521 3.01022
0.227797 -0.0446652 3.30196
0.318502 -0.186893 3.62717
0.17349 -0.11319 3.27245
0.197689 0.158571 2.57077
-0.874125 -0.23375 6.35386
-0.910874 -0.132097 5.98008
-0.923392 -0.408303 6.10015
-0.929492 -0.323586 5.80112
-0.283206 0.164142 6.52332
-0.297243 -0.0413426 6.79807
0.000632788 0.225138 4.74607
0.188361 0.161037 4.73281
0.0857003 0.165034 4.80638
0.234211 0.179848 3.35229
-0.415438 0.199614 7.33824
-0.40969 -0.0214772 6.97382
0.228911 -0.0598909 2.61401
0.233516 0.127349 2.50839
0.0305458 0.16296 5.23408
0.0321823 0.0684662 4.35463
0.0440754 0.0972006 5.38154
0.278032 0.173984 3.43354
0.219674 0.11237 3.26436
0.226792 -0.0204218 3.03766
0.231705 -0.0376108 3.14071
0.224748 -0.0522001 3.07231
-0.171475 0.251406 4.45123
0.184332 0.263978 4.42419
0.188166 0.256936 4.70556
0.286962 0.229817 4.91481
0.20591 0.112584 2.61678
0.077418 0.294246 4.72432
0.0280694 0.338711 5.2414
0.0799664 0.215178 4.76985
-0.656035 0.172059 7.72892
-0.576177 0.263823 3.13493
0.243317 0.178982 4.49449
0.235884 0.117086 2.50705
0.150172 0.213451 2.86194
0.213696 0.190649 2.85592
0.233248 0.052567 2.7576
0.277471 0.066851 2.93005
0.170333 -0.154362 4.71654
0.110718 -0.149502 4.91065
0.170058 -0.25052 4.7448
0.111883 0.223769 3.27301
0.110106 0.257865 3.46519
-0.0232781 -0.102582 5.34039
-0.335944 -0.419687 6.34538
0.0943367 0.229649 2.89241
0.226674 0.073106 3.01707
-0.399456 0.289944 3.69131
0.226869 -0.0420943 2.62824
0.217483 -0.0496278 2.70019
0.433355 0.127067 4.37392
0.21849 0.00505624 3.37892
0.378618 0.14507 4.56211
0.155394 0.0141724 3.55309
0.229774 -0.00495316 4.50321
-0.702711 -0.0473752 4.91603
-0.795586 -0.0826852 5.30551
-0.967605 -0.419598 7.73856
0.232699 0.0849633 2.55001
0.221986 0.0795839 2.55988
-0.581155 -0.316354 7.62825
-0.59114 -0.24369 5.8123
0.224734 -0.0469376 2.83316
0.192918 0.156981 2.56397
0.195356 0.161507 2.62431
0.190024 0.138655 2.59334
0.279678 -0.0595737 3.43722
0.195984 -0.122711 3.36624
0.20297 0.124579 4.61176
0.127831 0.0189385 4.99767
-0.0491632 0.255276 5.29077
-0.0102123 0.048896 5.30619
-0.290165 -0.0691239 6.55926
0.261419 0.174414 3.30345
-0.37255 -0.0204332 5.70152
-0.431625 0.26405 3.12761
