0.146551 -0.253324 4.61193
0.0919331 0.215773 2.63803
0.226911 -0.0373616 2.83456
-0.22444 -0.268972 6.35357
0.23545 0.136246 2.4726
-0.388205 -0.0987165 6.82324
0.192893 0.0979268 2.61502
0.0833183 0.220667 2.8832
0.173448 -0.106839 3.35886
0.235273 0.197141 2.8638
-0.18379 0.237752 2.7183
0.231101 -0.062892 2.58648
0.325029 -0.30635 4.6865
0.445752 -0.530696 5.18462
0.46759 -0.00945929 4.481
0.225584 -0.0659929 2.51157
0.230169 0.19801 2.72447
0.234096 0.20307 2.75843
0.217911 -0.0581921 2.8481
0.384952 0.0256677 4.56021
-0.432919 0.263106 3.01928
0.222387 0.0822643 2.56036
0.233612 0.128872 2.5024
-0.164288 0.372213 5.74361
-0.250517 0.279102 6.67317
-0.257355 0.15561 6.54941
0.236476 0.0760719 3.11474
0.178078 0.220931 2.899
0.230896 0.207968 3.00084
-0.258803 -0.00410425 6.32848
0.200785 -0.0501723 2.89092
0.208255 0.154111 4.53234
0.184258 -0.155636 4.72374
0.22516 0.0716199 2.67605
0.224751 0.194228 2.95892
0.228591 0.159469 3.02414
0.0188802 -0.127932 5.2871
-0.0539591 -0.0910183 5.47698
-0.563934 -0.309542 7.93027
0.158911 -0.115047 2.87396
0.15911 -0.113638 2.92701
-0.0795224 0.330858 5.54318
0.0945582 0.220865 2.79342
0.232218 0.283524 4.60544
0.18386 0.268474 4.57603
-0.813816 -0.394852 5.87273
-0.893954 -0.506598 5.97203
-0.892438 -0.0841591 6.03609
0.227075 0.176914 2.89922
0.122203 0.181235 4.98659
-0.0334509 0.226339 5.6962
-0.977014 -0.484062 6.19226
-1.03868 -0.605835 6.23777
0.194921 0.07399 2.56762
0.233829 -0.0591929 2.65636
0.217104 -0.0680894 2.68639
0.230193 -0.0600047 2.61506
0.237596 0.222838 3.30701
0.229847 0.158427 3.23664
0.118767 0.237386 2.94923
0.196938 -0.132479 2.9181
0.219497 -0.060063 2.7498
0.239528 -0.0210764 2.95763
0.223871 0.0626433 2.72401
0.234499 0.0611636 2.84382
0.450389 -0.465242 4.96561
0.418661 -0.507791 5.02729
0.214144 -0.048049 3.10047
0.367002 0.147133 4.52594
-0.181927 0.255341 3.30562
-0.409343 0.289406 3.84704
-0.344041 -0.482028 6.61616
0.102282 -0.137822 4.63169
0.228445 -0.458358 5.54765
0.276504 -0.539904 6.32061
-0.926769 -0.372198 6.00905
-0.725009 -0.442354 6.00193
-0.565328 0.257313 3.0875
-0.89583 -0.232395 4.15853
-0.425768 0.252378 2.8717
0.23796 0.22151 3.30871
0.234286 0.142003 2.41612
0.23434 0.129513 2.42621
0.120902 0.206226 2.66428
0.0956743 0.217062 2.66867
0.182741 -0.155121 4.71807
0.236139 -0.0425237 2.76894
0.226146 -0.0610147 2.76388
0.219014 0.201952 2.72338
-0.566916 0.220909 3.07284
-1.04305 0.470547 7.45081
-0.222248 -0.277329 6.43297
-0.296687 -0.275485 6.62127
-0.327262 -0.386711 6.64869
0.0888537 0.244776 3.36687
0.228767 -0.0113892 2.93987
0.231126 0.210641 3.15174
0.195923 0.137624 2.5777
0.194342 0.142291 2.59741
0.219677 0.168504 3.00658
0.228355 -0.029288 2.68549
0.1427 0.248316 2.92967
0.226131 0.0538324 3.01392
0.232817 0.0760084 3.10515
0.204145 0.167076 2.63883
0.22394 0.193121 2.95828
0.378899 0.126687 4.4981
0.242071 0.0729494 2.70875
0.166383 -0.118623 2.89295
-0.100394 -0.0300956 5.72767
-0.0507183 -0.0926107 5.52241
-0.650017 0.0426252 7.71643
-0.389865 -0.0973529 6.77047
0.0284087 0.285373 4.52851
-0.37052 0.296172 6.92127
-0.51871 0.283472 7.33526
-0.378062 0.17658 6.87647
-0.133992 -0.042158 5.71825
-0.276583 -0.122707 6.65492
0.232539 0.204944 2.90186
-0.422268 -0.417163 7.37637
-0.747758 -0.203456 4.2472
0.230447 -0.091486 3.35835
0.185286 -0.115989 3.32586
0.121554 0.0196494 5.21419
0.0815853 0.0124007 5.07419
0.108911 -0.142784 5.17942
0.229765 0.159148 4.69106
0.184061 0.164417 4.7331
0.208996 -0.158099 3.18907
-0.0370386 0.213744 5.56322
-0.0319722 0.0877073 5.57399
-0.0732849 0.0433248 5.57325
-0.8294 -0.223705 6.03173
-0.864801 -0.36626 6.18599
0.195375 0.126716 2.5898
0.188972 0.106282 2.58053
-0.670473 0.220104 7.78274
0.233048 0.135207 2.47015
0.225258 0.130704 2.43793
0.191121 0.158213 2.55079
0.228696 -0.0369362 2.62376
0.22985 0.00773546 2.66831
0.108078 0.234807 3.30764
0.228111 0.133411 3.28292
0.172024 -0.0400735 2.91045
0.222197 -0.0228839 3.0176
0.25046 0.0524072 2.78236
0.382214 -0.491077 5.01761
0.194846 -0.135777 3.32223
0.350682 -0.0066928 4.49506
0.221356 -0.0419193 3.27304
-0.184083 0.253435 3.29158
0.0196079 0.262679 3.87524
-0.364075 0.245736 2.84311
-0.0562034 -0.184207 5.53017
-0.0564474 -0.773993 6.98001
0.129443 -0.154467 4.89248
0.447041 -0.690723 7.24421
0.418464 -0.686561 7.4723
-1.00777 -0.358444 6.31003
-0.611462 -0.264294 6.12031
-0.724669 -0.441299 5.98333
-0.533743 0.286234 3.54732
-0.610352 -0.00424005 3.09703
-0.92645 -0.0416822 5.0079
-1.30743 -0.0160683 8.27726
-0.877981 -0.0809196 5.83404
0.187802 -0.0434088 2.95068
0.349627 -0.00616362 4.49565
0.234081 -0.0130657 4.47473
0.248489 -0.104832 4.48754
0.145408 -0.445018 6.83568
0.227856 0.199623 2.93281
0.23116 -0.0374491 2.84299
0.219548 -0.0581349 2.85201
0.148612 0.208178 2.83074
0.22613 0.194539 2.9631
0.234677 0.180187 2.91329
0.231688 0.135185 2.51649
0.112252 0.0163065 4.96539
0.22348 0.0695943 2.99876
0.236377 0.0775641 3.11346
0.223277 0.0534503 3.00832
-0.013011 -0.116704 5.52054
0.233389 0.0570917 3.34048
-0.4458 -0.294363 6.90256
-0.283899 -0.121575 6.64748
0.21973 0.153211 4.62851
0.179618 0.1622 4.6754
0.19447 0.0398678 4.77159
0.226019 0.216778 3.26524
0.00579724 0.2172 4.50495
0.224966 0.0703181 2.67658
0.306827 -0.193301 3.44044
0.231438 0.176199 2.82338
0.232478 0.195028 2.85964
-0.914576 -0.368878 5.92933
-1.02843 -0.472576 6.03293
0.218941 -0.0250881 2.90586
0.221657 -0.0483821 2.90562
0.172378 0.242907 4.15522
0.171707 0.260104 4.51806
0.240228 0.179536 4.63241
0.115906 0.179685 4.95058
0.0390608 0.188519 5.07886
-0.0413032 0.206293 5.45026
-0.0712806 0.0507419 5.5245
-0.779098 -0.381047 5.98109
-0.773781 -0.334365 5.59217
-0.924776 -0.531047 6.19739
0.195442 0.0974384 2.56493
0.22963 0.140709 2.41086
0.222771 0.0820086 2.56194
0.193301 0.158233 2.55337
0.228105 -0.0561347 2.67005
0.233362 -0.0562018 2.69769
0.228973 0.170737 3.03157
0.229538 0.142097 2.7708
0.076091 0.195406 2.66799
0.237102 0.169172 2.78714
0.235217 0.186928 4.40566
0.224904 0.13464 3.26925
0.0973662 0.224474 2.86698
0.232221 -0.0425107 2.76514
0.218982 0.0536308 2.7265
0.234318 0.0612143 2.84258
0.33506 -0.314641 4.7566
0.360441 0.141581 4.48923
-0.492729 0.278481 3.46596
-0.366208 0.248768 2.85485
-0.431134 0.270852 3.16509
0.179628 -0.155866 4.73486
-0.260905 0.151873 6.38462
0.200222 0.00858427 4.5573
-0.623118 -0.271725 6.23563
-0.395619 0.182491 7.01417
-0.570814 0.260762 3.10811
-0.43833 0.263705 3.11375
-0.482298 0.252318 2.97456
-0.924082 -0.237814 4.23116
-0.849562 -0.230497 4.20659
-0.641951 0.0515839 7.60593
0.19791 0.136161 2.58166
0.192573 0.14122 2.59425
-0.946743 -0.390875 6.15109
-0.984394 -0.479214 6.345
-1.05237 -0.481947 6.13889
-0.0526908 -0.0936081 5.48681
0.360425 0.0857765 4.3977
0.219077 -0.0460351 2.96478
0.220009 -0.0474741 2.90023
0.0332657 0.262508 4.39273
0.182869 0.158421 4.67947
0.252712 -0.0615383 3.44175
0.221586 -0.0868392 3.33369
0.163561 -0.103706 3.31541
-0.71567 -0.434482 5.87548
-0.851943 -0.230307 6.20362
-0.768005 -0.333183 6.23036
-0.0466614 0.276718 5.45589
0.225599 0.191944 2.84291
0.240937 0.196402 2.89161
0.0605791 0.210121 5.45771
0.0872966 0.0600028 4.93718
0.121197 0.109145 5.73486
0.204732 0.26862 4.52018
0.190032 0.265438 4.66124
0.190786 0.124967 2.58274
-0.6082 0.189419 7.2263
0.232641 0.128581 2.50263
0.231011 0.131537 2.44582
0.190099 0.0953109 2.55615
0.228557 0.0831099 2.53424
0.223349 0.0819393 2.56129
0.195637 0.191499 2.60441
0.196237 0.163293 2.62599
0.197735 0.159733 2.56249
0.227854 -0.0408575 2.62601
0.224588 -0.0559019 2.66339
0.215949 -0.0663413 2.68481
0.242482 0.144653 2.7968
0.106556 0.21036 2.73654
0.223091 0.17826 2.88764
0.152193 0.210511 2.84184
0.108392 0.234114 3.30769
0.0831902 0.241666 3.33555
0.249658 0.189814 4.50381
0.13389 0.263668 3.42181
0.224692 -0.0515884 3.04479
0.231391 -0.0361287 2.84197
0.220655 -0.0594725 2.75343
0.226325 0.0531843 3.01913
0.223117 -0.0124769 2.92725
0.227059 -0.0211961 3.03493
0.229451 0.0611216 2.83182
0.372642 0.143585 4.53972
0.356395 -0.00425512 4.51141
-0.160794 0.239287 2.97914
-0.493232 0.278823 3.46454
-0.373878 0.262556 3.31755
-0.43249 0.266198 3.14581
-0.3135 -0.295813 6.66157
-0.346486 -0.471057 6.69839
0.177082 -0.154468 4.71976
0.445226 -0.690171 7.26479
-0.275371 0.160857 6.61065
0.230129 -0.0123806 4.46838
-0.385136 -0.596195 6.7284
-0.400143 -0.0977508 6.91585
-0.575669 0.219065 3.08891
-0.481899 0.250654 2.96119
-0.424369 0.251453 2.86727
-0.615595 -0.00443097 3.10661
-0.858997 -0.161935 4.66429
-0.640819 0.118747 3.16095
0.199856 0.189122 2.63653
0.0067748 0.0749224 5.01288
-0.0314862 0.10328 5.556
0.221241 -0.0479196 2.90031
0.221919 -0.0461438 2.9796
0.231526 0.200519 2.83049
0.230808 0.176931 2.8317
-0.630013 0.056069 7.44747
0.237362 -0.0103612 4.55026
0.177412 0.0249835 4.69515
0.198679 0.117823 2.57041
0.188707 0.0947368 2.55475
0.227749 0.161294 3.20724
-0.76882 -0.376665 5.92288
-0.00135245 0.223474 4.68924
0.213897 -0.0267333 3.04525
0.234248 -0.053415 3.0775
0.219667 0.131043 2.69393
-0.394811 -0.287888 6.71549
1.05802 0.284478 3.77237
0.227651 -0.0388631 2.62465
-0.376438 0.275562 3.41716
0.228335 0.148085 2.79543
-0.888888 -0.170903 4.80057
0.193785 0.157555 2.55626
-0.186453 0.238685 3.20327
0.0883963 0.226582 3.10167
0.232681 0.128087 2.50388
0.233248 0.0542232 2.75388
0.232484 0.0635575 2.83002
-0.572815 0.26314 3.12279
-0.3135 -0.295813 6.66157
-0.0481688 -0.599399 6.66078
0.0993941 0.225444 3.25134
0.079913 0.238834 3.30891
0.15151 0.209848 2.84464
0.238347 0.184491 2.92003
0.22525 -0.0136094 2.93268
0.0787353 0.221301 2.8416
0.0961829 0.216586 3.04213
0.171204 -0.153142 4.70372
0.246977 0.171661 2.80641
0.224202 -0.0265216 2.66281
0.226244 -0.0278333 2.68298
0.22713 -0.0546594 2.6669
-0.364962 0.24423 2.82852
0.223805 0.0814512 2.5624
0.187825 0.0727099 2.55169
0.192573 0.14122 2.59425
0.190334 0.16139 2.61372
-0.381537 -0.587475 6.70524
0.224074 -0.044298 3.28409
0.215532 -0.0842886 3.30987
0.248895 -0.150078 3.32921
0.160973 -0.103191 3.30666
0.0416354 0.0518007 6.32893
-0.293774 -0.117785 6.68606
0.23193 0.201349 3.29781
0.227003 0.158386 3.2479
0.188115 0.160672 4.72842
0.117376 0.180405 5.01357
-0.40467 0.194906 7.18516
-0.612124 0.216654 2.96189
0.226906 0.194328 3.07094
0.231639 0.0263462 4.91443
0.0263383 0.33613 5.18781
0.222213 -0.0195141 3.02927
0.228222 -0.0394869 3.11811
0.199937 0.268895 4.51932
0.222331 0.200767 4.56027
0.191634 0.156804 2.55924
-0.161776 0.239099 2.97893
0.322571 -0.308893 4.70279
0.234892 0.0625459 2.83939
-0.0237279 -0.102106 5.33203
0.235166 0.128455 2.5067
0.230294 0.134328 2.51224
0.109849 0.222536 3.26057
0.0825365 0.239143 3.30811
0.262615 0.189646 4.61446
-0.483574 0.247926 2.9524
0.0326552 -0.13411 5.29078
0.219918 0.0805372 2.55628
0.195994 0.0728269 2.56502
0.227809 -0.0268245 2.68528
0.228108 -0.0505942 2.66619
0.214362 -0.050199 2.68763
0.22115 -0.0409823 2.74434
0.223349 -0.0473129 2.83502
0.220529 -0.0594926 2.75674
0.219335 -0.0587026 2.85009
0.378692 0.14462 4.55687
0.366475 -0.00614442 4.56839
0.224902 -0.00404533 4.46577
0.192995 0.162502 2.61788
-0.46065 0.27244 3.16978
-0.42178 0.259032 3.09663
0.228196 0.176998 2.8287
0.0940787 0.229576 2.88984
0.0875345 0.218374 2.87936
0.244481 0.279421 3.34895
0.277198 -0.059435 3.42384
-0.916126 -0.128485 6.01357
0.189198 0.159739 4.70277
0.0869866 0.16577 4.82212
0.113286 0.0200385 4.90774
0.222241 -0.0202184 2.93291
0.213279 -0.055734 2.91179
0.0218451 0.17624 5.07101
-0.0104959 0.0488158 5.29156
0.271283 0.171815 3.40445
-0.654388 0.171631 7.70726
-0.408797 -0.0211274 6.96789
-0.626551 0.213238 2.88195
-0.603353 0.123695 3.08409
0.226132 -0.0418781 2.62433
0.203122 0.112371 2.6083
0.186935 0.264741 4.44145
0.182531 0.255288 4.67205
0.287015 0.232192 4.90746
-0.171009 0.251525 4.43258
-0.0900224 0.308512 5.6209
0.212901 -0.0114578 3.00442
0.225998 -0.0506366 3.07366
0.229014 -0.03696 3.12739
0.245332 0.179012 4.50709
0.148697 0.211192 2.84798
0.225016 -0.0450792 2.62328
0.216075 -0.0491091 2.69404
0.0326552 -0.13411 5.29078
-0.215777 -0.278775 6.38694
-0.250241 -0.289954 6.27326
-0.610513 -0.00457651 3.08079
-0.575188 0.263416 3.12966
-0.580383 0.221431 3.10056
0.233063 0.127222 2.5058
0.239046 0.117663 2.50977
0.226108 0.071054 3.01319
0.170581 -0.154467 4.71922
0.110909 -0.149666 4.91617
0.169595 -0.249572 4.73059
0.194031 0.139744 2.59959
0.228965 0.0639523 2.8245
-0.430284 0.263041 3.11717
-0.455731 0.270151 3.06932
0.428394 0.124441 4.34731
0.166437 0.0141094 3.61147
0.11095 0.213046 2.94729
0.173843 0.281143 3.39164
0.013762 0.107938 2.61905
0.240779 0.18117 3.37795
0.224422 0.12105 3.27499
0.222474 -0.0600318 2.76296
0.225278 -0.0470842 2.8337
0.358414 -0.075124 3.65687
0.239504 -0.0954355 3.4043
-0.359403 -0.172802 6.00618
-0.590122 -0.320211 7.7415
-0.338531 -0.423498 6.40821
-0.585757 -0.236231 5.74523
-1.04897 0.00373328 6.99126
-0.870105 -0.232705 6.32179
-0.823447 -0.0872291 5.49496
-0.951457 -0.407288 7.58323
0.126137 0.0199449 4.98348
-0.047879 0.2556 5.30976
0.0311513 0.164612 5.24406
-0.283337 0.16467 6.53134
-0.290975 -0.0681537 6.61474
-0.413401 0.199111 7.33666
-0.371913 -0.0185515 5.72727
0.257301 -0.100662 4.50889
0.232071 0.052997 2.75184
0.22897 0.0835143 2.54056
