0.325029 -0.30635 4.6865
0.445752 -0.530696 5.18462
0.146551 -0.253324 4.61193
0.233612 0.128872 2.5024
-0.813816 -0.394852 5.87273
0.228591 0.159469 3.02414
-0.432919 0.263106 3.01928
0.232218 0.283524 4.60544
0.192893 0.0979268 2.61502
0.223707 0.062925 2.72368
0.173448 -0.106839 3.35886
0.46759 -0.00945929 4.481
0.276504 -0.539904 6.32061
0.102282 -0.137822 4.63169
0.190606 0.0746839 2.56068
0.194921 0.07399 2.56762
0.237596 0.222838 3.30701
0.208255 0.154111 4.53234
0.184061 0.164417 4.7331
0.226911 -0.0373616 2.83456
0.15911 -0.113638 2.92701
0.0833183 0.220667 2.8832
0.232817 0.0760084 3.10515
0.184258 -0.155636 4.72374
-0.0795224 0.330858 5.54318
-0.388205 -0.0987165 6.82324
0.0188802 -0.127932 5.2871
-0.0507183 -0.0926107 5.52241
-0.725009 -0.442354 6.00193
0.122203 0.181235 4.98659
0.224751 0.194228 2.95892
0.18386 0.268474 4.57603
-0.0334509 0.226339 5.6962
-0.0732849 0.0433248 5.57325
-0.977014 -0.484062 6.19226
-0.893954 -0.506598 5.97203
0.260272 0.13299 2.51187
0.22516 0.0716199 2.67605
0.217104 -0.0680894 2.68639
0.231101 -0.062892 2.58648
0.223871 0.0626433 2.72401
0.238334 0.144215 2.87739
0.229847 0.158427 3.23664
0.219497 -0.060063 2.7498
0.239528 -0.0210764 2.95763
0.234499 0.0611636 2.84382
0.382214 -0.491077 5.01761
-0.181927 0.255341 3.30562
-0.0564474 -0.773993 6.98001
-0.421889 0.248447 2.85042
0.214144 -0.048049 3.10047
-0.296687 -0.275485 6.62127
0.219677 0.168504 3.00658
0.222387 0.0822643 2.56036
0.23186 -0.026859 2.67528
0.194846 -0.135777 3.32223
-0.650017 0.0426252 7.71643
-0.250517 0.279102 6.67317
-0.257355 0.15561 6.54941
-0.431134 0.270852 3.16509
0.23796 0.22151 3.30871
0.217911 -0.0581921 2.8481
0.384952 0.0256677 4.56021
0.230169 0.19801 2.72447
0.195375 0.126716 2.5898
-0.37052 0.296172 6.92127
-0.51871 0.283472 7.33526
0.229765 0.159148 4.69106
-0.382661 0.0155601 6.93779
-0.48275 -0.0569113 7.16837
-0.389865 -0.0973529 6.77047
-0.164288 0.372213 5.74361
0.191121 0.158213 2.55079
0.169351 0.153206 2.54665
0.178078 0.220931 2.899
0.230896 0.207968 3.00084
0.170168 -0.105668 3.35145
0.232539 0.204944 2.90186
0.227075 0.176914 2.89922
0.22394 0.193121 2.95828
0.0284087 0.285373 4.52851
0.231126 0.210641 3.15174
-0.409343 0.289406 3.84704
0.121554 0.0196494 5.21419
0.182741 -0.155121 4.71807
-0.100394 -0.0300956 5.72767
-0.0539591 -0.0910183 5.47698
-1.04305 0.470547 7.45081
-0.133992 -0.042158 5.71825
-0.258803 -0.00410425 6.32848
-0.276583 -0.122707 6.65492
-0.892438 -0.0841591 6.03609
0.236476 0.0760719 3.11474
0.226131 0.0538324 3.01392
-0.724669 -0.441299 5.98333
-0.779098 -0.381047 5.98109
0.218941 -0.0250881 2.90586
0.215216 -0.028085 2.9398
0.235217 0.186928 4.40566
0.185939 0.198413 4.51035
0.235273 0.197141 2.8638
-0.904168 -0.321853 7.08874
-0.823256 -0.327876 6.25813
-0.0370386 0.213744 5.56322
-0.670473 0.220104 7.78274
0.195923 0.137624 2.5777
0.233362 -0.0562018 2.69769
0.222236 -0.0685432 2.69739
0.228696 -0.0369362 2.62376
0.227331 -0.0620842 2.58046
0.228111 0.133411 3.28292
0.118767 0.237386 2.94923
0.236139 -0.0425237 2.76894
0.222197 -0.0228839 3.0176
0.25046 0.0524072 2.78236
0.234318 0.0612143 2.84258
0.350682 -0.0066928 4.49506
-0.184083 0.253435 3.29158
-0.0562034 -0.184207 5.53017
0.129443 -0.154467 4.89248
0.418464 -0.686561 7.4723
-1.00777 -0.358444 6.31003
-0.383731 -0.59846 6.73741
-0.566916 0.220909 3.07284
-0.565328 0.257313 3.0875
-0.425768 0.252378 2.8717
-0.893031 0.0711365 4.85082
0.239386 -0.053628 2.65337
0.349627 -0.00616362 4.49565
0.266784 0.000574277 4.32477
0.194507 -0.122496 3.23979
0.0923348 0.220099 2.7682
0.152193 0.210511 2.84184
0.22348 0.0695943 2.99876
0.236377 0.0775641 3.11346
0.223277 0.0534503 3.00832
0.172024 -0.0400735 2.91045
0.233389 0.0570917 3.34048
0.1427 0.248316 2.92967
-0.4857 -0.0597152 7.07789
0.231688 0.135185 2.51649
0.0349903 -0.134268 5.21472
0.0888537 0.244776 3.36687
0.0144193 0.272193 4.49354
0.00579724 0.2172 4.50495
0.223091 0.17826 2.88764
0.22613 0.194539 2.9631
-0.327262 -0.386711 6.64869
0.204145 0.167076 2.63883
0.378899 0.126687 4.4981
0.360425 0.0857765 4.3977
0.21494 -0.164104 3.31014
-0.00608365 0.0381345 5.00481
0.230447 -0.091486 3.35835
0.21973 0.153211 4.62851
0.179618 0.1622 4.6754
0.19447 0.0398678 4.77159
0.197735 0.159733 2.56249
0.226019 0.216778 3.26524
0.115906 0.179685 4.95058
0.224966 0.0703181 2.67658
-0.280336 -0.00360422 6.44716
-0.283899 -0.121575 6.64748
-0.8294 -0.223705 6.03173
-0.842112 -0.340013 6.41449
0.188972 0.106282 2.58053
0.232478 0.195028 2.85964
0.225018 0.174306 2.81
0.240937 0.196402 2.89161
0.171707 0.260104 4.51806
0.240228 0.179536 4.63241
0.18755 0.19856 4.52956
0.0390608 0.188519 5.07886
-0.0413032 0.206293 5.45026
-0.0319722 0.0877073 5.57399
-0.914576 -0.368878 5.92933
-0.924776 -0.531047 6.19739
-1.02843 -0.472576 6.03293
0.233048 0.135207 2.47015
0.222771 0.0820086 2.56194
0.203891 0.0695111 2.57615
0.229538 0.142097 2.7708
0.2365 0.210275 3.01612
0.219014 0.201952 2.72338
0.237102 0.169172 2.78714
0.108078 0.234807 3.30764
0.224904 0.13464 3.26925
0.220655 -0.0594725 2.75343
0.228767 -0.0113892 2.93987
0.222197 -0.0228839 3.0176
0.234318 0.0612143 2.84258
0.33506 -0.314641 4.7566
0.221356 -0.0419193 3.27304
0.360441 0.141581 4.48923
0.179628 -0.155866 4.73486
-0.260905 0.151873 6.38462
0.200222 0.00858427 4.5573
-0.611462 -0.264294 6.12031
-0.385136 -0.596195 6.7284
-0.378062 0.17658 6.87647
-0.492729 0.278481 3.46596
-0.424369 0.251453 2.86727
-0.364075 0.245736 2.84311
-0.43833 0.263705 3.11375
-0.92645 -0.0416822 5.0079
-0.610352 -0.00424005 3.09703
-0.610096 0.216817 2.9589
0.228973 0.170737 3.03157
0.224652 0.192777 3.06553
0.0371036 0.263239 4.37477
0.101221 -0.138805 5.07601
0.143084 0.168743 5.43892
0.121197 0.109145 5.73486
0.192573 0.14122 2.59425
-0.641951 0.0515839 7.60593
-1.30743 -0.0160683 8.27726
-0.874663 -0.0789131 5.79087
0.226923 0.161122 4.78213
0.182869 0.158421 4.67947
0.221586 -0.0868392 3.33369
0.190334 0.16139 2.61372
-0.851943 -0.230307 6.20362
-0.768005 -0.333183 6.23036
-0.799656 -0.311751 6.06354
0.195442 0.0974384 2.56493
0.0605791 0.210121 5.45771
-0.946743 -0.390875 6.15109
-0.984394 -0.479214 6.345
0.227059 -0.0211961 3.03493
0.187802 -0.0434088 2.95068
-0.6082 0.189419 7.2263
-0.71567 -0.434482 5.87548
0.204732 0.26862 4.52018
0.190032 0.265438 4.66124
0.249658 0.189814 4.50381
0.0124835 0.28632 4.62651
-0.0466614 0.276718 5.45589
0.221657 -0.0483821 2.90562
0.219077 -0.0460351 2.96478
0.232641 0.128581 2.50263
0.210646 0.131794 2.67469
0.223349 0.0819393 2.56129
0.193301 0.158233 2.55337
0.232221 -0.0425107 2.76514
0.228105 -0.0561347 2.67005
0.221884 -0.0523418 2.72967
0.218982 0.0536308 2.7265
0.242482 0.144653 2.7968
0.148612 0.208178 2.83074
0.234677 0.180187 2.91329
0.225599 0.191944 2.84291
0.0831902 0.241666 3.33555
0.103996 0.214693 2.97544
0.220655 -0.0594725 2.75343
0.219548 -0.0581349 2.85201
0.240875 0.0559995 2.78188
0.221356 -0.0419193 3.27304
0.356395 -0.00425512 4.51141
-0.373878 0.262556 3.31755
0.177082 -0.154468 4.71976
-0.275371 0.160857 6.61065
0.112252 0.0163065 4.96539
-0.381537 -0.587475 6.70524
-0.395619 0.182491 7.01417
-0.400143 -0.0977508 6.91585
-0.482298 0.252318 2.97456
-0.570814 0.260762 3.10811
-0.366208 0.248768 2.85485
-0.888888 -0.170903 4.80057
-0.615595 -0.00443097 3.10661
-0.40875 0.00673384 7.01466
-0.293774 -0.117785 6.68606
-0.498416 -0.0593835 7.24657
0.252712 -0.0615383 3.44175
0.215532 -0.0842886 3.30987
0.19791 0.136161 2.58166
0.190786 0.124967 2.58274
-0.630013 0.056069 7.44747
0.196237 0.163293 2.62599
0.314109 0.247161 3.50892
0.227749 0.161294 3.20724
-0.3135 -0.295813 6.66157
0.222924 0.0949606 3.30775
-0.558491 0.308399 7.27852
-0.788907 -0.049156 5.4495
-0.76882 -0.376665 5.92288
0.0067748 0.0749224 5.01288
0.227125 -0.0201627 3.03701
0.234248 -0.053415 3.0775
0.22525 -0.0136094 2.93268
0.221919 -0.0461438 2.9796
0.237362 -0.0103612 4.55026
0.177412 0.0249835 4.69515
0.198679 0.117823 2.57041
0.190099 0.0953109 2.55615
0.191584 0.104344 2.59234
0.322571 -0.308893 4.70279
0.22897 0.0835143 2.54056
0.228557 0.0831099 2.53424
-0.858997 -0.161935 4.66429
-0.186453 0.238685 3.20327
0.15151 0.209848 2.84464
0.238347 0.184491 2.92003
0.0883963 0.226582 3.10167
0.079913 0.238834 3.30891
0.234892 0.0625459 2.83939
-0.283832 -0.349621 6.56217
0.108392 0.234114 3.30769
0.226906 0.194328 3.07094
-0.481899 0.250654 2.96119
0.0662645 0.211017 2.74704
0.226325 0.0531843 3.01913
-0.363069 0.291803 3.98084
0.171204 -0.153142 4.70372
0.221241 -0.0479196 2.90031
0.222474 -0.0600318 2.76296
0.219335 -0.0587026 2.85009
0.227809 -0.0268245 2.68528
0.22713 -0.0546594 2.6669
0.222164 -0.052404 2.72993
0.231526 0.200519 2.83049
0.246977 0.171661 2.80641
0.230808 0.176931 2.8317
-0.346486 -0.471057 6.69839
0.372642 0.143585 4.53972
0.366475 -0.00614442 4.56839
0.277198 -0.059435 3.42384
0.192573 0.14122 2.59425
-0.157891 0.0605049 5.73868
-0.0237279 -0.102106 5.33203
-0.128642 -0.045605 5.68298
0.23193 0.201349 3.29781
0.227003 0.158386 3.2479
0.187825 0.0727099 2.55169
0.117376 0.180405 5.01357
0.113286 0.0200385 4.90774
-0.575669 0.219065 3.08891
-0.612124 0.216654 2.96189
0.0416354 0.0518007 6.32893
0.0218451 0.17624 5.07101
0.0431599 0.0985491 5.29332
-0.0314862 0.10328 5.556
0.231639 0.0263462 4.91443
0.0263383 0.33613 5.18781
-0.00135245 0.223474 4.68924
0.22525 -0.0136094 2.93268
0.221919 -0.0461438 2.9796
0.182531 0.255288 4.67205
0.262615 0.189646 4.61446
0.229014 -0.03696 3.12739
0.234248 -0.053415 3.0775
0.189166 0.105111 2.56117
0.227651 -0.0388631 2.62465
0.230294 0.134328 2.51224
-0.476351 0.250564 2.97777
-0.572815 0.26314 3.12279
0.232681 0.128087 2.50388
0.239046 0.117663 2.50977
0.233248 0.0542232 2.75388
0.223805 0.0814512 2.5624
0.232484 0.0635575 2.83002
-0.138005 0.235152 2.9698
-0.161776 0.239099 2.97893
0.11483 -0.147501 4.81381
0.0787353 0.221301 2.8416
0.186311 0.201728 3.14711
0.0326552 -0.13411 5.29078
-0.250241 -0.289954 6.27326
0.226108 0.071054 3.01319
0.0993941 0.225444 3.25134
0.207958 0.134888 2.67084
-0.42178 0.259032 3.09663
-0.455731 0.270151 3.06932
-0.442393 0.254292 3.07563
0.36678 -0.000997273 4.55426
0.221241 -0.0479196 2.90031
0.225278 -0.0470842 2.8337
0.226244 -0.0278333 2.68298
0.214362 -0.050199 2.68763
0.220529 -0.0594926 2.75674
0.224074 -0.044298 3.28409
0.193785 0.157555 2.55626
0.195585 0.158247 2.5641
0.194031 0.139744 2.59959
0.219667 0.131043 2.69393
-0.0966503 0.295135 5.31897
0.188115 0.160672 4.72842
0.0869866 0.16577 4.82212
0.0769564 0.294179 4.71395
-0.916126 -0.128485 6.01357
-0.76882 -0.376665 5.92288
-0.945892 -0.419976 6.25056
0.271283 0.171815 3.40445
0.235095 0.140397 3.31225
0.188707 0.0947368 2.55475
0.195994 0.0728269 2.56502
-0.123873 -0.0560836 5.68596
0.213279 -0.055734 2.91179
-0.40467 0.194906 7.18516
-0.654388 0.171631 7.70726
-0.408797 -0.0211274 6.96789
-0.376438 0.275562 3.41716
-0.371913 -0.0185515 5.72727
0.222213 -0.0195141 3.02927
0.228222 -0.0394869 3.11811
-0.171009 0.251525 4.43258
-0.0900224 0.308512 5.6209
0.0311513 0.164612 5.24406
0.186935 0.264741 4.44145
0.199937 0.268895 4.51932
0.245332 0.179012 4.50709
-0.610513 -0.00457651 3.08079
-0.46065 0.27244 3.16978
0.216075 -0.0491091 2.69404
0.22115 -0.0409823 2.74434
-0.575188 0.263416 3.12966
0.192995 0.162502 2.61788
0.170581 -0.154467 4.71922
0.110909 -0.149666 4.91617
0.228965 0.0639523 2.8245
0.0326552 -0.13411 5.29078
-0.215777 -0.278775 6.38694
0.224158 0.0723354 3.00694
0.235166 0.128455 2.5067
0.11095 0.213046 2.94729
0.253234 0.220527 3.32572
0.378692 0.14462 4.55687
0.166437 0.0141094 3.61147
0.22897 0.0835143 2.54056
0.219918 0.0805372 2.55628
0.173843 0.281143 3.39164
0.109849 0.222536 3.26057
0.226402 0.331881 4.10801
0.189198 0.159739 4.70277
0.126137 0.0199449 4.98348
0.358414 -0.075124 3.65687
0.206607 -0.0723416 3.31161
0.223349 -0.0473129 2.83502
0.221682 -0.0451452 2.90668
-0.951457 -0.407288 7.58323
-0.870105 -0.232705 6.32179
0.240779 0.18117 3.37795
0.224422 0.12105 3.27499
-0.047879 0.2556 5.30976
-1.04897 0.00373328 6.99126
-0.0104959 0.0488158 5.29156
0.222241 -0.0202184 2.93291
0.225998 -0.0506366 3.07366
-0.359403 -0.172802 6.00618
-0.590122 -0.320211 7.7415
-0.338531 -0.423498 6.40821
-0.585757 -0.236231 5.74523
0.211011 0.189909 2.84663
0.228196 0.176998 2.8287
-0.283337 0.16467 6.53134
0.257301 -0.100662 4.50889
0.148697 0.211192 2.84798
