0.248557 0.208223 2.86966
0.140436 -0.247798 4.5516
-0.868828 0.322932 4.67528
0.0903472 0.224804 2.90479
-0.921979 -0.368772 5.97455
0.23286 0.144695 2.89531
0.237109 0.16304 3.31269
0.214587 -0.0482707 3.10159
0.463853 -0.00949059 4.46585
-0.224262 -0.268447 6.34278
0.283672 -0.546268 6.39089
-0.134003 -0.0422195 5.71612
0.122605 0.0195759 5.23172
0.179412 -0.109235 3.38084
0.179503 -0.153587 4.68637
0.109353 -0.141199 4.69317
-0.442502 0.268817 3.15012
-0.426508 0.319647 4.73103
-0.430011 0.259853 3.00245
0.197023 0.163851 2.62033
0.177065 0.155577 2.55739
-0.650104 0.0426108 7.71929
-0.435338 0.247281 2.87863
-0.850849 -0.231028 4.21283
0.233074 -0.0503532 2.93283
0.0972976 0.223968 2.81902
-0.846713 0.311863 4.58007
-0.722093 -0.439846 5.97613
0.121874 0.180925 4.98161
-0.387043 -0.0991276 6.81264
0.238651 0.213904 3.09143
0.15149 -0.106638 3.03801
0.238275 0.287475 4.6537
-0.0500255 -0.0922355 5.53261
-0.890297 -0.0844381 6.02383
0.193678 0.0979011 2.61565
-0.909568 -0.520069 6.08186
0.240191 0.201797 2.73916
0.23346 -0.0590457 2.65503
0.231084 0.0629266 2.73626
2.04332 0.569582 6.73179
-0.185474 0.242377 3.20582
-0.0552041 -0.73053 7.55808
-0.26172 0.152113 6.39821
-0.563825 -0.2431 5.85341
-0.905105 0.00767189 4.31815
-0.601147 -0.00395203 3.07528
-0.611656 0.203778 3.05618
0.206409 0.153575 4.51725
0.183519 0.164329 4.72771
0.230606 -0.0412059 2.75791
0.194795 0.162847 2.61672
0.231757 -0.019963 2.93918
0.218469 -0.046858 2.90202
0.170107 -0.105798 3.35106
0.192024 -0.134848 3.31061
-0.480942 0.259595 3.06266
-0.440221 0.340071 4.94047
-0.824466 -0.327947 6.26686
0.229013 0.1954 2.96824
0.207299 0.164195 2.60153
-0.163497 0.373347 5.76285
-0.079406 0.33116 5.54847
-0.378211 0.176591 6.87747
0.190857 0.099962 2.55586
0.189115 0.0948975 2.56283
0.230358 0.210309 3.14885
0.214001 -0.0222461 2.99407
-0.86953 0.278133 4.58157
0.22904 0.17767 2.90316
0.163364 -0.112718 3.07059
0.018625 -0.12717 5.27397
-0.0162018 -0.112477 5.49113
0.129478 -0.154368 4.89119
0.104156 -0.151917 4.98412
-0.297084 0.000147528 6.6873
-0.390105 -0.0972868 6.7769
0.23575 0.222139 3.30073
-0.296253 -0.274976 6.60829
0.194007 0.0988714 2.61708
-0.884711 -0.0794786 5.86886
0.203598 0.268431 4.512
-0.671413 0.220462 7.79558
-0.00532883 0.213654 5.44463
0.0557273 0.0973579 5.19077
-0.0736772 0.0427732 5.56264
-0.918601 -0.527114 6.1566
-0.969991 -0.480316 6.14936
0.227766 0.197373 2.71973
0.217631 0.197337 2.72456
0.220442 -0.0599605 2.7506
0.225577 0.0631811 2.72634
0.230621 0.171734 3.03115
0.221752 0.195421 3.09313
0.235021 0.143475 2.86963
0.0865506 0.243414 3.355
0.228548 -0.0273929 3.09139
0.227601 -0.0373452 2.83537
0.22242 0.055195 3.00152
0.233034 0.0758387 3.10498
0.233283 0.0610797 2.84044
0.216249 -0.00773626 2.90592
0.322456 -0.304341 4.66834
0.221155 -0.0418546 3.27161
0.350449 -0.00632934 4.49267
0.0282113 0.285257 4.52592
-1.04378 0.470048 7.45735
-0.280984 0.243806 2.87914
0.18239 -0.154939 4.71343
0.417437 -0.692512 7.50769
-0.25741 0.155436 6.54849
-0.258965 -0.00394759 6.32738
-0.384046 -0.598625 6.73851
-0.678708 0.293137 3.69498
-0.573443 0.124585 3.03844
-0.579537 0.226888 3.11308
-0.879066 -0.132362 4.1376
0.233506 0.209015 3.00728
0.224656 0.193348 2.95976
0.0525941 -0.123381 4.94641
-0.837583 -0.226641 6.09355
0.259504 -0.149115 3.54959
0.205991 -0.151262 3.30457
-0.430561 0.269068 3.15757
-0.533772 0.286043 3.54652
-0.86418 0.308366 4.58256
0.194349 0.100134 2.56066
0.197218 0.10712 2.59219
0.188824 0.0955456 2.56147
0.347778 -0.0056692 4.48355
0.315463 0.0234059 4.54143
0.213721 0.169999 2.6676
-0.782588 -0.340537 6.35336
0.114892 0.178793 4.93515
0.217392 0.122041 4.6681
-0.276856 -0.122828 6.66049
-0.326772 -0.387243 6.65066
-0.421889 -0.414946 7.34109
-0.771411 -0.376542 5.91956
-0.718232 -0.436454 5.89813
0.221231 -0.0291571 2.9538
0.221578 -0.0229258 3.01542
0.00310332 0.215315 4.47509
0.196123 0.127416 2.58873
-0.00916521 0.0379755 4.93982
-0.0131652 -0.116547 5.51461
0.228177 0.1845 3.1679
0.238498 0.221936 3.31035
0.233334 0.163451 3.29181
0.236206 0.178205 4.60006
0.188186 0.198915 4.52645
-0.518806 0.283636 7.33691
0.0402457 0.188758 5.09044
-0.0327965 0.225854 5.70769
-0.922951 -0.373212 5.98566
-0.998076 -0.49963 6.32102
0.189063 0.075136 2.55744
0.224155 0.082426 2.5624
0.228219 0.193925 2.75823
0.230714 0.142326 2.77251
0.224638 -0.0501259 2.62932
0.220008 -0.0592522 2.75134
0.226413 -0.0558074 2.66628
0.229182 -0.0552075 2.68949
0.223161 0.169484 3.01674
0.165728 0.215934 2.8689
0.230984 0.20454 2.89761
0.230305 0.192447 2.86895
0.230675 0.133702 3.29199
0.0619561 0.244062 3.37599
0.230817 -0.0373329 2.84158
0.219956 -0.0586833 2.85262
0.228409 0.0540497 3.01973
0.231593 0.0759758 3.10119
0.234169 0.0612646 2.84164
0.225856 -0.0111374 2.93164
0.333834 -0.313713 4.74683
0.46854 -0.00845861 4.50167
-0.0769514 0.333189 5.7527
-0.355943 0.280682 3.87821
0.0346215 -0.133561 5.19078
-0.222157 -0.277354 6.43251
-0.0486976 -0.594947 6.61884
-0.0540144 -0.614783 6.8504
0.179649 -0.15588 4.73474
-0.135216 -0.0393386 5.69893
0.23405 -0.0130472 4.47365
-0.384886 -0.595625 6.72225
-0.396081 0.18264 7.02201
-0.953207 0.315726 5.31182
-0.472255 0.25255 3.03285
-0.440795 0.265904 3.12803
-0.491906 0.277907 3.46019
-0.582559 0.126868 3.06462
-0.481672 0.252638 2.97492
-0.571536 0.261096 3.11032
-0.899009 0.070838 4.87732
0.232588 0.0521406 2.74934
0.229202 -0.0418507 2.7581
0.227076 -0.0537895 2.73811
0.372647 0.125654 4.46363
0.36491 0.0868097 4.41833
0.226117 0.193515 3.06997
0.225371 0.174279 2.81014
0.229554 0.176804 2.82773
0.220388 0.151468 2.81219
0.226504 0.192329 2.84483
-0.278646 -0.00348184 6.42935
-0.401195 -0.0978922 6.933
0.217192 0.152885 4.60612
0.180116 0.162275 4.68005
0.210057 0.118584 4.61672
-0.540236 0.398446 6.80123
-0.312482 -0.294178 6.62599
-0.736242 -0.345791 5.85294
0.221578 -0.0229258 3.01542
0.221004 -0.046219 2.96899
0.192247 -0.0445263 2.96019
-0.608303 0.188821 7.22918
0.0555267 0.208891 5.43414
-0.0370406 0.21349 5.56454
-0.0319655 0.0877318 5.57406
0.227691 -0.0257438 2.92487
0.172224 0.24286 4.15373
0.171317 0.259811 4.51388
0.250253 0.1901 4.50772
0.185265 0.197981 4.51107
0.0106028 0.267728 4.4241
0.193125 0.103942 2.59635
-0.184789 0.250615 3.26845
0.249513 -0.104219 4.49255
-0.606948 -0.00388632 3.08428
0.22718 -0.0388266 2.62299
0.22109 0.0819481 2.55842
0.234169 0.0612646 2.84164
0.229008 0.170786 3.03108
-0.477272 0.249503 2.95928
-0.567367 0.258042 3.0934
-0.911719 -0.0403639 4.94014
0.108279 0.23502 3.30849
0.234098 0.143209 2.77969
-0.37561 0.26554 3.33789
0.223022 0.0536731 3.00691
0.236151 0.0776014 3.11209
-0.493149 0.27856 3.46302
0.194596 0.137649 2.57513
0.194885 0.118408 2.55902
0.192645 0.126331 2.5849
0.231152 -0.0265784 2.67333
0.177233 -0.154321 4.71976
0.197832 0.100049 2.56566
0.194987 0.0741803 2.56717
-0.357797 0.283556 3.88755
0.148907 0.208504 2.8314
0.234582 -0.0927798 3.37131
0.160896 -0.103113 3.30561
0.360648 0.142116 4.49
0.355202 -0.00437556 4.50488
-0.379835 -0.585475 6.68375
0.226406 0.134752 3.27462
0.200771 0.00866887 4.56221
0.112231 0.0163461 4.96416
-0.0051449 -0.122043 5.67318
-0.159252 0.0613447 5.68516
0.193975 0.142275 2.59622
0.202873 0.16666 2.63606
-0.860771 -0.232075 6.2602
-0.946841 -0.391273 6.15305
-0.641045 0.051491 7.59435
-0.407992 0.00611027 6.99557
-0.293673 -0.117834 6.68103
-0.0965373 0.295739 5.33504
0.223683 -0.0209343 3.02458
0.217437 -0.0498897 3.02435
-0.0413131 0.20637 5.44998
0.119074 0.108874 5.73636
0.183541 0.159647 4.68711
0.230883 -0.0125189 4.47568
-0.559728 0.307611 7.27434
0.179456 0.111525 2.58648
-0.63244 0.0567321 7.48638
-0.499211 -0.0596465 7.22284
0.237024 0.202767 3.31425
-0.394859 -0.28815 6.71858
-0.772006 -0.378634 5.94904
0.0145394 0.287549 4.65216
-0.0469237 0.276578 5.44668
0.201439 0.26937 4.52975
0.190087 0.266087 4.66191
0.227774 -0.0407968 2.62526
0.224817 0.318669 3.97807
-0.15974 0.25084 3.03496
0.214228 0.0607661 2.80131
-0.899584 -0.15762 4.15286
0.224764 0.0538934 2.73632
0.230278 0.0832572 2.53741
0.223386 0.0820567 2.56085
0.223946 -0.0527986 2.73306
0.223732 -0.0263745 2.66133
-0.891264 0.0737558 4.85021
-0.479094 0.249238 2.9596
-0.575225 0.263426 3.12937
0.115381 -0.147849 4.82672
-0.950505 0.327578 5.3728
0.108512 0.234151 3.30761
0.0821747 0.240941 3.32857
0.149708 0.209618 2.83435
0.0873246 0.218312 2.87829
0.224942 0.216522 3.26087
0.226177 0.0531804 3.01807
0.193733 0.115486 2.56096
0.229937 0.194387 2.85264
0.228216 0.192127 2.86437
0.233744 0.180391 2.91077
0.221155 -0.0418546 3.27161
0.258229 -0.0620905 3.46158
0.224349 -0.0874601 3.34213
0.222683 0.0944221 3.30604
0.233301 0.140269 3.30451
0.191703 0.0958172 2.55872
0.189946 0.106513 2.58157
0.194649 0.0690414 2.56001
-0.345152 -0.466057 6.60178
0.360648 0.142116 4.49
0.365718 -0.00597834 4.56034
0.0352262 0.0509645 6.19994
-0.0617469 0.064474 5.62001
0.219256 -0.0581854 2.85071
0.221122 -0.0481814 2.9035
0.117206 0.180493 5.00925
-0.807872 -0.0519993 5.57212
0.222708 0.0719307 2.67087
-0.275048 0.161116 6.61047
0.194226 0.0973125 2.56236
0.19221 0.12527 2.58455
0.228089 0.0260865 4.86588
0.23604 -0.0100195 4.53561
-0.652758 0.17138 7.6916
0.0218636 0.176608 5.06626
0.00946566 0.0758654 5.05914
-0.0323982 0.104486 5.5389
0.0245683 0.327265 5.09354
0.235977 0.125643 2.70707
1.05743 0.284544 3.77079
0.181528 0.254643 4.66305
0.259197 0.188737 4.58885
0.232833 0.0633821 2.83049
-0.610667 -0.00457322 3.08119
-0.432466 0.26608 3.1449
-0.941373 -0.329552 5.88009
-0.891442 -0.173611 4.81395
0.224006 0.184027 3.16149
-0.392108 0.267533 3.51777
0.231053 -0.0360287 2.84059
-0.191595 0.217108 3.05595
0.22908 0.0836176 2.54046
0.223267 0.0813104 2.5608
0.225803 -0.0274352 2.68133
-0.575225 0.263426 3.12937
-0.575099 0.219091 3.08636
0.0324306 -0.133788 5.27704
-0.215449 -0.278602 6.37435
0.118417 0.223433 3.01971
0.181628 0.200762 3.12909
0.0958495 0.216457 3.04043
0.230047 0.0568775 2.74739
0.171134 -0.153003 4.70125
0.0872742 -0.129002 4.71946
0.235029 0.168258 2.78315
0.225543 0.071207 3.01065
0.228996 0.075369 3.08313
0.237173 0.184494 2.91653
0.0802474 0.239151 3.31103
0.368076 -0.00120422 4.56035
0.352745 -0.0760508 3.63461
0.216412 -0.0845795 3.31233
0.225238 -0.0135014 2.93204
0.223659 -0.0472395 2.83524
0.223041 -0.0482871 2.90619
0.22521 0.15794 3.24084
0.181275 0.0989543 2.57546
0.195491 0.0731626 2.56355
-0.0105033 0.0490107 5.28966
0.188303 0.160681 4.73006
0.11352 0.020242 4.91125
-0.840164 -0.0904659 5.60547
-0.939547 -0.427048 6.57565
0.2228 -0.019219 3.03037
0.221965 -0.0460864 2.9792
0.192919 0.141468 2.59452
0.196344 0.11721 2.5654
0.224783 0.0705256 2.68197
-0.283284 0.164492 6.5348
-0.990578 -0.0667206 6.0914
0.261036 -0.106195 4.54046
0.218872 0.253233 3.76718
0.225842 0.193965 3.06744
0.262978 0.169453 3.37065
0.258885 -0.0505067 3.42437
0.195042 0.13597 2.57642
0.192919 0.141468 2.59452
0.182588 0.260331 4.39721
0.247089 0.179182 4.5192
-0.606119 -0.0033816 3.06581
0.227257 -0.0268203 2.68366
-0.596882 0.128965 3.10009
0.23433 0.166207 2.78111
0.219886 0.0809651 2.55343
-0.571951 0.262079 3.11747
-0.580231 0.221038 3.09904
-0.373222 0.270443 3.37681
0.0324306 -0.133788 5.27704
0.234252 0.0625132 2.83724
0.378352 0.144806 4.55517
0.17854 0.0135024 3.67693
0.17046 -0.154357 4.71695
0.110659 -0.149424 4.90874
0.229074 0.0505535 3.02769
0.235209 0.0777569 3.1041
0.227799 0.1769 2.82715
-1.01345 0.474096 7.3916
0.140959 0.239971 3.40141
0.193062 0.0951738 2.56126
0.206922 0.206318 3.18599
0.212857 0.0627123 3.29441
-0.230765 0.27675 4.23686
0.191616 -0.0700683 3.24791
-0.582461 -0.23485 5.72241
-0.91962 -0.386048 7.29023
0.225238 -0.0135014 2.93204
0.227587 -0.047665 2.84109
0.223041 -0.0482871 2.90619
-0.00190173 0.220494 4.65493
-0.0476061 0.256506 5.31505
0.18918 0.158587 4.69816
0.0873985 0.166176 4.82717
0.229426 -0.0181727 3.05379
0.227373 -0.0390684 3.1138
0.232434 -0.0530832 3.07161
-0.291746 -0.069073 6.66206
-1.04737 0.00208003 6.97778
-0.600756 -0.325185 7.88159
-0.25037 -0.28855 6.22128
0.193375 0.114892 2.56148
-0.456239 0.267308 3.15318
0.255426 -0.0993465 4.48966
0.226356 -0.0323185 2.82956
