0.232062 0.158654 3.10318
-0.953329 0.00629026 4.45845
-0.897281 0.043034 4.20287
-0.650818 0.0388605 7.70391
0.140807 -0.247928 4.55251
-0.386986 -0.0987007 6.80616
0.171146 -0.106046 3.34847
-0.850842 -0.230759 4.21088
-0.184827 0.246661 3.23123
-0.0495935 -0.0920826 5.54422
-0.415349 0.265148 3.11388
0.231122 0.144263 2.88951
0.240542 -0.0314976 2.99103
0.226333 0.137502 2.74483
0.22389 -0.0458868 2.74059
0.224609 0.0554587 2.74509
0.210469 0.0623316 2.70418
0.0878658 0.247711 3.35961
0.218893 0.0549802 2.9937
0.22951 0.0605341 2.83362
0.286621 -0.550379 6.43019
-0.578249 0.228073 3.10987
-0.596927 -0.00346612 3.06187
0.191695 -0.1346 3.30702
0.088669 0.223938 2.89778
-0.866537 0.323134 4.66468
-0.490464 0.259246 3.00362
0.226006 0.200254 2.94072
0.180898 -0.153905 4.69361
0.113792 -0.143374 4.72871
0.0969861 -0.233224 4.60823
-0.0792689 0.331495 5.55262
0.250969 0.215167 3.03861
0.230789 0.195826 2.97013
-0.389799 -0.100836 6.91175
-0.904479 -0.0872381 6.11693
-0.719566 -0.437517 5.93997
-0.673889 0.355911 7.66541
0.156587 -0.10661 3.10764
-0.312089 -0.38015 6.5316
0.239506 -0.0314356 2.98897
0.228352 -0.0564328 2.97351
-0.917159 -0.526679 6.14558
0.221712 0.0824511 2.55659
0.195164 0.118419 2.55624
0.19541 0.163213 2.61572
3.15186 -0.70899 7.33485
0.229007 -0.0491649 2.74414
0.225783 0.160046 3.27666
0.226736 -0.0260258 3.08909
0.218805 -0.0582805 2.84791
0.207319 -0.0587627 2.89293
0.221364 -0.00786821 2.91736
0.50437 0.144372 4.57207
0.463763 -0.00934997 4.46354
0.237403 -0.022482 3.36343
-0.368172 0.299861 4.02398
0.125325 -0.419139 6.58178
-0.0513991 -0.723301 6.95572
-0.257382 0.155223 6.54093
-0.562753 -0.241611 5.83547
-0.785097 0.0303156 8.02475
-0.523664 0.287688 3.71044
-0.512023 0.268009 3.16383
-0.613817 0.204597 3.06076
-0.59152 0.211334 3.05613
-0.581794 0.263177 3.13093
-0.905586 0.0081198 4.31791
0.214779 0.0686616 2.55212
0.206504 0.077343 2.55652
0.221818 0.068926 2.99329
0.225949 0.0551778 3.00761
0.228242 0.0757355 3.09
0.233723 0.143258 2.86484
0.218021 -0.0581175 2.8459
-0.428723 0.258666 2.99491
0.12049 0.0189647 5.19883
-0.134355 -0.0419901 5.72791
-0.25918 -0.00359627 6.33153
0.226497 0.176732 2.89535
0.159272 0.288902 4.68281
-0.437398 0.335108 4.88506
-0.579663 0.457291 7.43829
-0.649397 0.0423818 7.70839
0.234647 0.17291 3.03866
-0.715968 -0.433509 5.91871
0.207572 0.153747 4.52398
0.184106 0.164476 4.73132
-0.850178 -0.230709 6.18558
-0.823882 -0.327404 6.26073
0.184416 0.153818 3.16445
-0.518532 0.283617 7.32584
-0.26134 0.151964 6.39111
0.233813 0.19969 3.12387
0.225514 0.208298 3.13256
0.233543 0.285116 4.61624
0.184164 0.268403 4.57536
0.232822 0.177061 4.5731
0.121729 0.180896 4.97831
-0.297446 -0.000118129 6.67252
-0.277298 -0.122753 6.66313
0.0196743 -0.127346 5.28628
-0.0163364 -0.112356 5.48833
0.130002 -0.154706 4.89963
0.108616 -0.142443 5.17359
-0.295849 -0.274197 6.59195
-0.414102 -0.380197 7.00606
-0.742639 0.233936 7.75198
-0.671152 0.220374 7.78858
0.192294 0.0974558 2.6113
0.230678 -0.0198836 2.93465
0.214459 -0.0464715 2.89263
-0.918629 -0.527157 6.1563
-0.980413 -0.488898 6.20522
-0.00334048 0.215377 5.47232
0.0551826 0.0969574 5.18292
0.220548 0.0825807 2.55566
0.196489 0.143164 2.59612
0.225891 0.137435 2.74493
0.225998 0.173596 2.80751
0.229068 -0.0377256 2.8365
0.221955 -0.0604962 2.75128
0.226248 -0.0301901 2.6799
0.26531 0.0610579 2.89096
0.227689 0.0628144 2.72826
0.141682 0.203634 2.8101
0.253185 0.200006 2.90601
0.0986493 0.238821 3.37112
0.22966 0.133321 3.28612
0.112611 0.239446 3.04091
0.231787 -0.0280652 3.09855
0.22707 -0.00925581 2.92879
0.322666 -0.304631 4.66904
0.166498 -0.104536 3.33554
0.349818 -0.00630046 4.48742
0.249436 -0.0258058 3.40269
-0.405312 0.284709 3.80949
-0.449474 0.293773 3.73885
-1.06094 0.478634 7.55626
-0.183824 0.247784 3.2487
0.0381491 -0.133419 5.1351
-0.0541319 -0.734983 7.59148
0.182667 -0.155009 4.71561
-0.250763 0.278863 6.65933
-0.855803 0.31543 4.61578
-0.458021 0.275174 3.1985
-0.441598 0.267742 3.14388
-0.430552 0.263448 3.15741
-0.574279 0.124198 3.03905
-0.584812 0.265631 3.13957
-0.880545 -0.133527 4.14131
0.148046 0.124882 2.70912
-0.0734949 0.0431856 5.56412
-0.159454 0.0614374 5.65887
-0.134927 -0.039413 5.70199
0.223396 0.182909 3.15221
0.218582 0.155558 3.19527
0.232638 0.163188 3.28738
0.226367 -0.0241883 3.0213
0.219487 -0.0501883 3.02106
0.237873 -0.141062 3.47682
0.165216 -0.10446 3.32336
-0.879625 0.0102552 4.2461
0.114439 0.178417 4.92693
-0.839706 -0.338772 6.39457
0.216241 0.121924 4.65584
-0.436738 0.334474 4.88196
0.346201 -0.00567154 4.47281
-0.949636 0.315364 5.29269
-0.867035 0.309807 4.59285
-0.873887 0.279448 4.59798
-0.278413 -0.00322017 6.42636
-0.283683 -0.121251 6.64106
-0.389895 -0.0971191 6.77219
0.145186 -0.444387 6.82836
-0.370247 0.296079 6.9094
-0.378077 0.176394 6.86931
-1.31093 -0.0148408 8.29479
-0.881384 -0.078889 5.84486
-0.162063 0.372594 5.76664
-0.770651 -0.376094 5.91309
-0.725542 -0.441475 5.96538
0.230019 0.192121 2.86607
0.190011 0.106088 2.57989
-0.77379 -0.334491 5.59194
-0.926612 -0.375176 6.00974
-0.966333 -0.478073 6.12547
0.197715 0.266666 4.46753
0.188505 0.199026 4.52531
-0.576458 -0.318398 8.12617
-0.326137 -0.386309 6.63697
0.00321755 0.214994 4.47161
-0.618941 0.194222 7.33951
0.0403028 0.189307 5.08533
-0.0313975 0.226554 5.72702
-0.0319626 0.0881393 5.57321
0.192741 0.0982632 2.61254
0.22514 -0.0109467 2.92772
0.225744 -0.0296744 2.96208
0.222033 0.0821261 2.55727
0.192406 0.100009 2.55568
0.215667 0.07007 2.55299
0.188315 0.0752438 2.55417
0.195478 0.138697 2.5729
0.22888 0.193914 2.75703
0.225799 0.174319 2.80915
0.228968 -0.0370706 2.62176
0.226686 -0.0405505 2.74883
0.229104 -0.0540454 2.73978
0.228072 0.0521993 2.73928
0.233358 0.0609504 2.83859
0.229401 -0.00052401 2.83516
0.232568 0.0632167 2.73604
0.222193 0.169078 3.0118
0.229188 0.203948 2.89139
0.224403 0.193003 2.95733
0.0328683 0.23108 2.99827
0.0814737 0.240593 3.32902
0.0812947 0.214907 2.83278
0.114126 0.239923 3.04637
0.233562 0.221185 3.29179
0.216981 -0.0468743 2.89693
0.226311 0.0538949 3.01202
0.231998 0.0754719 3.10007
0.248667 -0.103776 4.48356
0.332063 -0.312575 4.73343
0.182808 -0.119304 3.18684
0.461058 -0.00792065 4.4693
0.0278431 0.285021 4.51986
-0.122328 0.241124 3.15519
-0.359427 0.286896 3.91713
-0.378776 0.269665 3.36274
-0.184571 0.250549 3.26575
-0.222142 -0.277293 6.4346
-0.04009 -0.585289 6.52504
-0.056944 -0.614512 6.83581
0.179065 -0.155417 4.72436
0.233968 -0.0129773 4.47198
-0.383888 -0.597615 6.72815
-0.441279 0.266491 3.13006
-0.482 0.260158 3.06491
-0.43031 0.268266 3.15363
-0.578142 0.226109 3.10717
-1.04043 -0.476478 6.09208
-0.877741 0.0691047 4.78941
-0.603902 -0.00361739 3.07295
-0.0760637 0.333288 5.76186
0.219627 -0.0226274 3.00799
0.234268 -0.0535655 3.06357
0.23074 -0.0122558 4.47271
0.179139 0.0199398 4.72669
-0.716032 0.350188 5.80161
-0.00781117 0.0389389 5.00842
-0.0714093 0.0508194 5.51582
-0.275041 0.161166 6.60483
-0.395931 0.182879 7.01791
0.101248 -0.138658 5.07529
0.356796 -0.00482611 4.51233
-0.00540187 -0.122267 5.67676
-0.640208 0.0514394 7.58192
-0.489452 -0.0587689 7.1589
0.223702 0.0694 2.99728
0.222755 0.0535755 3.00416
-0.444672 0.348641 5.02824
-0.542447 0.401639 6.84586
0.211497 0.150998 4.55378
0.220588 -0.0248114 2.90699
-0.312938 -0.294228 6.63238
0.191889 0.0983236 2.61047
0.0547127 0.208303 5.41414
-0.0369634 0.213487 5.56395
0.230012 0.194353 2.85085
-0.746583 -0.353037 5.93418
-0.772606 -0.378836 5.95233
0.178551 0.246382 4.20045
0.170596 0.259362 4.50539
0.249769 0.189783 4.50198
0.185194 0.19809 4.50969
0.0095069 0.266112 4.39919
0.191792 0.0996376 2.55487
0.194276 0.127004 2.58396
0.226566 0.166221 2.76464
0.225638 0.141234 2.76063
0.228853 -0.0372369 2.83518
0.227413 -0.0295785 2.68186
0.228709 0.0554675 2.75492
0.233762 0.0611886 2.83864
0.228938 0.207386 2.99358
0.107521 0.234627 3.30288
0.228716 0.21819 3.27574
0.1153 -0.0219552 2.86294
0.221217 -0.041969 3.27016
0.245772 -0.0978208 3.40239
0.493055 0.140629 4.54901
0.358452 0.141687 4.47583
0.543877 -0.0129474 4.79234
0.226009 -0.0230686 3.33234
-0.360095 0.287485 3.93368
-1.05136 0.475483 7.52317
0.177139 -0.154312 4.71845
0.117379 0.108069 5.73217
0.111815 0.0163885 4.95713
-0.951233 -0.393688 6.18225
-0.385022 -0.595825 6.72496
-0.476557 0.256012 3.04772
-0.530467 0.283593 3.52609
-0.48341 0.253717 2.97917
-0.571973 0.261067 3.11051
-0.916374 -0.0405132 4.96004
-0.897338 0.0708665 4.86799
-0.16177 0.235546 2.95932
0.22879 -0.0271406 2.66813
-0.374603 0.264548 3.32754
-0.406981 0.285142 3.63757
0.195068 0.0993561 2.5595
0.219627 -0.0226274 3.00799
0.191648 0.141799 2.59047
0.192708 0.126179 2.58283
0.180192 0.16268 4.6799
0.209837 0.116787 4.61383
-0.559117 0.308386 7.27491
-0.608693 0.181046 7.27391
0.220715 -0.0458716 2.96584
0.232456 0.201239 3.29712
0.191909 0.103879 2.59237
-0.867118 -0.233892 6.30394
-0.396895 -0.290092 6.78194
0.369326 0.125242 4.44396
0.365737 0.0867751 4.42027
-0.931425 -0.422344 6.51649
0.177574 0.0258786 4.69339
-0.0473189 0.276195 5.43327
-0.61819 0.117413 3.09668
-0.42548 0.261745 3.11983
-0.494063 0.279808 3.4696
0.0981868 0.211995 2.9523
0.224882 0.216463 3.25866
0.218988 0.0539633 2.73854
0.233762 0.0611886 2.83864
0.22139 0.0721042 2.66646
0.114808 -0.147214 4.80862
0.22735 0.192795 2.84518
0.230287 0.179618 2.90074
0.133884 0.263671 3.41924
0.0823937 0.240818 3.32691
0.227748 0.141864 2.76536
0.225271 0.0531689 3.01317
0.234103 0.0773684 3.10337
0.226471 -0.0410986 2.75037
-0.424849 0.25209 3.06496
0.194846 0.0691468 2.55823
0.195036 0.0742049 2.56518
-0.889718 0.0775577 4.84037
0.208812 -0.0480431 2.99817
0.194723 0.118515 2.5567
0.225847 0.134623 3.27046
-0.334734 0.270324 3.6669
0.0410819 0.266962 4.42794
0.221019 0.0927986 3.29533
0.349404 -0.0772328 3.62145
0.236352 -0.0932857 3.3748
0.358452 0.141687 4.47583
0.362501 -0.00601836 4.54304
0.221353 -0.0482255 2.90221
-0.0526243 -0.0931396 5.48608
-0.0634359 0.0631387 5.58089
-0.293824 -0.117624 6.68633
-0.634813 0.0570801 7.51499
0.116644 0.180551 5.00075
-0.611545 -0.00421102 3.0891
-0.903924 -0.176233 4.86586
-0.161471 0.240982 2.98265
0.258864 -0.104743 4.52004
0.156087 0.221767 3.48677
0.227417 -0.0259724 2.66502
-0.401845 -0.286154 6.73391
-0.128497 -0.0454646 5.68898
-1.09035 -0.161791 9.10031
0.220978 -0.0204225 3.01484
0.222271 -0.0368007 3.09468
0.0218452 0.176197 5.06453
0.0111703 0.076421 5.09
-0.0330428 0.103802 5.5227
0.236078 -0.00995749 4.53502
0.19079 0.106605 2.58084
0.192355 0.263246 4.44935
0.256716 0.188023 4.56899
-1.01696 -0.0643421 6.24736
0.331052 -0.312358 4.74928
-0.956475 -0.336077 5.97371
-0.901573 -0.176345 4.85704
0.230817 0.0614169 2.83042
-0.190426 0.246983 3.24734
0.225776 -0.0478644 2.83947
0.229702 0.0537947 2.74287
-0.57201 0.260881 3.11279
0.170752 -0.152855 4.69614
0.0831914 -0.126023 4.65286
-0.345511 0.234261 3.16065
0.0321399 -0.133553 5.26718
-0.215733 -0.278537 6.38039
-0.461904 0.271878 3.18066
0.108466 0.23415 3.30543
0.221292 0.162585 2.75641
0.232282 0.177103 2.83307
0.115148 0.221072 3.00578
0.186246 0.201468 3.1434
0.228819 0.158783 3.25157
0.231517 0.139426 3.29509
0.190635 0.0973909 2.60961
0.841782 -0.102621 4.16498
0.223457 -0.0484739 2.90582
0.191036 0.0962234 2.55562
0.18969 0.105331 2.56012
-0.0955439 0.296511 5.34198
0.223731 -0.0874268 3.33827
0.212511 -0.0500433 3.08584
-0.937282 -0.128662 6.14564
-0.772756 -0.248245 6.053
-0.696265 -0.255643 5.55867
0.366843 -0.000548675 4.55028
0.0778714 0.295861 4.73077
-0.652048 0.172137 7.68824
-0.293413 -0.0683044 6.7126
-0.34503 -0.465078 6.59349
0.18773 0.16046 4.72264
0.112234 0.0198943 4.89397
0.0303277 0.049404 6.05955
0.193735 0.112311 2.61113
-0.971842 0.335085 5.48168
-0.90785 0.293592 4.60715
-0.359282 -0.167663 5.91042
0.22435 0.0711374 3.00463
0.232086 0.075609 3.09208
0.235341 0.050378 3.04036
-0.0475985 0.256508 5.32459
0.243869 0.178453 4.49293
-0.441749 0.284533 3.68408
0.214988 -0.00690089 2.66262
0.254444 -0.0987119 4.47953
0.224208 0.164707 2.76173
0.208296 0.179501 3.14884
0.2288 -0.0352185 2.83281
-0.57201 0.260881 3.11279
-0.574789 0.219061 3.08434
0.0321399 -0.133553 5.26718
0.229544 0.0541731 2.74238
0.233941 0.0634427 2.83169
-0.863845 -0.0938411 5.76415
-0.372133 0.269548 3.3663
0.0959605 0.216468 3.03875
0.231823 0.215284 3.25896
-0.595823 0.128888 3.09463
0.375558 0.144364 4.53816
0.197164 0.0799492 2.56422
0.192419 0.0729161 2.55673
0.101544 0.221191 3.2381
0.170133 -0.154143 4.71225
0.110085 -0.148932 4.89486
0.25796 0.167652 3.34875
0.226976 0.121636 3.28178
-0.229637 0.283796 4.30475
-1.02587 0.470404 7.45442
0.220258 -0.0858478 3.32363
-0.0104763 0.0494154 5.28416
0.219112 -0.0188603 3.0164
0.225217 -0.038803 3.10357
-0.583986 -0.236349 5.75155
0.194272 0.116534 2.55963
0.192574 0.125292 2.58308
0.193575 0.0971311 2.55927
0.188238 0.157353 4.68545
0.0886982 0.165688 4.84356
0.121497 0.0198045 4.94805
0.225635 -0.0136769 2.9316
0.225635 -0.0136769 2.9316
0.223457 -0.0484739 2.90582
0.22079 -0.0458041 2.97339
-0.00349356 0.218993 4.63672
-0.283279 0.164865 6.55098
-0.298331 -0.0415313 6.84446
-0.611317 -0.330733 8.02584
-0.250049 -0.286576 6.18182
-0.611103 -0.00450698 3.08235
0.220796 0.254938 3.77748
