0.272725 0.111998 0.687474
0.303588 -0.0644814 0.745428
0.281307 0.060892 0.682799
0.295413 -0.19085 1.33535
0.31539 -0.223118 1.32164
0.271187 0.15904 0.887511
0.349817 -0.207826 1.25299
0.281063 0.165543 1.33881
0.285853 -0.0371289 1.10625
0.274991 0.16253 0.78928
0.281963 0.0695089 0.971464
0.27498 -0.128154 1.27535
0.278358 0.00904336 1.23092
0.263235 -0.0600993 1.34135
0.136249 0.173921 1.08677
-0.666156 -0.424595 2.14728
-0.650128 -0.0731379 1.83081
-0.674006 0.0183409 1.09385
-0.660271 -0.247287 1.63335
-0.677077 -0.0498695 1.39806
-0.670787 -0.0149102 1.26519
-0.646857 -0.0534031 1.32687
-0.651088 0.02248 1.47038
-0.670824 -0.0913971 1.63816
0.275054 -0.110984 1.21224
0.297755 -0.00147198 1.12774
0.121312 0.18835 0.958304
0.159754 0.17381 1.01165
0.262568 0.160001 1.02154
0.30937 0.013664 1.01059
0.301169 0.0288392 0.877591
0.30987 0.0344962 1.11433
0.283904 0.0329087 1.07156
0.240816 -0.112933 1.36122
0.274689 -0.144909 1.32431
0.291359 0.0332295 1.172
0.262818 0.0285768 1.20881
0.293479 0.00849685 1.2976
0.269673 0.0458729 0.740916
0.268247 0.0729602 0.698661
0.276115 0.119407 0.814375
0.273547 0.130034 0.688039
0.302144 -0.070423 0.756736
0.312061 -0.0162259 0.934312
0.301468 9.49921e-06 0.742033
0.262477 0.160605 0.922888
0.276606 0.144228 0.923234
0.31733 -0.167832 1.28965
0.265952 -0.193607 1.38685
-0.0303757 0.195622 0.978268
-0.640879 0.0200483 1.04761
-0.660454 -0.179699 1.23804
-0.651068 -0.243415 1.60418
-0.653041 -0.00125107 1.01651
-0.64927 -0.0345298 1.16618
0.266121 0.163014 0.84203
0.26807 -0.121107 1.34768
0.275491 -0.14583 1.32871
0.29777 0.0274398 0.932975
0.294418 -0.0777708 0.758591
0.288957 -0.0910762 1.05375
0.29186 -0.0422717 1.22732
0.281938 -0.0798339 0.735589
0.278488 0.0698434 1.1194
0.299181 -0.110639 0.763152
0.30013 0.0347658 1.12853
0.239369 0.00265433 1.16074
0.31658 0.0300933 0.676377
0.28082 0.141309 0.738514
0.270167 0.10968 0.800033
0.272728 0.129813 0.689109
0.272503 0.0972319 0.692317
0.243848 -0.0758497 0.770613
0.312244 -0.0915362 0.720904
0.278799 0.0669119 0.920442
0.274278 0.110109 1.00374
-0.670908 -0.0758158 1.8861
-0.636731 0.0196204 1.0406
-0.666781 -0.0294878 1.33472
-0.637509 -0.0458155 1.32263
-0.638806 -0.0883402 1.22528
-0.664642 -0.0913046 1.62071
-0.650141 -0.12075 1.0369
-0.648122 -0.178887 1.15833
-0.656615 -0.00205415 1.02066
-0.633778 -0.0343962 1.14021
0.301647 0.0339116 1.08743
0.28673 0.0337469 1.0782
0.184488 -0.100611 1.17349
0.279184 0.0577811 0.875653
0.279673 -0.0404166 1.17948
0.271405 0.0453389 0.754733
0.2796 0.0599647 0.681952
0.270277 0.0809984 0.730077
0.266515 0.108144 0.790213
0.324523 -0.06812 0.716943
0.305658 -0.0902552 0.709424
0.256826 0.16023 1.11387
0.261291 0.136194 0.875678
0.261634 0.121698 0.957093
0.249487 -0.0848632 0.81816
0.276116 -0.0870218 1.00885
0.247143 -0.0097508 0.81258
0.286766 -0.00195167 1.09034
-0.704463 -0.263893 2.04038
-0.079074 0.0142064 0.296771
-0.658719 -0.179182 1.23021
-0.71079 -0.283724 1.62315
-0.658038 -0.0909804 1.60545
-0.669973 -0.106271 1.03269
-0.656323 -0.179817 1.17257
-0.653096 -0.0043535 1.01423
0.298339 -0.0998936 0.759238
-0.654943 -0.00290377 1.01354
-0.627258 -0.0693023 1.7723
-0.633384 -0.176522 1.08793
-0.683161 -0.268175 1.60973
0.276731 0.059344 0.675979
-0.650671 -0.0896697 1.58644
-0.64632 -0.0142052 1.21877
-0.654015 -0.0765328 1.27377
0.156653 0.167718 0.980699
-0.690814 -0.258306 1.9971
0.27154 0.140845 0.903488
0.242718 0.157933 0.94638
0.274015 0.141919 0.951844
0.137875 0.180569 1.12305
0.246185 -0.198498 1.31887
0.279597 -0.0705744 0.737047
0.246362 -0.0451167 0.739054
0.312115 0.0310152 1.01064
0.278715 0.0621748 0.80956
0.325454 -0.0669041 0.718822
0.299109 -0.0704081 0.750245
0.309193 -0.0911345 0.716516
0.287987 -0.00173353 1.09926
0.290876 -0.0137612 1.35763
-0.66329 -0.181478 1.18469
0.27462 0.119321 0.719865
0.270679 0.0953443 0.69047
-0.639405 -0.068596 1.80766
0.263481 0.0318096 0.685436
-0.0851965 0.0221425 0.367334
0.116025 0.153997 0.9716
0.295015 0.0234031 0.571271
0.26929 0.140743 0.898466
0.301955 4.17774e-05 0.744859
-0.694588 -0.261128 1.99984
0.273724 0.111864 0.798871
0.239206 -0.0743331 0.759399
0.295756 -0.0667404 1.04206
0.284955 0.0660772 0.973991
0.282681 0.0622402 0.820388
0.272635 0.0457641 0.757526
0.272619 -0.102042 1.3504
0.251651 0.10691 1.38135
0.300832 -0.0647117 0.740537
0.293571 0.00641293 1.02927
-0.651742 -0.102037 1.00618
-0.659669 -0.247027 1.61543
0.287869 0.0618824 0.700559
0.293255 0.0242161 0.567515
0.141697 0.18848 1.16293
0.300669 -0.0005526 0.739745
-0.608043 -0.026398 1.22193
-0.626147 -0.0936825 1.35077
-0.645116 -0.0760425 1.25434
0.319402 -0.067548 0.708821
-0.620635 -0.0573271 1.95193
-0.63306 -0.0686866 1.79642
0.293468 -0.0672957 1.03864
0.284267 -0.0886189 1.03703
0.250408 -0.0940833 1.25189
0.237268 -0.0730597 0.752547
0.264677 0.0440235 0.737334
0.240989 0.0441901 1.18519
0.276144 -0.0022972 1.05579
0.224097 -0.00166686 1.20042
0.266521 -0.0528966 1.22782
-0.651594 -0.0737117 1.15906
-0.65067 -0.120076 1.03436
-0.0807067 0.0304222 0.367338
0.273806 0.0917168 0.73843
0.309036 0.0302519 0.657316
0.30004 0.0183609 0.89882
0.311083 -0.0170316 0.940052
0.267361 0.0445761 0.743785
-0.649095 -0.0643766 1.45833
0.290227 0.0239113 0.562039
0.253252 -0.0397033 0.747007
0.301154 0.00822784 1.05834
0.285596 -0.00281157 1.08944
0.246106 0.0469521 1.21218
0.216263 -0.087139 1.11941
0.289638 0.0305445 0.983995
0.264368 0.0404933 1.09855
-0.626666 -0.0705868 1.12223
0.262175 0.112724 0.986764
0.318286 -0.0681558 0.706143
0.269622 0.0909925 0.728009
0.285274 0.0613887 0.695385
0.319548 0.0316185 0.671749
