-0.862659 -0.241232 6.28921
-0.920361 0.319672 4.59787
-1.07629 -0.512137 6.15212
-0.855589 -0.157564 4.23883
-0.982296 -0.17909 4.39191
-0.408958 0.0247775 6.89777
-0.389527 -0.100968 6.91428
0.161246 -0.179155 4.63447
-0.774936 -0.375833 5.90095
-0.703201 -0.421446 5.82518
0.199302 -0.13463 3.34816
0.0182268 -0.128511 5.27607
-0.0532321 -0.0909347 5.47489
-0.931094 -0.372308 6.02847
-0.91354 -0.524641 6.12378
0.220919 0.109634 2.67273
0.232167 0.0242648 2.83633
0.173755 -0.107171 3.35677
0.142835 -0.249313 4.56569
-0.516909 -0.200044 5.32826
-0.529061 0.292804 3.73483
-0.867198 0.323609 4.66783
-0.550833 0.299692 3.61422
-0.86469 0.313592 4.5965
-0.924334 0.317961 4.60786
0.0465253 -0.136736 5.19916
-0.228019 0.245918 2.97962
-0.653675 0.0387236 7.7567
-0.793549 0.0303306 8.11793
0.216431 -0.0486128 3.10412
-0.437461 0.336682 4.89177
0.248136 0.216388 3.1851
0.213037 0.190852 2.93327
0.237947 -0.0408449 2.84978
0.224001 -0.0246892 3.01287
0.228748 -0.0526341 3.03469
0.506877 0.14464 4.57939
-0.258793 -0.00362171 6.34287
-0.930263 0.00764461 4.38559
0.121732 0.180704 4.97524
0.18397 0.164331 4.72742
0.118574 -0.145697 4.76381
0.227901 -0.046744 2.74521
0.177017 -0.152122 4.66311
0.166507 -0.182683 4.68329
-0.250484 0.279124 6.66362
-0.257139 0.154945 6.53058
-0.725692 -0.44167 5.96745
0.220542 0.195023 3.08977
0.228249 -0.0564026 2.97185
0.230397 0.0728902 2.66027
-0.311164 -0.379713 6.51534
-0.41182 -0.383571 7.00847
-0.300236 0.00348824 6.64353
-0.913467 -0.0888188 6.17539
0.224026 0.12636 2.67178
-0.675082 0.357326 7.68866
-0.758523 0.238492 7.96722
0.227458 -0.0195045 2.92602
0.226638 0.141613 2.85126
0.226827 0.143233 2.87964
0.231218 0.174333 2.81393
0.228843 0.138018 2.74844
0.232476 -0.0170202 2.84268
0.232207 0.0606701 2.83676
0.229638 0.158112 3.09571
2.58861 0.702987 7.35045
0.22586 0.131092 3.27148
0.088597 0.225863 2.96437
0.214523 0.0552202 2.98274
0.24755 -0.106676 4.49298
0.397003 -0.334316 4.55953
0.168246 -0.105254 3.34165
0.367386 0.147435 4.52398
0.461678 -0.00932348 4.4538
-0.294187 0.254643 3.09005
-0.224109 -0.266682 6.31598
-0.0279708 -0.603713 6.74243
-0.61385 -0.266022 6.1518
-0.53357 0.294862 3.7537
-0.856984 0.316083 4.62093
-0.468013 0.287505 3.2308
-0.547898 0.297149 3.60236
-0.570913 0.260712 3.10398
-0.583098 0.230558 3.12182
-0.464602 0.256615 3.02469
-0.855783 -0.0756702 4.14072
-0.889282 -0.136766 4.17046
0.0383828 -0.133416 5.13453
0.216537 0.132311 2.67746
0.221224 0.109547 2.67309
-0.854935 -0.232778 6.22218
0.230667 0.162906 3.1784
0.106446 0.235702 3.02007
-0.647286 0.042036 7.68148
-0.806295 0.0360714 8.26127
-0.862914 0.307307 4.57564
-0.883801 0.283249 4.63874
0.217913 -0.0457374 2.99303
0.21923 -0.0584396 2.84742
-0.44162 0.267749 3.14387
0.226795 0.191365 2.85776
-0.370033 0.296017 6.90709
-0.261092 0.151943 6.38939
0.129476 -0.15428 4.88866
0.230356 0.163064 2.75782
-0.0163691 -0.112428 5.48771
0.229115 0.211562 3.06295
0.235696 0.210608 3.0984
-0.125953 0.320153 5.03718
-0.155154 0.318397 4.93716
-0.0789251 0.331756 5.55736
-0.297208 0.000117004 6.67013
-0.276833 -0.122533 6.6431
-0.386574 -0.0986988 6.80473
-0.295327 -0.273735 6.57989
-0.325056 -0.38537 6.62113
-0.822659 -0.401705 5.93687
-0.947156 -0.437931 6.19896
-0.518557 0.284092 7.32117
-0.670564 0.220155 7.78256
-0.75023 0.237148 7.85534
0.231429 0.283809 4.59792
0.184408 0.268499 4.57544
0.227703 0.175135 4.53299
-0.00300742 0.215545 5.47388
0.0547053 0.0963797 5.17011
0.192981 0.0970266 2.61083
0.22684 0.173762 2.80766
0.231818 0.13843 2.75157
0.229805 0.148175 2.79019
0.228651 -0.0262022 2.66427
0.231252 0.0524585 2.74231
0.227784 0.0178388 2.67668
0.2344 0.0264803 2.84024
0.218218 0.0550849 2.73413
0.24875 0.216629 3.18874
0.231595 0.207801 2.99627
0.229477 0.182306 2.90332
0.232334 0.161612 3.29406
0.227568 -0.0263132 3.08974
0.373407 -0.107856 4.53123
0.32454 -0.30576 4.6788
0.224761 -0.0923446 3.33438
0.350692 -0.00629254 4.49047
0.235027 -0.0227952 3.357
-1.07647 0.486802 7.66948
-0.585865 0.465144 7.53625
-0.18442 0.247507 3.23473
0.182618 -0.155024 4.71358
-0.0734509 0.0430925 5.55815
0.179882 0.0124448 4.73064
-0.824205 -0.246854 6.21258
-0.551671 -0.230283 5.69242
-0.382882 -0.595815 6.70937
-0.413606 0.263819 3.10655
-0.566048 0.258354 3.09324
-0.88595 -0.0182738 4.41073
-0.846714 -0.0750272 4.11875
-0.78969 -0.167539 4.23513
-0.884795 -0.134807 4.1549
-0.904715 0.00829473 4.31511
-0.88171 -0.078961 5.84762
0.228895 0.203788 2.88938
-0.436932 0.335322 4.88923
-0.935204 -0.379709 6.06705
0.21409 0.204041 3.02663
0.103279 -0.150844 4.96214
0.216158 0.121812 4.6525
0.228984 0.170987 3.02368
-0.377759 0.176277 6.85749
-0.278293 -0.00314046 6.4289
-0.282947 -0.121121 6.62557
-0.390076 -0.0973373 6.78464
-0.0528768 0.33161 5.51999
0.226395 0.218188 3.26853
-0.824326 -0.327851 6.26538
-0.77119 -0.376404 5.91739
-0.346794 -0.187172 6.65769
-0.581216 -0.321924 8.20325
0.224814 -0.00912828 2.92251
0.226899 -0.0193473 2.92509
0.223449 -0.0285099 2.95486
0.239716 0.188891 4.43296
0.187938 0.198473 4.51662
0.0277402 0.284531 4.51276
0.0401308 0.189537 5.07425
-0.0312913 0.226299 5.72669
-0.0318399 0.0884024 5.57446
0.192123 0.0975207 2.6098
0.230889 0.0726494 2.6613
0.218502 0.120917 2.67628
0.225007 0.194223 2.83876
0.224012 0.175868 2.88867
0.227124 -0.0258576 2.66332
0.225681 -0.0299933 2.67776
0.227983 0.0627862 2.72743
0.229024 -0.0376689 2.83512
0.215619 -0.0466639 2.89348
0.232259 0.0608776 2.83494
0.23584 0.0233169 2.84307
0.229175 0.159882 3.022
0.225129 0.208005 3.12992
0.230651 0.195836 2.9685
0.228557 0.132832 3.28053
0.0985442 0.238544 3.36828
0.0909046 0.225418 2.97495
0.231763 -0.0279856 3.09704
0.223045 -0.0235025 3.01198
0.217143 -0.0490123 3.01339
0.229228 0.0757736 3.09115
0.226257 0.0551274 3.00686
0.248825 -0.10413 4.48453
0.220015 -0.0417189 3.26493
-0.162412 0.24591 3.30326
-0.315275 0.275515 3.69795
-0.409207 0.289459 3.84418
0.0217777 -0.129575 5.33489
-0.222032 -0.277122 6.43023
-0.0376599 -0.587884 6.57007
-0.0557834 -0.728873 7.54206
0.179059 -0.155304 4.72171
0.114154 0.17811 4.91937
0.234369 -0.0130159 4.47445
0.117243 0.0189151 5.14027
-0.888039 -0.313971 6.9505
-0.383683 -0.59416 6.70682
-0.442295 0.286664 3.68856
-0.527211 0.290212 3.72754
-0.520952 0.277972 3.49943
-0.390462 0.282897 3.42227
-0.584669 0.265803 3.13898
-0.797808 0.343054 3.89566
-0.880626 0.00983559 4.24909
-0.888535 0.0702567 4.83361
0.22443 -0.0399174 2.74361
-0.443316 0.268764 3.14206
0.118069 0.106496 5.72407
0.211273 0.150858 4.54954
0.179596 0.16219 4.67114
-0.40609 0.00571376 6.95414
-0.402454 -0.0979123 6.95713
-0.00524831 -0.122212 5.67457
0.05035 -0.184749 5.06822
0.00974189 -0.14371 6.76181
0.228275 0.184328 3.16417
0.212217 0.157388 3.13385
0.102295 -0.139341 5.0966
0.228983 -0.0237549 3.34001
0.2634 -0.0621854 3.47649
-0.830022 -0.332692 6.31482
-0.769415 -0.376818 5.92648
-0.0759917 0.332088 5.72841
-0.605886 -0.337695 8.36496
-0.312463 -0.294043 6.62681
-0.625444 0.196363 7.43094
-0.0370918 0.2134 5.55404
0.211916 -0.0432762 2.94386
0.00900971 0.264971 4.38182
0.182163 0.248433 4.22634
0.164604 0.256748 4.46391
0.182179 0.197407 4.48542
0.227189 0.253495 3.75816
-0.893566 -0.137399 4.18294
-0.183277 0.249046 3.25579
0.232748 0.0631487 2.73504
-0.444135 0.288326 3.69265
-0.725116 0.309518 3.70502
0.232782 0.0610883 2.83497
0.230402 0.0239362 2.83335
-0.937041 -0.194454 4.99253
0.288208 -0.270405 4.56462
0.228451 0.0753853 3.08956
0.220181 -0.0418987 3.26477
0.230234 0.1626 3.27812
-0.57051 0.25992 3.106
0.229531 -0.0373961 2.83556
0.217289 -0.0470006 2.89628
0.10827 0.233931 3.30271
0.0796016 0.239291 3.31796
0.227359 0.150793 3.01504
0.22471 0.216563 3.26114
0.222785 0.206427 3.05293
0.227569 0.209464 3.13786
0.2256 0.190618 2.85603
0.232429 0.142966 2.86091
0.221632 0.146037 2.89326
-0.430933 0.265551 3.16114
0.176532 -0.154024 4.70972
-0.359531 0.287517 3.9211
-1.05873 0.479425 7.58356
-0.460545 0.404055 7.00607
0.165392 -0.104408 3.32247
0.49624 0.140896 4.55939
0.359327 0.14188 4.47886
0.460553 -0.00770785 4.46564
0.345264 -0.00567783 4.46557
0.2246 0.193069 2.95652
-0.344382 -0.464522 6.58521
0.200876 0.00908245 4.55901
0.111576 0.0163218 4.95123
0.224134 -0.0291322 2.95678
0.219441 -0.0225574 3.00614
0.219558 -0.0506348 3.02266
-0.0626693 0.127772 5.50919
-0.0694961 0.0519496 5.54467
-0.395746 0.18297 7.02057
-0.64055 0.0514435 7.59225
0.20162 0.135993 2.72915
-0.444865 0.349208 5.03368
-0.545871 0.406605 6.91302
-0.0305878 0.0940012 5.56493
-0.184164 0.251182 3.26881
-0.18893 0.251593 3.27929
-0.064304 0.0632208 5.55883
-0.159471 0.0613087 5.64076
-0.498365 -0.0578871 7.20863
0.36592 0.12426 4.42411
0.457729 0.0860045 4.53745
0.364278 0.0867978 4.41132
-0.0478971 0.275616 5.41821
-0.872967 -0.235717 6.34692
-1.45371 -0.063235 11.3703
-0.81613 -0.320723 6.19341
-0.916688 -0.414842 6.41339
-0.951026 -0.393794 6.18175
0.0253512 0.0488201 5.94291
-0.0526144 -0.0930228 5.46683
0.200746 0.15261 4.5642
0.183584 0.159881 4.68291
0.207418 0.115006 4.59113
-0.558831 0.308391 7.27576
-0.611487 0.180981 7.30515
0.250663 0.189701 4.50567
0.177767 0.0259733 4.69383
0.230656 -0.0120733 4.46925
0.0127627 0.283323 4.59546
0.162863 0.225364 3.51513
-0.913611 -0.0401551 4.94786
-0.899706 -0.175848 4.84872
0.214359 0.131217 2.67702
0.105445 0.215674 2.97578
0.225792 0.21679 3.26053
0.226367 0.174427 2.80919
0.229568 0.17952 2.89786
0.10603 0.233814 3.29456
0.0823644 0.24072 3.32505
-0.570952 0.260595 3.10662
0.230628 0.207999 2.99644
0.225082 0.169738 3.01705
0.232782 0.0610883 2.83497
0.231381 0.0249006 2.83534
0.222713 0.0536748 3.00267
0.115085 -0.147018 4.80895
0.146412 -0.22889 4.48961
0.221199 -0.0185023 2.91372
0.223721 -0.0486163 2.90718
-0.493935 0.280759 3.47395
-0.373347 0.263415 3.32146
0.225083 0.134639 3.2662
0.238377 -0.0301044 3.10802
-0.338438 0.278529 3.71999
-0.942168 0.47016 8.23633
0.359327 0.14188 4.47886
0.540327 -0.0129231 4.77616
0.354614 -0.00434994 4.4982
0.241999 -0.096635 3.38946
-0.275037 0.161404 6.59899
-0.294179 -0.117734 6.69892
0.223489 -0.0106979 2.92229
0.116038 0.180515 4.99058
-0.861764 -0.0793689 4.15472
0.225602 0.1413 2.75932
0.00970297 0.0752489 5.08069
0.218335 -0.0376713 3.09108
0.194547 -0.0386395 3.07852
0.228784 0.161952 3.20786
0.225936 0.157969 3.24008
0.369916 0.143377 4.50856
0.186561 0.159374 4.70747
-0.866167 -0.231376 6.29316
0.0539359 0.207607 5.39866
-0.0328981 0.103636 5.51263
-0.128339 -0.0454345 5.68623
0.23573 -0.010029 4.52971
-0.858217 0.110843 6.44326
0.186581 0.261446 4.42215
0.257257 0.188293 4.57127
-0.944005 -0.13036 6.18769
0.232787 0.0773112 3.09783
0.231898 0.182909 2.89983
0.226661 0.141752 2.76211
-0.889739 0.0765532 4.84133
-0.401405 0.282321 3.62202
0.229705 0.00606058 2.67818
0.233868 0.0633721 2.83023
0.225199 0.0530508 3.01165
0.252119 0.165978 3.32495
0.0320252 -0.133347 5.25682
-0.215454 -0.279027 6.39268
0.17038 -0.15247 4.68748
0.0990623 -0.135494 4.82246
0.160933 -0.243392 4.64748
-0.181855 0.19472 2.95905
0.217791 -0.0117735 2.91295
0.220916 -0.0250129 2.90648
-0.521675 0.306074 3.62806
0.0833762 0.223668 3.07734
0.231937 0.20099 3.29389
0.0806363 0.239494 3.31047
0.230367 0.195329 3.07594
-0.230351 0.291944 4.38076
-0.55761 0.397456 7.10309
0.229669 -0.091084 3.35174
0.2206 -0.0203565 3.01248
0.221874 -0.045834 2.96708
0.218104 -0.049736 3.02279
0.220989 0.0922052 3.29359
0.360374 -0.00530487 4.5294
-0.40784 0.19659 7.25129
-0.650604 0.171481 7.65622
-0.408744 -0.0204147 6.9767
-0.588815 -0.23996 5.81398
-0.697683 -0.26633 5.60252
0.111855 0.0199449 4.88533
-0.465161 0.274763 3.19649
-0.99519 0.341614 5.58788
0.257642 -0.104443 4.50957
0.233234 0.0455306 2.84271
0.226798 -0.0333022 2.82786
-0.677965 0.298959 6.00181
0.214751 0.145843 2.75195
0.258733 -0.0165562 3.41248
-0.283149 0.165356 6.5624
0.220984 0.122877 2.67973
0.218528 0.181589 3.14237
0.0209049 0.316943 4.98102
-0.00333325 0.21836 4.63361
0.242742 0.178384 4.48348
0.241168 0.211281 4.73728
0.237797 0.0778989 3.10834
0.218492 -0.00733486 2.66649
-0.877989 -0.0925911 5.85123
0.363478 0.259942 3.65256
0.222978 0.0705958 2.99872
0.225293 -0.0137532 2.9293
0.227869 0.16121 3.20363
0.224517 0.070367 2.67196
-0.22926 0.296582 4.43294
-0.463038 0.36386 6.69049
0.233868 0.0633721 2.83023
0.109841 -0.148666 4.88576
0.169268 -0.153404 4.69761
0.226672 0.121552 3.27926
0.0320252 -0.133347 5.25682
-0.122778 -0.054915 5.68719
-1.03433 0.476148 7.52028
-0.375108 0.265816 3.33464
-0.403707 0.28184 3.61258
0.106125 0.231757 3.29103
0.226382 -0.0386644 3.10624
0.220303 -0.044228 3.26461
0.359522 -0.000330244 4.51121
0.189675 0.158191 4.69936
0.090067 0.165261 4.8586
0.226144 -0.00440367 4.47499
0.117767 0.0209941 4.90493
0.227083 -0.020007 3.03305
0.223621 -0.0281629 3.06846
0.0221482 0.175905 5.06103
-0.0103181 0.049537 5.28616
-0.0487303 0.256539 5.30833
0.0798774 0.296796 4.74627
-0.62093 -0.336626 8.16438
-0.250158 -0.28488 6.14648
-0.294594 -0.0669729 6.78805
-0.495365 0.281437 3.47962
-0.918164 0.31935 4.73365
0.253559 -0.0993892 4.47488
0.220954 0.254622 3.77561
