-0.653675 0.0387236 7.7567
-0.294187 0.254643 3.09005
-0.862659 -0.241232 6.28921
-1.07629 -0.512137 6.15212
-0.408958 0.0247775 6.89777
-0.855589 -0.157564 4.23883
-0.889282 -0.136766 4.17046
-0.920361 0.319672 4.59787
0.161246 -0.179155 4.63447
0.219804 0.27909 4.51347
-0.675082 0.357326 7.68866
-0.674884 0.13116 7.80505
-0.41182 -0.383571 7.00847
-0.91354 -0.524641 6.12378
0.173755 -0.107171 3.35677
-0.0601303 -0.614289 6.82382
0.290714 -0.556203 6.48333
-0.61385 -0.266022 6.1518
-0.547898 0.297149 3.60236
-0.982296 -0.17909 4.39191
-0.0734509 0.0430925 5.55815
0.18397 0.164331 4.72742
-0.18442 0.247507 3.23473
0.228998 0.175896 2.84018
-0.793549 0.0303306 8.11793
0.0465253 -0.136736 5.19916
-0.867198 0.323609 4.66783
0.199302 -0.13463 3.34816
0.220919 0.109634 2.67273
-0.155154 0.318397 4.93716
-0.413606 0.263819 3.10655
-0.774936 -0.375833 5.90095
-0.703201 -0.421446 5.82518
0.226638 0.141613 2.85126
0.228249 -0.0564026 2.97185
-0.300236 0.00348824 6.64353
-0.386574 -0.0986988 6.80473
0.220542 0.195023 3.08977
0.0182268 -0.128511 5.27607
-0.913467 -0.0888188 6.17539
-0.311164 -0.379713 6.51534
-0.758523 0.238492 7.96722
-0.931094 -0.372308 6.02847
0.228843 0.138018 2.74844
0.218218 0.0550849 2.73413
0.232167 0.0242648 2.83633
0.22586 0.131092 3.27148
0.224001 -0.0246892 3.01287
0.397003 -0.334316 4.55953
0.168246 -0.105254 3.34165
0.461678 -0.00932348 4.4538
-0.410612 0.291216 3.85337
-0.224109 -0.266682 6.31598
0.177017 -0.152122 4.66311
-0.516909 -0.200044 5.32826
-0.382882 -0.595815 6.70937
-0.529061 0.292804 3.73483
-0.550833 0.299692 3.61422
-0.846714 -0.0750272 4.11875
-0.848684 -0.164123 4.15845
-0.585865 0.465144 7.53625
0.221224 0.109547 2.67309
-0.134687 -0.0394297 5.70128
-0.854935 -0.232778 6.22218
0.0465253 -0.136736 5.19916
0.125257 -0.418727 6.57585
0.228984 0.170987 3.02368
0.224814 -0.00912828 2.92251
0.227458 -0.0195045 2.92602
0.227568 -0.0263132 3.08974
0.216431 -0.0486128 3.10412
-0.0163691 -0.112428 5.48771
0.229115 0.211562 3.06295
0.24875 0.216629 3.18874
0.232922 0.19923 3.11992
-0.250484 0.279124 6.66362
-0.370033 0.296017 6.90709
-0.257139 0.154945 6.53058
-0.377759 0.176277 6.85749
0.121732 0.180704 4.97524
-0.647286 0.042036 7.68148
-0.793549 0.0303306 8.11793
0.224026 0.12636 2.67178
0.215314 -0.0521023 2.9505
-0.856984 0.316083 4.62093
-0.455268 0.275781 3.19043
-0.0789251 0.331756 5.55736
-0.258793 -0.00362171 6.34287
-0.276833 -0.122533 6.6431
-0.386574 -0.0986988 6.80473
-0.725692 -0.44167 5.96745
-0.518557 0.284092 7.32117
-0.670564 0.220155 7.78256
-0.75023 0.237148 7.85534
0.118574 -0.145697 4.76381
0.103279 -0.150844 4.96214
0.215541 -0.0535091 2.92131
-0.295327 -0.273735 6.57989
-0.325056 -0.38537 6.62113
-0.822659 -0.401705 5.93687
-0.947156 -0.437931 6.19896
0.184408 0.268499 4.57544
0.227703 0.175135 4.53299
0.0547053 0.0963797 5.17011
0.230356 0.163064 2.75782
1.31035 0.360245 3.94064
0.231218 0.174333 2.81393
0.237947 -0.0408449 2.84978
0.232207 0.0606701 2.83676
0.23584 0.0233169 2.84307
0.229638 0.158112 3.09571
0.213037 0.190852 2.93327
0.249986 0.236732 3.49158
0.102753 0.239285 3.12516
0.228748 -0.0526341 3.03469
0.214523 0.0552202 2.98274
0.24755 -0.106676 4.49298
0.32454 -0.30576 4.6788
0.367386 0.147435 4.52398
0.506877 0.14464 4.57939
-1.07647 0.486802 7.66948
-0.246799 0.320761 4.60016
-0.888039 -0.313971 6.9505
-0.442295 0.286664 3.68856
-0.53357 0.294862 3.7537
-0.367306 0.258799 3.10272
-0.436025 0.254196 3.08855
-0.855783 -0.0756702 4.14072
-0.930263 0.00764461 4.38559
-0.884795 -0.134807 4.1549
-1.29165 -0.0111533 8.15826
-0.0532321 -0.0909347 5.47489
-0.746821 -0.353425 5.93551
0.217913 -0.0457374 2.99303
-0.261092 0.151943 6.38939
-0.92825 0.318799 4.624
-0.883801 0.283249 4.63874
0.231818 0.13843 2.75157
-0.44162 0.267749 3.14387
-0.390076 -0.0973373 6.78464
0.231595 0.207801 2.99627
0.107196 -0.142505 5.15737
0.05035 -0.184749 5.06822
-0.160901 0.375174 5.79543
-0.0759917 0.332088 5.72841
-0.346794 -0.187172 6.65769
0.232429 0.142966 2.86091
0.0277402 0.284531 4.51276
0.231429 0.283809 4.59792
0.187938 0.198473 4.51662
0.0401308 0.189537 5.07425
-0.0312913 0.226299 5.72669
-0.625444 0.196363 7.43094
-0.77119 -0.376404 5.91739
0.22684 0.173762 2.80766
0.231252 0.0524585 2.74231
0.217289 -0.0470006 2.89628
0.232259 0.0608776 2.83494
0.2344 0.0264803 2.84024
0.232334 0.161612 3.29406
0.228557 0.132832 3.28053
0.230651 0.195836 2.9685
0.232334 0.161612 3.29406
0.118042 0.228233 3.05566
0.22471 0.216563 3.26114
0.220015 -0.0417189 3.26493
0.223449 -0.0285099 2.95486
0.223045 -0.0235025 3.01198
0.229228 0.0757736 3.09115
0.230221 0.067792 3.01075
0.226257 0.0551274 3.00686
0.248825 -0.10413 4.48453
0.330377 -0.311395 4.71995
0.224761 -0.0923446 3.33438
0.350692 -0.00629254 4.49047
0.463124 0.136944 4.43692
0.460553 -0.00770785 4.46564
-0.36051 0.288597 3.94148
-0.409207 0.289459 3.84418
0.033455 -0.131952 5.12676
-0.222032 -0.277122 6.43023
-0.0376599 -0.587884 6.57007
-0.0557834 -0.728873 7.54206
0.182618 -0.155024 4.71358
-0.134163 -0.0420685 5.71524
0.224679 0.156754 4.64715
0.114154 0.17811 4.91937
0.234369 -0.0130159 4.47445
0.111576 0.0163218 4.95123
-0.383683 -0.59416 6.70682
-0.943836 0.285304 4.63931
-0.527211 0.290212 3.72754
-0.594344 0.302047 3.55861
-0.904715 0.00829473 4.31511
-0.851265 -0.134448 4.07672
-0.0694961 0.0519496 5.54467
-0.159471 0.0613087 5.64076
-0.64055 0.0514435 7.59225
-0.490711 -0.058339 7.15925
-0.00819145 0.038726 4.9758
0.00974189 -0.14371 6.76181
-0.410806 -0.388101 7.0053
-0.344382 -0.464522 6.58521
-0.872967 -0.235717 6.34692
0.226395 0.218188 3.26853
0.225129 0.208005 3.12992
-0.278293 -0.00314046 6.4289
-0.40609 0.00571376 6.95414
-0.282947 -0.121121 6.62557
-0.402454 -0.0979123 6.95713
-0.395746 0.18297 7.02057
-0.430153 0.268388 3.15314
-0.443316 0.268764 3.14206
0.111576 0.0163218 4.95123
0.2261 0.206447 2.99929
0.21409 0.204041 3.02663
0.215619 -0.0466639 2.89348
0.235724 -0.0240055 3.36088
-0.00524831 -0.122212 5.67457
-0.312463 -0.294043 6.62681
-0.398391 -0.292279 6.81861
0.359327 0.14188 4.47886
0.211273 0.150858 4.54954
0.179596 0.16219 4.67114
0.200876 0.00908245 4.55901
0.179171 0.0199241 4.72472
0.102295 -0.139341 5.0966
0.129476 -0.15428 4.88866
0.216617 -0.0449498 2.98992
-0.0412603 0.205617 5.42888
-0.0318399 0.0884024 5.57446
-0.824326 -0.327851 6.26538
-1.26476 -0.0862942 8.83354
-0.436932 0.335322 4.88923
-0.545871 0.406605 6.91302
0.00900971 0.264971 4.38182
0.00821935 0.217939 4.51948
0.182163 0.248433 4.22634
0.164604 0.256748 4.46391
0.239716 0.188891 4.43296
0.221632 0.146037 2.89326
0.232273 0.0522531 2.745
0.226899 -0.0193473 2.92509
0.229004 -0.00043216 2.83304
0.229024 -0.0376689 2.83512
0.232782 0.0610883 2.83497
0.230402 0.0239362 2.83335
0.219622 0.171355 3.11029
0.230234 0.1626 3.27812
0.231892 0.217997 3.31313
0.220181 -0.0418987 3.26477
0.231763 -0.0279856 3.09704
0.217143 -0.0490123 3.01339
0.228451 0.0753853 3.08956
0.165392 -0.104408 3.32247
0.345264 -0.00567783 4.46557
0.49624 0.140896 4.55939
-0.315275 0.275515 3.69795
-1.05873 0.479425 7.58356
-0.254087 0.247025 3.28473
-0.183277 0.249046 3.25579
0.179059 -0.155304 4.72171
-0.0626693 0.127772 5.50919
-0.785706 -0.341758 6.37475
-0.520952 0.277972 3.49943
-0.390462 0.282897 3.42227
-0.989037 -0.351105 6.19582
-0.888535 0.0702567 4.83361
-0.893566 -0.137399 4.18294
0.227983 0.0627862 2.72743
-0.285785 -0.352486 6.61647
-0.623013 -0.271724 6.23466
0.540327 -0.0129231 4.77616
0.354614 -0.00434994 4.4982
-0.605886 -0.337695 8.36496
0.211916 -0.0432762 2.94386
0.22229 -0.0463133 2.99974
0.00970297 0.0752489 5.08069
-0.0305878 0.0940012 5.56493
-1.12865 0.430651 7.66574
-0.373347 0.263415 3.32146
-0.0526144 -0.0930228 5.46683
-0.635406 0.0568107 7.51921
-0.498365 -0.0578871 7.20863
0.225792 0.21679 3.26053
-1.45371 -0.063235 11.3703
-0.830022 -0.332692 6.31482
-0.769415 -0.376818 5.92648
-0.916688 -0.414842 6.41339
0.200746 0.15261 4.5642
0.183584 0.159881 4.68291
0.207418 0.115006 4.59113
-0.064304 0.0632208 5.55883
0.224132 -0.0873665 3.33779
-0.558831 0.308391 7.27576
-0.611487 0.180981 7.30515
0.19145 0.0385935 4.74106
0.230656 -0.0120733 4.46925
0.0127627 0.283323 4.59546
0.359327 0.14188 4.47886
0.364278 0.0867978 4.41132
0.228983 -0.0237549 3.34001
0.220916 -0.0250129 2.90648
0.224134 -0.0291322 2.95678
0.178177 0.252994 4.62936
0.250663 0.189701 4.50567
0.182179 0.197407 4.48542
0.225602 0.1413 2.75932
0.22488 0.0554489 2.74629
0.223489 -0.0106979 2.92229
0.232782 0.0610883 2.83497
0.225083 0.134639 3.2662
0.228275 0.184328 3.16417
0.230628 0.207999 2.99644
0.222785 0.206427 3.05293
0.227189 0.253495 3.75816
0.10827 0.233931 3.30271
0.0796016 0.239291 3.31796
0.209648 -0.0433411 3.09776
0.219441 -0.0225574 3.00614
0.238377 -0.0301044 3.10802
0.219558 -0.0506348 3.02266
0.222713 0.0536748 3.00267
0.263847 0.00142005 4.29901
-0.338438 0.278529 3.71999
-0.460545 0.404055 7.00607
0.176532 -0.154024 4.70972
0.11199 -0.194108 4.76082
0.116038 0.180515 4.99058
-0.294179 -0.117734 6.69892
-0.275037 0.161404 6.59899
-0.913611 -0.0401551 4.94786
-0.937041 -0.194454 4.99253
-0.889739 0.0765532 4.84133
-0.861764 -0.0793689 4.15472
-0.465161 0.274763 3.19649
0.229531 -0.0373961 2.83556
0.232748 0.0631487 2.73504
0.229568 0.17952 2.89786
0.0539359 0.207607 5.39866
-0.403707 0.28184 3.61258
0.212932 -0.0841486 3.29865
-0.62093 -0.336626 8.16438
0.228784 0.161952 3.20786
0.225936 0.157969 3.24008
-0.81613 -0.320723 6.19341
0.189675 0.158191 4.69936
0.210601 0.0178719 4.67059
0.177767 0.0259733 4.69383
0.23573 -0.010029 4.52971
0.226899 -0.0193473 2.92509
0.221874 -0.045834 2.96708
0.190167 0.266128 4.65858
0.242742 0.178384 4.48348
-0.493935 0.280759 3.47395
0.162863 0.225364 3.51513
0.257642 -0.104443 4.50957
0.226066 0.0537451 2.7354
0.233868 0.0633721 2.83023
0.231381 0.0249006 2.83534
0.169268 -0.153404 4.69761
0.115085 -0.147018 4.80895
-0.18893 0.251593 3.27929
0.0320252 -0.133347 5.25682
-0.215454 -0.279027 6.39268
-0.85695 -0.079052 4.13856
0.10603 0.233814 3.29456
0.0823644 0.24072 3.32505
-0.899706 -0.175848 4.84872
0.218104 -0.049736 3.02279
0.360374 -0.00530487 4.5294
0.281026 0.0031973 4.41904
-0.230351 0.291944 4.38076
-0.55761 0.397456 7.10309
-0.359531 0.287517 3.9211
0.229964 0.139233 3.28762
0.225199 0.0530508 3.01165
0.232787 0.0773112 3.09783
-0.40784 0.19659 7.25129
-0.650604 0.171481 7.65622
-0.408744 -0.0204147 6.9767
-0.0478971 0.275616 5.41821
0.0798774 0.296796 4.74627
0.220989 0.0922052 3.29359
0.0253512 0.0488201 5.94291
-0.858217 0.110843 6.44326
0.111855 0.0199449 4.88533
0.226661 0.141752 2.76211
-1.09117 -0.156508 9.11932
-0.677965 0.298959 6.00181
0.226144 -0.00440367 4.47499
0.2206 -0.0203565 3.01248
0.0221482 0.175905 5.06103
0.0298455 0.094428 5.04099
-0.0328981 0.103636 5.51263
0.237797 0.0778989 3.10834
0.21219 0.0560467 3.04631
-0.283149 0.165356 6.5624
0.227869 0.16121 3.20363
-0.569623 -0.338577 7.61861
-0.0487303 0.256539 5.30833
-0.250158 -0.28488 6.14648
-0.402267 -0.287127 6.74949
0.257257 0.188293 4.57127
0.241168 0.211281 4.73728
-0.99519 0.341614 5.58788
0.233868 0.0633721 2.83023
0.233234 0.0455306 2.84271
-0.128339 -0.0454345 5.68623
-0.375108 0.265816 3.33464
-0.439826 0.28364 3.66848
0.258733 -0.0165562 3.41248
0.217791 -0.0117735 2.91295
-1.03433 0.476148 7.52028
-0.22926 0.296582 4.43294
0.106125 0.231757 3.29103
0.0806363 0.239494 3.31047
0.220954 0.254622 3.77561
0.222978 0.0705958 2.99872
0.369916 0.143377 4.50856
0.359522 -0.000330244 4.51121
0.17038 -0.15247 4.68748
0.109841 -0.148666 4.88576
0.218528 0.181589 3.14237
0.231937 0.20099 3.29389
0.218335 -0.0376713 3.09108
-0.0103181 0.049537 5.28616
-0.00333325 0.21836 4.63361
0.186561 0.159374 4.70747
0.090067 0.165261 4.8586
0.117767 0.0209941 4.90493
-0.808763 -0.0530746 5.57763
-0.588815 -0.23996 5.81398
-0.294594 -0.0669729 6.78805
-1.02288 0.202342 5.633
-0.877989 -0.0925911 5.85123
-0.521675 0.306074 3.62806
0.253559 -0.0993892 4.47488
