-0.857688 -0.239235 6.25742
-0.867001 -0.160841 4.27176
-0.855198 0.318953 4.62101
-0.409678 0.0245911 6.92179
0.0657251 -0.128613 5.10166
-0.773908 -0.3751 5.894
-0.199336 0.332574 5.7245
0.22424 0.281226 4.5408
0.230189 0.206972 2.94783
0.166261 -0.104802 3.3336
-0.363924 0.29036 3.88559
-0.797272 0.0299983 8.16006
-0.537863 0.29841 3.77162
-0.366905 0.258353 3.09978
-1.04209 -0.0757807 4.21847
-1.016 0.0112502 4.42938
-0.650067 0.0386102 7.70024
-0.797272 0.0299983 8.16006
-0.181765 0.248713 3.25191
0.366062 0.146677 4.51667
0.360662 0.0920789 4.43789
0.240167 0.159843 3.24782
0.269998 0.166504 3.16922
-0.258635 -0.00362346 6.33484
-0.437556 0.336685 4.89544
0.176011 -0.151903 4.65618
0.154687 -0.175805 4.58863
-0.300257 0.00219311 6.67912
-0.86273 0.312966 4.58956
-0.913512 0.245373 4.63682
-0.256785 0.154148 6.51438
-0.705843 -0.424531 5.84777
-0.139827 0.248567 3.16494
0.121041 0.180193 4.96712
0.0409914 -0.133033 5.12847
0.122238 -0.415917 6.53654
0.289427 0.15836 2.98945
-0.921535 -0.0905652 6.22775
-0.681857 0.362027 7.78758
0.213278 -0.0518984 2.94568
0.21087 0.167788 4.40472
-0.932965 -0.373172 6.03991
-0.825309 -0.403996 5.95745
0.245495 0.20127 3.1107
-0.310305 -0.377679 6.48496
-0.41332 -0.381914 7.01325
0.053034 0.0955712 5.15112
0.226623 0.137299 2.74406
0.231712 0.207389 2.95035
0.225538 -0.0191969 2.92106
0.0855757 0.237929 3.34845
0.222567 -0.0245789 3.00885
0.239423 0.0746313 3.11491
0.239932 -0.104843 4.45046
0.323856 -0.305606 4.67497
0.171485 -0.106782 3.34886
0.503089 0.143463 4.56405
0.463748 -0.0101419 4.46151
-0.223683 -0.265607 6.28947
-0.0276181 -0.60487 6.74916
0.142264 -0.248967 4.55996
-0.36703 0.258609 3.10134
-0.432157 0.269489 3.17299
-0.535747 0.289838 3.55724
-0.292483 0.252273 3.07829
-0.451612 0.272365 3.17513
-0.997241 0.0353346 4.58709
-0.899744 -0.138864 4.19995
0.233065 0.0640765 2.73202
0.0409914 -0.133033 5.12847
-0.589169 0.468505 7.58886
-0.437628 0.255714 3.09339
-1.04907 -0.391145 6.34791
0.20679 0.153127 4.51596
0.183514 0.163897 4.72366
0.238073 0.162495 3.30922
0.366591 0.124357 4.42748
-0.0735299 0.0425907 5.54626
-0.135141 -0.0394512 5.66935
-0.0165092 -0.112466 5.48391
0.218512 0.218996 3.20322
0.252587 0.228959 3.33783
-0.644961 0.0417788 7.65198
-0.779229 -0.0755542 7.79076
0.227739 0.210578 3.0586
0.225106 -0.0425589 2.93113
-0.25025 0.277646 6.63599
-0.370061 0.296587 6.92036
-0.377187 0.175684 6.84609
0.225081 0.19646 3.09877
-0.861683 0.318485 4.64066
-1.27862 -0.0083117 8.08025
-0.859386 -0.235068 6.25745
0.116925 -0.144979 4.74693
0.127773 -0.166414 4.74703
-0.72514 -0.441324 5.96301
0.00966657 0.213756 4.47832
0.224134 -0.0554677 2.96264
-0.27652 -0.122529 6.63638
-0.386884 -0.0984759 6.80747
0.233601 0.156943 2.87884
-0.125958 0.319028 5.02608
-0.153299 0.322608 4.98076
-0.0788253 0.331341 5.55577
-0.294994 -0.273179 6.56585
-0.0031248 0.215095 5.46816
-0.517446 0.283474 7.30459
-0.669576 0.219677 7.77166
-0.761811 0.240102 8.01153
0.228254 0.281787 4.57404
0.184762 0.268049 4.57644
0.217061 0.205354 4.75347
0.228998 0.164639 2.89688
0.225951 0.142806 2.87703
-0.931144 -0.432492 6.11626
0.225401 0.139765 2.72611
0.235367 0.150041 2.83241
0.224591 0.174555 2.83224
0.224161 -0.019047 2.91902
0.216791 -0.0240021 2.93528
0.231469 -0.0170586 2.84003
0.230176 -0.0393239 2.83675
0.232938 0.0604732 2.83693
0.231638 0.0245289 2.8343
0.226959 0.130658 3.27371
0.229747 0.157857 3.09489
0.0939788 0.233712 3.08786
0.199622 -0.0395794 3.07285
0.221806 -0.0440424 3.30847
0.216069 -0.0896936 3.30841
0.229359 -0.026908 3.0931
0.233898 -0.0228026 3.35261
-0.405002 0.285557 3.81236
-1.08708 0.492122 7.74556
-0.245816 0.316305 4.55945
-0.460721 0.429372 7.07875
-0.184295 0.24786 3.2375
-0.035821 -0.589364 6.58279
-0.0584998 -0.705703 7.36726
-0.382949 -0.595853 6.7092
-0.929916 0.319058 4.63062
-0.529871 0.292544 3.73764
-0.53802 0.291335 3.56639
-0.501131 0.262695 3.12766
-0.884359 -0.0181414 4.4052
-0.924619 0.00770319 4.36814
-0.841135 -0.073631 4.1021
-0.88585 -0.134808 4.1578
0.230606 0.0632061 2.72919
-0.38955 0.277988 3.4777
-0.444552 0.289352 3.7046
0.179391 0.161875 4.66947
-0.297044 -6.96967e-06 6.66714
-0.382024 0.0173365 6.80721
-0.282551 -0.121031 6.61371
-0.390623 -0.0976448 6.80136
-0.613319 0.482857 7.93378
0.234634 0.20994 3.09486
0.0352629 -0.134417 5.22623
-0.0120861 -0.116577 5.51224
-0.0565174 -0.18358 5.50368
0.224858 0.155415 3.21302
-0.885709 0.284515 4.64715
-0.260734 0.151857 6.39242
0.104979 -0.141713 5.11908
0.129848 -0.154309 4.89078
0.102627 -0.151133 4.96079
0.230784 0.14238 2.85688
0.239069 0.158548 2.88736
-0.348563 -0.188472 6.70867
-0.590754 -0.327604 8.34141
-0.819777 -0.32501 6.2293
0.211197 -0.0230772 2.9256
0.213702 -0.0471084 2.94591
-0.632803 0.198979 7.53847
-0.0296849 0.226745 5.74924
-0.0320061 0.0882063 5.56942
0.228217 0.06261 2.72694
0.226293 0.140866 2.76008
0.23056 0.138054 2.74879
0.217652 0.178193 2.88752
0.21384 0.0519434 2.72281
0.22835 -0.0377226 2.83309
0.232424 0.0240471 2.83614
0.229652 0.16238 3.17472
0.227783 0.132193 3.27718
0.226528 0.170109 3.01714
0.110626 0.245009 3.26109
0.106837 0.221462 3.02041
0.21174 -0.0436937 3.10249
0.221295 -0.0233192 3.00703
0.221431 -0.0510744 3.01815
0.216224 -0.0488182 3.10305
0.225436 0.0548878 3.00409
0.230697 0.0755182 3.09412
0.247166 -0.104823 4.47485
0.164811 -0.104586 3.32043
0.34972 -0.00646916 4.48501
0.460706 0.136353 4.42693
0.454837 -0.00742419 4.44242
0.0263487 0.282843 4.49363
-0.242927 0.315602 4.59011
-0.162371 0.244746 3.29646
-0.221616 -0.27654 6.41506
0.181631 -0.154813 4.70396
-0.0533055 -0.0909776 5.46732
-0.612669 -0.265747 6.14159
-0.343257 -0.480866 6.60051
-0.929568 0.281577 4.59098
-0.523623 0.28745 3.71233
-0.431092 0.267461 3.16961
-0.534393 0.287848 3.5521
-0.517576 0.272208 3.18173
-0.905164 0.00829871 4.31653
-0.915945 0.0297188 4.42569
-1.01661 -0.0718198 4.16208
-0.996176 0.0109435 4.36577
-0.888672 -0.135895 4.16773
0.233875 0.0684746 2.83148
0.113267 0.177547 4.90783
0.22541 0.0673243 2.99964
0.224798 0.0547452 3.00268
-0.275487 -0.00189312 6.37023
-0.406018 0.00577969 6.9606
-0.402987 -0.0980409 6.96813
-0.819806 -0.3261 6.23489
-0.771749 -0.376833 5.92221
-0.750609 -0.357238 5.97003
0.226506 0.150343 3.01214
0.213846 0.119136 4.63268
-0.00596534 -0.122149 5.65131
-0.0676097 0.0530815 5.58488
-0.159885 0.0609038 5.61031
-0.134221 -0.0421643 5.70641
-0.0762585 0.329601 5.69907
0.0977781 0.237748 3.36348
-0.6418 0.0511607 7.61349
-0.906037 0.0628892 9.50427
-0.490895 -0.0580225 7.1593
-0.438966 0.338817 4.92319
-0.881809 -0.0790305 5.84881
-0.867791 -0.233868 6.30843
0.358244 0.141475 4.47297
-1.26338 -0.0861565 8.81528
0.217638 0.204724 3.10819
-0.443093 0.287419 3.68667
-0.614584 -0.343687 8.49095
-0.31247 -0.294849 6.64086
-0.39524 -0.29083 6.75115
-0.0403638 0.208161 5.47483
0.192527 0.264136 4.42749
0.164668 0.256586 4.46494
0.223265 0.173332 4.50164
0.187686 0.197999 4.51457
-0.0450958 0.285073 5.56336
0.227155 0.194485 2.95992
1.52944 0.456314 4.944
0.145364 0.123172 2.7309
0.226255 0.0519941 2.73488
0.222516 -0.02833 2.95186
0.232634 -0.000299752 2.83893
0.231156 0.0606776 2.83201
0.211431 0.156924 3.13073
0.224495 0.216185 3.25963
0.228911 0.206715 2.98985
0.177688 0.227442 3.5484
0.239051 0.188277 4.42586
0.232543 -0.0247154 3.3498
0.221191 -0.0229378 3.01007
0.229288 -0.0278289 3.08985
0.215091 -0.0486777 3.00779
0.226299 0.0750469 3.08329
0.286988 -0.269859 4.55729
0.343609 -0.00584327 4.45621
0.234427 -0.013261 4.47613
-1.07289 0.486762 7.68902
-0.462047 0.406371 7.04356
-0.18486 0.248182 3.25083
0.178642 -0.155241 4.71626
-0.0623743 0.127361 5.50806
-0.0079446 0.0389611 4.98957
0.200857 0.00906891 4.5587
0.110854 0.0162053 4.94284
-0.342835 -0.461291 6.54203
-0.395406 0.182983 7.01616
-0.532263 0.294301 3.7515
-0.465741 0.274775 3.19851
-0.896889 -0.182802 4.82994
-0.911085 -0.0398334 4.93715
-0.788233 0.041054 4.02422
-0.254605 0.249088 3.29643
-0.0314427 0.0928132 5.52476
0.354834 -0.00449039 4.49893
-0.187767 0.355726 6.22465
-0.941775 0.46972 8.22021
0.43178 0.121423 4.466
0.358244 0.141475 4.47297
0.454956 0.0855193 4.52514
0.359004 0.0859812 4.38563
0.226445 0.178624 3.30697
0.228848 0.16201 3.27296
-0.816518 -0.320798 6.19489
-0.892823 -0.400555 6.24497
-1.45412 -0.0625544 11.3957
0.190218 0.036918 4.73587
0.212404 0.151418 4.56034
0.182984 0.159397 4.67784
0.206737 0.113905 4.58637
0.00579394 0.216044 4.49312
0.18339 0.249091 4.23642
0.189508 0.265416 4.65259
0.181976 0.19684 4.48408
-0.183102 0.248749 3.2539
0.225834 0.141194 2.75898
0.232549 0.0609215 2.83399
-0.530818 0.284498 3.5357
0.22714 0.253825 3.75826
0.249231 0.189117 4.49589
-0.988723 -0.350944 6.19403
-0.923397 -0.182682 4.95121
0.222946 0.0551523 2.74206
0.236631 -0.0243107 3.36242
0.216798 -0.0856025 3.31349
0.10435 0.232514 3.2857
0.175601 -0.15391 4.70109
0.115021 -0.147005 4.80721
0.146629 -0.229223 4.48985
0.112703 -0.19491 4.77523
0.224297 0.16927 3.01427
-0.242592 0.314773 4.58049
-0.553688 0.416328 7.05863
0.226751 0.208886 3.13471
0.224109 0.183054 3.15227
0.224677 0.217123 3.26223
0.225466 -0.0193424 2.92128
0.223668 -0.0291682 2.95489
-0.710307 0.339968 5.73459
0.235823 -0.0299349 3.10145
0.214805 -0.0490465 3.01402
0.192065 -0.0396122 3.05292
-0.293527 -0.117697 6.68096
0.489675 0.139462 4.53289
0.529932 -0.0129106 4.73566
0.230222 -0.012064 4.46499
-0.0647962 0.0628137 5.54181
-0.973835 -0.141082 6.39378
-0.780717 -0.338258 6.32737
-0.274778 0.161184 6.59312
-0.614192 0.181962 7.34717
0.223791 0.192536 2.95381
0.117547 0.106097 5.71507
0.110854 0.0162053 4.94284
-0.854072 -0.0773033 4.13131
0.231581 0.0627601 2.73238
0.192019 0.1476 4.48873
0.185403 0.158302 4.69578
-0.712983 -0.272719 5.72087
-0.868439 -0.232367 6.3107
-0.863906 -0.0493334 8.65221
0.185816 0.260697 4.41567
0.167188 0.247567 4.53352
0.260765 0.220021 4.88906
0.232549 0.0609215 2.83399
0.230749 0.0246651 2.83343
0.170162 -0.152462 4.68515
0.181739 0.234068 3.59064
0.254745 0.186974 4.55256
0.256598 -0.104414 4.50286
-0.494806 0.281712 3.47943
-0.899026 -0.176409 4.8471
0.0318034 -0.13324 5.24769
-0.188385 0.251723 3.27832
0.243862 -0.0143109 3.36662
0.218724 -0.0443373 3.25844
-0.849992 -0.0775953 4.11572
0.214091 0.189318 3.02913
0.076364 0.237079 3.30166
0.223692 -0.0108723 2.92219
-0.230078 0.298709 4.44874
-0.374297 0.265144 3.33025
0.221898 0.19582 3.26494
0.271144 0.00103873 4.34753
0.227137 0.161217 3.20136
0.225503 0.134354 3.26736
0.221855 0.0534375 2.99981
0.232004 0.0770574 3.09502
-0.353433 0.278569 3.83634
-1.04756 0.483511 7.6278
0.226207 0.152343 2.82016
0.223824 0.147825 2.86516
0.282017 0.0159231 3.48811
-0.40809 0.19702 7.26235
-0.649464 0.171891 7.65327
-0.295751 -0.0676155 6.87323
-0.635624 0.0562193 7.5271
0.205434 0.252204 4.33207
0.0455394 0.269471 4.47878
0.0159808 0.285761 4.64007
-0.0478061 0.274992 5.41323
0.115526 0.179835 4.98383
0.20924 0.0174479 4.65879
0.11072 0.0196075 4.87223
-0.896205 0.0766485 4.86848
-0.340592 0.282329 3.74665
0.221452 0.070246 2.99371
0.223267 0.0527983 3.00547
-0.400414 0.279055 3.59089
-0.439542 0.283648 3.66783
0.0224341 0.174929 5.06108
0.215209 -0.0359495 3.11302
0.0192507 0.314339 4.95184
-0.00185933 0.218532 4.6454
-0.0499218 0.254817 5.29015
0.0907656 0.221751 3.22657
0.0815905 0.239976 3.3201
-0.692131 0.307755 6.16875
-0.282905 0.165318 6.57359
0.222744 0.156903 3.22874
0.226306 0.138194 3.27331
-0.249957 -0.283081 6.10953
-0.402005 -0.288062 6.73826
-0.379905 -0.381976 6.60795
0.278043 0.233262 4.79456
0.241399 0.17833 4.47494
-0.508471 0.295611 3.56107
-0.531102 0.298113 3.76609
0.235727 0.0636347 2.83394
0.230174 0.195059 3.07464
0.225466 -0.0193424 2.92128
-0.884843 -0.0930637 5.89182
0.232353 -0.0349852 3.35404
-0.127869 -0.0462847 5.7007
-0.215602 -0.278182 6.36596
-0.230121 0.302453 4.49597
-0.46432 0.399633 5.55036
-0.459104 0.359048 6.61937
0.363204 0.141992 4.47628
0.353707 9.89081e-05 4.48152
0.281678 0.00323937 4.42532
0.228335 0.200114 3.28242
0.226033 0.0568981 3.07782
0.215465 0.2519 3.7474
-0.375022 0.26627 3.3363
0.169332 -0.153265 4.69627
0.109631 -0.148695 4.88232
-0.594562 -0.243963 5.88027
0.189232 0.158103 4.69475
0.0906972 0.164563 4.8668
0.177542 0.0261387 4.6897
0.113492 0.0202034 4.85879
0.219463 -0.0199687 3.00851
0.225609 0.121118 3.27507
-0.0103394 0.0490264 5.26968
0.192933 0.262764 4.45076
0.0834374 0.299403 4.79149
0.254053 -0.0996439 4.47858
0.218377 0.0542461 2.73542
