0.207833 0.213909 3.17395
0.0281846 -0.134301 5.42508
-0.363547 0.276913 3.46581
-0.450583 0.292996 3.70613
-0.873989 -0.218331 6.26933
-0.41099 0.0241781 6.96011
0.104499 0.224347 3.08232
0.220897 0.216532 3.25862
-0.406875 0.311061 7.10882
-0.400469 0.17997 6.86615
-0.29877 0.26374 3.18973
-0.206759 0.339969 6.36677
0.0420801 -0.130483 5.08888
-0.923928 -0.0927941 6.25377
0.229316 0.284477 4.57263
-0.585388 -0.300055 8.19199
-0.309537 -0.387364 6.58351
-0.131895 0.240788 3.33707
0.000625499 0.215463 5.44189
0.220029 -0.0242881 3.00023
0.2242 0.0557351 2.99723
0.233066 0.074381 3.09766
0.16896 -0.105719 3.33753
0.483912 0.141666 4.48648
-0.0645524 -0.609088 6.779
-0.258863 0.157888 6.7774
-0.532006 0.287945 3.54368
-0.898842 -0.137962 4.1954
-0.958215 -0.17159 4.32433
-0.453063 0.294375 3.71656
-0.982975 -0.381404 5.85406
0.233114 -0.047311 3.33826
0.021861 -0.128491 5.31364
0.228209 -0.0981253 3.34839
0.219579 -0.0208531 2.89609
-0.747446 -0.231011 5.90363
-0.300844 0.00175582 6.72652
-0.412163 -0.0972186 6.85992
-0.404537 0.307454 7.07532
0.581161 0.120055 4.48221
0.226595 0.218668 3.27221
0.232672 0.196278 3.08158
-0.890484 -0.117215 6.20096
-0.862984 -0.241744 6.29272
-0.367085 0.299513 4.01725
-1.0761 -0.0537306 4.3983
-0.130786 0.250927 3.39505
-0.712794 -0.431554 5.9018
-0.899591 -0.0593643 6.31793
-0.926417 -0.0913656 6.25736
-0.649823 0.0383682 7.70199
0.0411473 -0.132883 5.12237
0.124657 -0.164286 4.7132
0.249718 0.152183 2.98222
-0.309806 -0.376739 6.47489
-0.686565 0.365767 7.8376
-0.780847 -0.380225 5.94287
-0.826927 -0.405214 5.96863
-0.927184 -0.428455 6.08927
1.3257 -0.249191 4.32092
0.233129 0.157774 3.22777
0.232649 0.130275 3.285
0.340356 0.278762 4.44881
0.210984 0.167625 4.40204
0.0299224 0.233228 3.09601
0.231263 -0.101786 4.39855
0.321987 -0.304214 4.66126
0.464952 -0.0107117 4.46439
0.0243734 0.224412 4.60532
-0.139939 0.243375 3.13861
-0.462897 0.440409 7.16898
-0.181756 0.251165 3.2621
-0.223258 -0.267748 6.32008
-0.383942 -0.589938 6.66332
-0.530642 0.286879 3.53777
-0.802253 -0.188985 4.39541
-0.787483 -0.166597 4.22538
-0.855257 -0.0753312 4.13734
-1.10835 0.0906041 4.40906
-1.01555 0.0114671 4.42658
0.228571 0.0748531 2.99158
-0.198673 0.256737 3.37095
-0.232841 0.256334 3.51523
0.206242 0.152937 4.50934
0.220812 0.147832 2.90654
0.223707 0.19579 3.0928
0.229168 0.20857 3.13634
-0.296894 7.44198e-05 6.6659
-0.387881 -0.0995317 6.84543
-0.0720721 0.0430858 5.57643
-0.0533068 -0.0908331 5.4605
-0.0165693 -0.112135 5.46682
-0.184072 0.248522 3.23903
-1.89521 0.209998 12.8248
-0.589852 0.468922 7.59636
-0.641294 0.0414806 7.6037
-0.800468 0.0303658 8.19444
-0.370743 0.298129 6.94889
-0.375978 0.174798 6.81085
0.175788 -0.151631 4.65103
0.160894 -0.149283 4.76067
0.120832 0.180124 4.96286
-0.727015 -0.442894 5.97978
0.224263 0.209101 3.04711
0.10647 -0.151234 4.97695
0.116742 -0.144726 4.74224
1.34568 0.401578 3.91608
0.086249 0.237852 3.34683
0.183715 0.267409 4.56546
0.215639 0.204887 4.74073
-0.258453 -0.00370225 6.3441
-0.135863 -0.0389187 5.6362
-0.276277 -0.122339 6.62865
0.0146923 0.217177 4.52838
0.13839 0.22863 3.25039
0.242749 0.232838 3.46385
0.21882 0.215542 3.25341
0.227749 0.144433 2.86821
0.203443 0.141441 2.94528
-0.294659 -0.273097 6.56349
-0.765355 -0.293364 5.82198
-0.955897 -0.390763 6.20392
-0.667994 0.219243 7.75175
-0.767847 0.243151 8.08637
-0.0299713 0.22606 5.74242
0.219297 -0.036456 2.94577
0.227015 0.148585 2.81753
0.2328 0.0749123 2.99946
0.228177 0.143662 2.89953
0.227973 0.0602173 2.82771
0.229949 0.0250843 2.8292
0.218162 -0.0457894 2.9901
0.221617 -0.0243334 3.00411
0.236051 0.158394 3.23537
0.0575733 0.240173 3.33779
0.223185 -0.0428645 3.26919
0.226555 -0.0972743 3.34373
0.231818 -0.0263114 3.09417
0.231886 0.0743603 3.09643
0.380875 -0.111764 4.57368
0.355058 0.0912386 4.41108
0.498394 0.14247 4.54411
-0.0380672 0.239882 3.22399
-0.407653 0.35817 4.19427
-0.406138 0.287003 3.8199
-0.245664 0.315993 4.55737
-0.462608 0.432421 7.12002
-0.295305 0.263286 3.35781
-0.256476 0.153683 6.4946
-0.811621 -0.269283 6.37595
-0.382137 -0.593522 6.68703
-0.912921 0.245506 4.63361
-0.534022 0.287862 3.5493
-0.404288 0.293668 3.54536
-0.797821 -0.18698 4.38132
-0.972498 -0.158093 5.29451
-0.94898 -0.364329 5.71149
-0.924632 0.00758625 4.36676
-0.889656 -0.13584 4.16779
-1.17673 0.0922596 4.55919
0.228791 0.0694781 2.82164
-0.407791 0.282661 6.97985
-0.395076 0.182983 7.00903
-0.529546 0.284478 3.53015
-0.159937 0.0604444 5.5857
-0.13397 -0.0421849 5.6971
-0.282723 -0.120811 6.61234
0.181078 -0.154571 4.69701
0.103977 0.23213 3.28619
-0.44639 0.291529 3.71545
0.219624 0.154268 4.60654
0.182183 0.163391 4.70832
-0.37845 0.0180622 6.69578
-0.302418 -0.116745 6.59835
-0.391028 -0.0978037 6.81425
-0.437665 0.337303 4.89793
-0.610636 0.481453 7.89968
0.10424 -0.141256 5.10661
0.130067 -0.154382 4.89291
-0.0122688 -0.116404 5.49912
-0.0566478 -0.18333 5.49751
-0.0579729 0.0728302 5.43099
0.224028 0.208819 3.04768
0.222974 0.205758 3.06627
0.231189 0.158289 2.97181
-0.907631 -0.125144 6.29972
-0.861026 -0.235782 6.26958
-0.350005 -0.189608 6.74811
-0.574677 -0.317075 8.10104
-0.0789211 0.330791 5.54515
-0.0451724 0.284947 5.55508
-0.515666 0.282566 7.27435
-0.772234 0.245249 8.11255
0.225042 0.142504 2.87285
-0.822842 -0.326711 6.25269
0.0386266 0.188443 5.04709
-0.0322002 0.0880748 5.56122
0.226027 0.201553 3.02074
0.223929 -0.0189685 2.91555
0.230834 0.156236 3.22534
0.227876 0.130546 3.27373
0.225601 0.217258 3.26567
0.220801 0.247392 3.68943
0.235766 -0.0228343 3.35482
0.22674 -0.0264479 3.08446
0.215482 -0.0486939 3.09867
0.246833 -0.104817 4.47116
0.347779 -0.00662221 4.47288
0.45259 -0.0072091 4.43143
0.225664 0.280241 4.55232
0.0264175 0.282549 4.48745
-0.407097 0.287816 3.82855
-1.09352 0.496143 7.79067
-0.238904 0.255861 3.33382
-0.18473 0.247036 3.23852
-0.221356 -0.276251 6.40941
-0.261447 0.152802 6.41746
-0.852038 -0.296432 6.65877
-0.342822 -0.480146 6.59204
-0.503168 0.299159 3.5624
-0.378275 0.270375 3.34637
-0.887807 -0.0180685 4.41668
-0.883697 -0.182108 4.78543
-1.07783 -0.0162837 4.388
-0.910819 0.00793464 4.33294
-0.887999 -0.135606 4.1642
-0.914255 0.0304853 4.41875
0.223406 -0.0215193 2.85088
0.230488 0.0693157 2.82376
-0.130351 0.0194235 5.50853
0.2011 0.00920921 4.55892
0.179089 0.0198102 4.72262
-0.817514 -0.324422 6.2176
-0.771008 -0.376361 5.91626
0.110913 0.0164136 4.93895
0.229394 0.0754468 3.08838
0.212318 0.0607044 3.04099
0.315064 0.0226998 4.5346
0.234453 -0.0131938 4.47476
-0.274504 -0.00122995 6.32876
-0.403457 -0.0981289 6.98099
0.225887 0.205152 3.09757
0.22982 0.209044 3.1383
0.113191 0.177443 4.90456
-0.00662868 -0.121895 5.63054
-1.25861 -0.0875741 8.78245
-1.28932 -0.00657333 8.15121
-0.959362 -0.0910086 6.35305
-0.870066 -0.235049 6.32661
-0.440674 0.342066 4.94976
-0.128495 0.330538 5.14749
-0.641558 0.051189 7.60889
-0.490785 -0.0570518 7.14479
0.178009 0.161151 4.65243
0.212503 0.117429 4.61966
0.225435 0.154761 2.86384
0.770963 0.265953 3.47505
0.191891 0.263648 4.42015
0.165274 0.2569 4.46803
0.224396 0.173575 4.50689
-0.638148 0.200596 7.60763
-0.039909 0.208327 5.48118
-0.3154 0.27615 3.70005
-0.183208 0.248466 3.2394
0.231681 0.0684839 2.82452
0.218967 -0.0230465 2.99946
-0.572108 0.289586 3.48558
-1.03973 -0.0519779 4.31258
0.223716 0.067229 2.9935
0.216574 -0.0411792 3.25131
0.229442 0.0604126 2.82884
0.187192 0.231885 3.58354
0.241648 0.189028 4.44063
0.220699 -0.018331 2.91025
0.208576 -0.0220475 2.91836
0.0728383 0.234796 3.28247
0.0972418 0.237235 3.35802
0.056754 0.238763 3.33314
0.226732 0.131589 3.27113
0.230499 0.142286 2.8539
0.178197 -0.155013 4.70855
-0.242687 0.315374 4.58431
-0.463616 0.409185 7.08191
0.355283 0.140869 4.45499
0.343679 -0.00574809 4.4545
-1.08646 0.493683 7.7846
0.225194 0.196051 3.0967
0.227749 0.157303 3.08762
-0.382605 0.272075 3.4418
0.460845 0.136309 4.4248
-0.279992 -0.302677 5.33187
-0.00822597 0.0387429 4.96151
-0.899402 0.0719638 4.86636
0.195338 0.141473 2.86505
-0.498325 -0.0575604 7.21421
0.230053 -0.0278941 3.08936
-0.0519684 -0.093382 5.48932
-0.816077 -0.320725 6.19209
-0.748412 -0.355479 5.95141
-0.615206 -0.267458 6.14955
-0.72884 -0.27689 5.81952
-0.285736 -0.352441 6.61307
-0.343341 -0.462551 6.55914
0.231085 0.0606532 2.82955
0.229616 0.0539065 2.83235
0.202387 0.241925 3.65651
0.225122 0.0750034 3.07791
0.190275 0.0366554 4.7363
-0.29316 -0.117595 6.67691
-0.393658 -0.288733 6.71749
-0.07814 0.322268 5.59615
-0.187336 0.358498 6.25758
0.143906 0.124456 2.77863
-0.0303711 0.0933562 5.53443
-0.557221 0.307633 7.24984
-0.615623 0.182185 7.37315
0.211758 0.151418 4.55297
0.205725 0.11248 4.57686
0.0211431 0.290335 4.70873
-0.988203 -0.350359 6.18972
0.0860267 0.228708 3.17174
0.182725 0.248637 4.22907
0.249091 0.189054 4.49276
0.225214 0.054735 3.00109
0.218939 -0.0226389 3.00211
0.222768 -0.0188641 2.9133
0.213024 -0.0230847 2.92547
0.224021 0.215916 3.25574
0.228211 0.161667 3.26846
0.225404 0.134175 3.26475
-0.243005 0.320806 4.6375
-0.559595 0.423667 7.15303
0.175752 -0.154031 4.7022
0.227249 0.149281 2.95254
0.231484 0.0240319 2.83161
-0.361479 0.2916 3.95903
-0.932765 0.463785 8.12741
-0.700686 0.335055 5.66823
0.0527439 0.236688 3.31713
0.355283 0.140869 4.45499
0.35355 -0.0043763 4.49012
0.230782 -0.0120464 4.46895
0.222779 0.207503 3.12217
0.210243 0.15651 3.12504
0.225859 0.169847 3.01307
0.204954 0.251304 4.31986
0.00713022 0.262411 4.34364
0.0454361 0.269226 4.47389
0.492618 0.139439 4.54152
0.513999 -0.0114407 4.67194
-0.274587 0.160938 6.57233
-0.407419 0.0061248 7.00037
0.11547 0.179866 4.98283
0.110913 0.0164136 4.93895
-0.858203 -0.0774711 4.1412
0.235909 0.0688623 2.82844
0.373969 0.142932 4.53538
0.226337 0.183565 3.15541
0.254837 0.181354 3.20682
0.20743 0.017263 4.64401
0.177485 0.0262825 4.6868
0.187444 0.146377 4.45329
0.182522 0.159246 4.67125
-0.649264 0.172032 7.65161
0.188243 0.264985 4.64199
0.225252 0.137588 3.26701
-0.0479666 0.274659 5.40887
-0.980396 -0.000912791 6.53551
-0.343379 0.287858 3.7788
0.229943 0.0768477 3.08672
0.221781 -0.0105343 2.91544
0.256098 -0.104127 4.49693
-0.161939 0.257036 3.34859
0.190396 0.18629 3.19255
0.231855 0.060902 2.83026
-0.215494 -0.277633 6.35858
0.14948 0.0832066 3.1615
-0.39202 0.273074 3.55054
0.115066 -0.146867 4.80549
0.169215 -0.151917 4.67083
-0.453574 0.34815 6.45638
0.221206 0.0532893 2.99586
0.231094 0.0578087 3.08608
0.21906 -0.0441626 3.25745
-1.06311 0.491637 7.74041
0.223565 0.169134 3.01013
0.19552 0.14977 2.94578
0.0169335 0.0466319 5.7502
-0.127472 -0.0465074 5.68834
0.350169 -0.00455481 4.47664
0.223582 -0.00493907 4.45485
-0.895933 -0.0602504 6.18739
-0.780622 -0.337642 6.32403
0.193817 0.263197 4.45545
-0.282913 0.165451 6.58071
-0.298247 -0.041483 6.88186
-0.643954 -0.349065 8.48332
0.0915037 0.164145 4.87322
-0.849897 -0.0775811 4.11413
-0.918261 -0.0402207 4.96779
-1.05517 0.361974 5.85817
0.107829 0.233721 3.29877
0.230473 0.0247121 2.8305
0.241425 0.0676509 2.83618
0.0317534 -0.132941 5.23891
0.0837835 0.241044 3.32908
-0.0938748 0.297761 5.36077
0.226467 0.160769 3.19656
-0.401535 -0.287456 6.73013
-0.379621 -0.374846 6.5399
-0.399542 -0.0199047 6.95109
0.164748 0.246144 4.51061
0.264473 0.217943 4.87181
0.2217 0.197926 3.26388
0.241016 0.178265 4.4702
-1.00804 -0.151146 6.6099
0.23083 0.0755207 3.08446
0.169242 -0.153038 4.69255
0.109309 -0.148456 4.87394
0.231855 0.060902 2.83026
0.253482 -0.0992493 4.47127
0.200189 0.242852 3.66101
0.221189 0.0529147 2.99715
0.18793 0.0604249 2.99094
0.357232 0.140948 4.44636
0.34734 0.000441837 4.44824
0.234392 -0.00961407 4.51383
0.216937 -0.0196066 2.99987
0.242235 -0.0310454 3.112
0.241174 -0.0138672 3.3561
-0.364125 0.256377 3.35851
-1.02825 0.379231 6.88575
-0.230805 0.303907 4.49257
-0.462246 0.390618 5.44601
-0.598271 -0.247111 5.92417
-0.868666 -0.232453 6.3123
0.224913 0.120943 3.2705
0.0232001 0.175122 5.06162
-0.0103133 0.0490022 5.26119
-0.170331 0.069724 5.46627
0.184616 0.158212 4.68583
0.108772 0.0192652 4.84959
0.189827 0.262062 4.44096
0.0901069 0.304595 4.86569
-0.298286 -0.0630694 6.95117
-0.860555 -0.0487626 8.61795
-1.04582 0.25469 5.83162
-0.893885 0.0768576 4.85794
0.102807 0.231463 3.27598
0.227375 0.0651725 2.81794
