0.0258092 0.225516 4.62379
-0.350412 0.285124 6.65611
-0.410596 0.0242514 6.94239
-0.383877 -0.0992476 6.79797
-0.243759 0.274334 6.59172
-0.25831 0.156865 6.7282
-0.863793 -0.213443 6.20653
-0.86606 -0.243239 6.31231
-0.308825 -0.385534 6.56311
0.233616 -0.0196302 3.34855
-0.75695 -0.23338 5.96235
-0.271025 -0.125398 6.66105
-0.206824 0.340196 6.36515
0.306465 -0.290509 4.58432
-0.0917708 -0.00957572 5.40494
-1.95157 0.225884 13.1751
-0.722333 -0.440595 5.97282
-0.00136009 0.213794 5.41318
-0.934545 -0.440506 6.15792
-0.928391 -0.0939306 6.2783
0.216058 -0.0232935 2.99191
0.209871 0.0562032 2.97396
0.228517 0.129111 3.27413
0.31821 -0.00352167 4.34992
0.462637 -0.0117306 4.45801
-0.361937 0.288652 3.86739
-0.384189 -0.591203 6.67365
-0.96108 -0.172546 4.3301
-1.19547 0.0917672 4.58754
-1.00829 0.012318 4.40561
0.219405 0.0558106 2.98773
-0.50213 0.288064 7.22352
-0.921076 0.043373 4.32909
-0.477312 -0.0489756 7.08088
0.218305 0.204676 3.11492
-0.461069 0.437066 7.12527
0.23151 -0.0195308 3.34346
-1.04401 -0.000806669 4.40201
0.0437295 -0.134099 5.15168
0.229298 0.195273 3.07375
0.210679 0.214882 3.17566
-0.301244 0.00125177 6.74338
-0.926679 -0.091527 6.25821
-0.801656 0.0304358 8.20685
0.226312 0.158552 2.93172
0.207738 0.142957 2.91681
-0.780473 -0.379572 5.93874
0.180725 -0.137542 4.71608
0.129116 -0.151294 4.84742
-0.0711331 0.344803 5.69605
-0.576141 -0.291265 8.06157
-0.685359 0.364586 7.81749
0.213822 0.0748595 2.96838
0.218845 -0.00572076 2.90382
0.225761 0.0739873 3.08246
0.248592 0.201309 3.31841
0.214968 0.276593 4.49221
0.361306 0.146081 4.4885
0.47375 0.140047 4.45108
0.230894 -0.101412 4.39501
0.325691 -0.438509 5.31041
0.587699 0.120558 4.50081
0.523503 -0.0308236 4.47821
-0.326329 -0.280613 6.81178
-0.0646736 -0.619052 6.84251
-0.383231 -0.596198 6.71325
-0.543426 0.313029 3.6111
-0.362234 0.275527 3.4567
-0.776821 -0.179014 4.31579
-1.00883 -0.39524 5.96469
-0.905949 0.0711227 4.87857
-1.05101 -0.0778491 4.23445
-0.896685 -0.136926 4.18777
0.213251 -0.0394364 3.12586
0.324517 -0.239095 4.42213
0.223616 0.157696 2.92878
0.215308 0.143576 2.9341
-0.234219 0.260992 3.54263
0.177276 0.0115881 4.70748
-0.387975 -0.0992768 6.84348
-0.484827 -0.0557247 7.18229
-1.90299 0.211471 12.8864
0.220035 0.194754 3.0849
0.222646 -0.0440493 3.30654
-0.132472 0.242456 3.34587
-0.843388 -0.291321 6.58638
-0.249535 0.27439 6.56156
-0.256267 0.153223 6.47705
0.0221102 -0.12853 5.31608
-0.37145 0.299055 6.96908
-0.514552 0.281944 7.25601
-0.375513 0.174648 6.79844
0.304908 0.165417 3.11417
-0.053865 -0.0906336 5.44669
0.216575 0.214596 3.24658
0.0163562 0.21851 4.54858
0.228734 0.153442 2.91439
-1.00589 0.0107309 4.3939
-0.939528 -0.145131 6.19197
-0.864754 -0.237534 6.29722
-0.237646 0.25519 3.32425
0.216233 0.211471 3.16118
0.202755 0.211252 3.16014
0.526662 -0.0151041 4.53097
-1.14465 0.522772 8.12629
0.506522 0.143718 4.57285
0.500434 0.128682 4.67522
-0.588767 0.467605 7.57728
-0.414026 -0.383434 7.03116
-0.648814 0.0382475 7.68724
-0.76753 -0.29492 5.83387
-0.165839 0.0505052 5.59125
-0.258666 -0.00377794 6.369
-0.135895 -0.038733 5.63559
-0.276464 -0.12237 6.63589
-0.0780177 0.332794 5.57574
-0.0325449 0.224094 5.69042
0.183668 0.267822 4.56614
0.213094 0.203956 4.71894
0.0432283 -0.131274 5.10602
-0.859497 -0.363651 6.14726
0.175688 -0.135129 4.703
0.173762 -0.150402 4.63428
0.119818 -0.146317 4.76835
0.120517 0.180329 4.95989
0.212038 -0.0199121 2.9267
0.220341 -0.0183986 2.90983
0.21875 -0.0237025 2.99744
0.227153 0.0739764 3.08466
0.220604 0.0551881 2.99012
0.227303 0.129302 3.27049
0.230932 0.157378 3.22139
0.0539856 0.237526 3.31992
0.131107 0.224079 3.22508
0.650944 -0.176757 4.69897
0.356084 0.0914526 4.41472
0.47075 -0.0109696 4.48514
-0.0407099 0.236309 3.20444
0.00549016 0.241762 3.41215
-0.463528 0.43409 7.13766
-0.293429 0.260529 3.3428
-0.294072 -0.273505 6.56356
-0.975178 -0.158687 5.30275
-0.970037 -0.376135 5.80439
-1.07457 -0.0537228 4.39303
-0.92667 0.00737648 4.37141
-0.894484 -0.137169 4.1806
-1.1939 0.092743 4.5934
-1.122 0.18936 4.65529
0.224831 0.207126 3.12601
0.224505 0.279959 4.54411
0.213751 0.213289 3.23997
-0.909608 0.00790732 4.32788
-0.900222 -0.0378858 4.38081
0.181875 0.163667 4.70512
-0.260739 0.152341 6.39387
-0.220419 0.259883 3.38244
-0.828235 -0.406501 5.97849
-0.0714493 0.0433382 5.59181
-0.100708 -0.0297474 5.68037
0.0505087 0.275695 4.636
0.0156838 0.218927 4.57103
-0.0167378 -0.112098 5.46667
-0.0558297 -0.183042 5.49982
-0.153187 0.323374 4.98252
-0.191221 0.358346 6.27271
-0.350928 -0.192509 6.81095
-0.824453 -0.327482 6.26412
-0.0323964 0.0883559 5.55897
0.106906 -0.151281 4.97981
-0.606673 0.478586 7.83745
-0.159855 0.0602685 5.57988
-0.296869 0.000109066 6.66472
-0.133764 -0.0422125 5.69826
0.180591 -0.154381 4.69205
0.129986 -0.154295 4.8915
-0.90715 -0.12676 6.29908
-0.961375 -0.0914031 6.35954
-0.0765724 0.327236 5.66036
0.0115535 0.273498 5.30553
0.191313 0.199219 4.5361
0.0382243 0.188353 5.04118
-0.56331 0.304086 7.37803
-0.66566 0.218663 7.72197
-0.778487 0.247235 8.17403
0.226473 0.074964 2.98656
0.223417 0.195799 3.09095
0.227413 -0.0253673 3.08395
0.223379 0.0743332 3.07824
0.225053 0.131181 3.2646
0.233149 0.157356 3.22714
0.341429 0.279374 4.4526
0.224505 0.279959 4.54411
0.0850504 0.23717 3.34067
0.23304 -0.0220198 3.34574
0.20628 0.153079 4.50877
0.347199 -0.00639724 4.4686
-0.0813635 0.24645 3.39502
-0.366919 0.299142 4.01314
-0.244599 0.311419 4.51197
-0.435202 0.333994 4.86659
-0.294587 -0.272691 6.55775
-0.830321 -0.24821 6.25767
-1.35571 -0.440891 11.9333
-0.391548 -0.0978112 6.82541
-0.501894 0.297993 3.55556
-0.406725 0.28725 3.82123
-0.886162 -0.0180381 4.40975
-1.07549 -0.0160411 4.38088
-0.997834 0.0100854 4.36732
-0.858629 -0.0757795 4.14575
-0.872864 0.070692 4.77387
0.314743 0.022791 4.53142
0.343663 -0.00543398 4.45305
0.284779 -0.000898203 4.44544
0.54396 -0.0121478 4.43668
0.232553 -0.0469755 3.3354
-0.280419 -0.30904 5.38957
0.221706 0.15608 2.95554
-0.0640655 0.0549053 5.66595
0.226986 0.130528 3.2702
-1.10003 0.499688 7.83523
-0.00653311 -0.1218 5.63059
0.239497 0.188741 4.4265
0.222765 0.173452 4.49562
0.201115 0.00932161 4.55798
0.23585 0.160858 3.03449
0.471121 0.138066 4.46157
-0.817702 -0.324488 6.21897
-0.750915 -0.356765 5.96933
0.0355218 -0.134429 5.23276
0.0493164 -0.120536 4.90296
0.178159 -0.154945 4.7073
0.178442 0.161678 4.65665
0.212773 0.116389 4.62196
-0.770592 -0.376058 5.91276
-0.963427 -0.401645 6.26719
0.209041 0.211496 3.22845
0.00607446 0.215816 4.49512
-1.253 -0.0880854 8.74631
0.110532 0.0164877 4.92726
0.0521727 0.0388682 4.82916
-0.995124 -0.102483 6.50912
-0.87045 -0.235633 6.33067
-0.130706 0.0196932 5.47876
-0.27465 -0.000759585 6.33339
-0.282772 -0.120992 6.6219
0.101994 0.231803 3.27982
-1.29378 -0.00609247 8.19864
-0.573593 -0.315466 8.08055
-0.392893 -0.287644 6.70077
0.0221392 0.200849 5.25426
-0.0401177 0.208373 5.47607
-0.0450045 0.285375 5.55185
-0.640306 0.0511559 7.59143
-0.641168 0.201236 7.6443
0.112661 0.177655 4.89798
0.0932136 0.188591 5.0526
0.223678 0.0747166 2.98186
0.225389 0.156791 3.08124
0.22572 -0.0262906 3.08117
0.219549 -0.0231158 2.99964
0.224032 0.0547219 2.99753
0.213511 0.068026 2.98487
0.229371 0.156032 3.22057
0.22536 0.157261 3.19155
0.0522326 0.235744 3.31097
0.214624 -0.0402825 3.24608
0.211924 0.151374 4.55309
0.234583 -0.0131455 4.47527
0.457682 -0.00772333 4.44996
0.0252109 0.281545 4.47196
-0.441442 0.343475 4.9594
-0.242581 0.315877 4.58373
-0.312781 -0.294951 6.64676
-0.274281 0.160642 6.55186
-1.34632 -0.425556 11.853
-2.12907 0.264368 15.6288
-0.395195 0.183427 7.01313
-0.891721 -0.18468 4.81095
-0.955038 -0.336078 5.84739
-0.972905 -0.157906 5.30014
-0.841576 -0.123916 4.24736
-0.851086 -0.0748985 4.12528
-0.918694 0.030688 4.43066
-0.888212 0.0712394 4.82371
0.246227 -0.104392 4.46453
0.250176 0.149328 2.92409
0.35511 0.141161 4.45328
0.365791 0.0867443 4.41447
-0.186875 0.361713 6.30684
-0.564683 0.429677 7.23356
0.228964 0.0756629 3.08631
-0.464386 0.409195 7.08705
0.438256 0.123023 4.48803
-0.268563 0.253815 6.1925
0.096204 0.193585 5.07305
0.0976784 0.101384 5.51471
-0.0522464 -0.0929055 5.47159
-0.00822666 -0.133919 5.14388
0.0254278 0.294546 4.76767
-0.557736 0.308354 7.26784
-0.618293 0.182929 7.40922
-1.46399 -0.0620314 11.5039
0.171938 0.316814 3.69157
-0.868527 -0.232406 6.3112
0.166038 0.257494 4.47375
0.205323 0.112025 4.57285
-0.031505 0.0934783 5.51934
-0.642174 -0.360916 8.89052
0.220723 -0.00791539 2.90925
0.217538 -0.0223136 2.99768
-0.31437 0.274366 3.68642
-0.873503 -0.176722 4.7547
0.224498 0.217067 3.26184
0.230117 -0.0230663 3.33971
0.187488 0.252658 4.27016
0.249475 0.189598 4.49516
0.222351 0.067296 2.98966
0.176191 -0.154149 4.70608
-0.285384 -0.349524 6.56369
0.353842 -0.00394492 4.48991
0.231345 -0.0119825 4.47345
-1.09263 0.496957 7.8254
0.231327 0.159457 3.22892
-0.816621 -0.321588 6.19764
0.50102 -0.0103188 4.62241
-0.340269 -0.457376 6.47407
-0.619681 -0.27024 6.20071
0.110532 0.0164877 4.92726
0.217523 0.0741302 2.9747
0.182246 0.159731 4.66909
-1.03381 0.382503 6.95592
0.0235142 0.175289 5.06359
0.501576 0.139074 4.60302
-0.0480264 0.274679 5.40496
0.20698 0.0176406 4.63728
0.25191 0.175521 3.0729
0.224457 0.137291 3.26312
0.225411 0.101028 3.26818
0.256452 -0.10398 4.49764
0.228461 -0.0275584 3.08441
-1.05432 0.0881177 4.63027
-1.05449 0.255453 5.86436
0.226692 0.178748 3.30516
-0.382914 0.272331 3.44099
0.115367 -0.146766 4.80799
0.16931 -0.151877 4.67093
-1.00591 0.00539725 4.36908
0.189228 0.23559 3.60386
0.229727 -0.0242344 3.33808
-0.852548 -0.0776304 4.12167
0.215226 0.180598 3.12963
0.223043 0.215525 3.2475
-0.243295 0.322712 4.65143
-0.553152 0.407267 7.10267
0.586076 0.132682 4.53385
0.371991 0.143319 4.5244
0.346952 -0.00381588 4.46
0.186081 0.260149 4.41072
0.0489967 0.271747 4.51218
0.0138125 0.0467575 5.68722
-1.10232 -0.151575 9.24028
-0.780173 -0.337017 6.31845
-0.753623 -0.294522 6.00599
0.00396737 0.260106 4.31001
-0.408002 0.197634 7.25269
-0.649119 0.172054 7.64939
0.11523 0.179969 4.97631
-1.00842 -0.148449 6.59525
-0.916807 -0.0400777 4.96059
-0.324894 0.268218 3.66062
0.216214 -0.0410051 3.2493
0.224847 0.075199 3.07624
0.225284 0.148923 2.9479
0.177458 0.0264561 4.68469
0.109631 -0.147618 4.86584
0.187821 0.0673027 2.94257
0.220013 0.0532802 2.99283
0.220212 0.0533317 2.99232
0.186356 0.264631 4.63005
-0.559415 -0.0808616 7.87317
-0.656087 -0.355536 8.6483
-0.450061 0.3468 6.4489
-0.399584 -0.0198232 6.95304
0.0408952 0.198597 5.23129
-0.0329208 0.103978 5.50103
-0.282979 0.165427 6.58114
0.240899 0.179017 4.4699
0.268229 0.222007 4.91949
-0.889851 -0.0943387 5.9238
0.224063 0.122882 3.28073
0.23411 0.177337 3.14406
0.201629 0.24382 3.66572
-0.341598 0.285208 3.75884
0.207954 0.19169 3.23183
0.224452 0.134182 3.2606
0.219457 -0.0102617 3.29278
0.167773 -0.152224 4.67477
0.0315757 -0.132799 5.23201
-0.127084 -0.0465292 5.68814
-0.215672 -0.277987 6.36992
-1.07075 0.496002 7.78368
0.224932 0.183368 3.15097
0.226167 0.160818 3.19466
0.2272 0.16132 3.26433
0.350448 0.139668 4.41423
0.342083 0.00122916 4.42125
0.234199 -0.00958871 4.51133
0.199414 0.247948 4.27995
-0.90532 -0.0612212 6.24871
-0.604313 -0.251349 5.99152
0.197408 0.264971 4.48054
0.0941871 0.308315 4.90742
-0.0928961 0.299456 5.38988
0.180982 0.156863 4.61408
0.0914097 0.164322 4.87603
0.108791 0.0194853 4.84839
-0.0102746 0.0491405 5.26061
-0.170656 0.0701964 5.4456
-0.23142 0.306419 4.51194
-0.450884 0.373804 5.26187
-0.889504 0.0764298 4.83938
0.228759 0.0769374 3.08242
