-0.243759 0.274334 6.59172
-0.25831 0.156865 6.7282
-0.410596 0.0242514 6.94239
-0.383877 -0.0992476 6.79797
-0.308825 -0.385534 6.56311
-0.271025 -0.125398 6.66105
-0.0917708 -0.00957572 5.40494
0.218305 0.204676 3.11492
-0.362234 0.275527 3.4567
-0.722333 -0.440595 5.97282
0.306465 -0.290509 4.58432
-0.928391 -0.0939306 6.2783
-0.685359 0.364586 7.81749
0.213822 0.0748595 2.96838
0.21305 -0.0392521 3.24233
0.325691 -0.438509 5.31041
0.462637 -0.0117306 4.45801
-0.86606 -0.243239 6.31231
-0.384189 -0.591203 6.67365
-0.896685 -0.136926 4.18777
-0.4048 0.308384 7.05515
-0.50213 0.288064 7.22352
0.215719 -0.0426238 3.10073
0.0258092 0.225516 4.62379
-0.477312 -0.0489756 7.08088
0.225761 0.0739873 3.08246
0.210679 0.214882 3.17566
-0.864754 -0.237534 6.29722
-1.00829 0.012318 4.40561
-0.181922 0.249789 3.25431
-0.887816 -0.115842 6.18344
-0.863793 -0.213443 6.20653
-0.165839 0.0505052 5.59125
-0.301244 0.00125177 6.74338
-0.199293 0.330684 5.70018
-0.206824 0.340196 6.36515
0.180725 -0.137542 4.71608
0.129116 -0.151294 4.84742
-0.576141 -0.291265 8.06157
-0.414026 -0.383434 7.03116
0.0432283 -0.131274 5.10602
-0.770051 -0.332131 6.28389
-0.780473 -0.379572 5.93874
-0.648814 0.0382475 7.68724
-0.926679 -0.091527 6.25821
-0.771529 0.244512 8.12476
-0.00136009 0.213794 5.41318
-0.0325449 0.224094 5.69042
-0.934545 -0.440506 6.15792
0.220035 0.194754 3.0849
0.216058 -0.0232935 2.99191
0.213251 -0.0394364 3.12586
0.228517 0.129111 3.27413
0.248592 0.201309 3.31841
0.47375 0.140047 4.45108
0.233616 -0.0196302 3.34855
0.31821 -0.00352167 4.34992
0.587699 0.120558 4.50081
0.523503 -0.0308236 4.47821
-0.0646736 -0.619052 6.84251
-0.864552 -0.0753033 4.35315
-1.07457 -0.0537228 4.39303
-1.19547 0.0917672 4.58754
-0.921076 0.043373 4.32909
-0.37145 0.299055 6.96908
-0.514552 0.281944 7.25601
-0.355878 0.268466 3.42713
-0.256267 0.153223 6.47705
0.324517 -0.239095 4.42213
-1.14465 0.522772 8.12629
-1.00589 0.0107309 4.3939
-0.374977 0.0190105 6.58475
-0.387975 -0.0992768 6.84348
-0.296869 0.000109066 6.66472
-0.135895 -0.038733 5.63559
-0.276464 -0.12237 6.63589
-0.326329 -0.280613 6.81178
-0.221323 -0.275745 6.39973
-0.294587 -0.272691 6.55775
0.221618 0.146129 2.96748
-0.220419 0.259883 3.38244
0.120517 0.180329 4.95989
0.0163562 0.21851 4.54858
-0.191221 0.358346 6.27271
-0.053865 -0.0906336 5.44669
-0.939528 -0.145131 6.19197
0.173762 -0.150402 4.63428
0.0437295 -0.134099 5.15168
-0.0780177 0.332794 5.57574
-0.76753 -0.29492 5.83387
-0.638677 0.0412392 7.56973
-0.784365 -0.0763043 7.86471
-0.778487 0.247235 8.17403
-0.66566 0.218663 7.72197
0.219405 0.0558106 2.98773
0.227303 0.129302 3.27049
0.216233 0.211471 3.16118
0.216575 0.214596 3.24658
0.233885 0.159071 3.21284
0.230932 0.157378 3.22139
0.224505 0.279959 4.54411
0.361306 0.146081 4.4885
0.506522 0.143718 4.57285
0.0539856 0.237526 3.31992
0.23151 -0.0195308 3.34346
0.222646 -0.0440493 3.30654
0.230894 -0.101412 4.39501
0.650944 -0.176757 4.69897
0.356084 0.0914526 4.41472
0.47075 -0.0109696 4.48514
-0.132472 0.242456 3.34587
-0.244599 0.311419 4.51197
-0.0167378 -0.112098 5.46667
-0.309995 -0.377886 6.48842
-0.843388 -0.291321 6.58638
-1.35571 -0.440891 11.9333
-0.383231 -0.596198 6.71325
-0.970037 -0.376135 5.80439
-0.905949 0.0711227 4.87857
-1.07549 -0.0160411 4.38088
-1.02902 -0.0751118 4.18475
-0.92667 0.00737648 4.37141
-1.122 0.18936 4.65529
0.21875 -0.0237025 2.99744
0.181875 0.163667 4.70512
0.347199 -0.00639724 4.4686
-1.29378 -0.00609247 8.19864
0.183668 0.267822 4.56614
0.160948 0.289345 4.69018
-0.997834 0.0100854 4.36732
-0.0714493 0.0433382 5.59181
-0.828235 -0.406501 5.97849
-0.959614 -0.393249 6.22973
0.213751 0.213289 3.23997
-0.133764 -0.0422125 5.69826
-0.303203 -0.117205 6.62257
-0.0121244 -0.116383 5.50005
-0.0558297 -0.183042 5.49982
-0.573593 -0.315466 8.08055
-0.153187 0.323374 4.98252
-0.260739 0.152341 6.39387
-0.0323964 0.0883559 5.55897
0.180591 -0.154381 4.69205
-0.588767 0.467605 7.57728
0.0156838 0.218927 4.57103
-0.824453 -0.327482 6.26412
-0.770592 -0.376058 5.91276
0.0221102 -0.12853 5.31608
0.106906 -0.151281 4.97981
-0.90715 -0.12676 6.29908
-0.961375 -0.0914031 6.35954
0.109255 0.232917 3.32368
-0.0780177 0.332794 5.57574
0.0115535 0.273498 5.30553
-0.0450045 0.285375 5.55185
0.226473 0.074964 2.98656
1.19564 0.40293 4.37798
0.220604 0.0551881 2.99012
0.227134 -0.0409606 3.11041
0.227413 -0.0253673 3.08395
0.227153 0.0739764 3.08466
0.225053 0.131181 3.2646
0.131107 0.224079 3.22508
0.233149 0.157356 3.22714
0.224505 0.279959 4.54411
0.20628 0.153079 4.50877
0.217949 0.24653 3.67862
0.23304 -0.0220198 3.34574
0.246227 -0.104392 4.46453
0.526662 -0.0151041 4.53097
-0.0813635 0.24645 3.39502
-0.132131 0.246261 3.3667
-1.10003 0.499688 7.83523
-0.435202 0.333994 4.86659
-0.463528 0.43409 7.13766
-0.237646 0.25519 3.32425
-0.294587 -0.272691 6.55775
-0.280419 -0.30904 5.38957
0.177276 0.0115881 4.70748
-0.830321 -0.24821 6.25767
-1.34632 -0.425556 11.853
-2.12907 0.264368 15.6288
-0.375513 0.174648 6.79844
-0.293429 0.260529 3.3428
-0.975178 -0.158687 5.30275
-0.886162 -0.0180381 4.40975
-0.858629 -0.0757795 4.14575
-1.1939 0.092743 4.5934
-0.872864 0.070692 4.77387
0.219549 -0.0231158 2.99964
-0.166092 0.0524178 5.5762
-0.282772 -0.120992 6.6219
-0.464386 0.409195 7.08705
0.178159 -0.154945 4.7073
0.129986 -0.154295 4.8915
0.314743 0.022791 4.53142
0.343663 -0.00543398 4.45305
-0.894136 -0.402277 6.24501
-0.963427 -0.401645 6.26719
-0.409598 0.00643449 7.05376
-0.391548 -0.0978112 6.82541
-0.490404 -0.0568725 7.13861
0.110532 0.0164877 4.92726
0.0355218 -0.134429 5.23276
0.0493164 -0.120536 4.90296
-0.0401177 0.208373 5.47607
-0.851086 -0.0748985 4.12528
-1.09263 0.496957 7.8254
0.191313 0.199219 4.5361
-0.350928 -0.192509 6.81095
0.438256 0.123023 4.48803
0.0505087 0.275695 4.636
0.0932136 0.188591 5.0526
0.00607446 0.215816 4.49512
-0.640306 0.0511559 7.59143
-0.854615 -0.0697222 8.52433
0.239497 0.188741 4.4265
0.222765 0.173452 4.49562
-0.995124 -0.102483 6.50912
-0.87045 -0.235633 6.33067
0.112661 0.177655 4.89798
0.0382243 0.188353 5.04118
-0.817702 -0.324488 6.21897
-0.0765724 0.327236 5.66036
0.0221392 0.200849 5.25426
-0.641168 0.201236 7.6443
0.471121 0.138066 4.46157
0.223678 0.0747166 2.98186
-0.888212 0.0712394 4.82371
0.0850504 0.23717 3.34067
-0.972905 -0.157906 5.30014
0.223379 0.0743332 3.07824
-0.918694 0.030688 4.43066
0.226986 0.130528 3.2702
0.215431 -0.0130372 3.28309
0.228012 0.251343 3.719
-0.891721 -0.18468 4.81095
-0.00653311 -0.1218 5.63059
-0.312781 -0.294951 6.64676
-0.242581 0.315877 4.58373
-0.606673 0.478586 7.83745
0.224505 0.279959 4.54411
-0.340269 -0.457376 6.47407
-0.571187 0.289161 3.48105
0.209041 0.211496 3.22845
0.22536 0.157261 3.19155
0.234583 -0.0131455 4.47527
-0.441442 0.343475 4.9594
-1.17109 0.447503 7.94587
0.54396 -0.0121478 4.43668
0.457682 -0.00772333 4.44996
0.0252109 0.281545 4.47196
-0.909608 0.00790732 4.32788
0.178442 0.161678 4.65665
0.189273 0.0354938 4.73371
-0.0640655 0.0549053 5.66595
-0.395195 0.183427 7.01313
-0.951677 0.467464 8.25994
0.231345 -0.0119825 4.47345
0.353842 -0.00394492 4.48991
0.284779 -0.000898203 4.44544
0.224498 0.217067 3.26184
0.50102 -0.0103188 4.62241
-0.186875 0.361713 6.30684
-1.46399 -0.0620314 11.5039
0.177458 0.0264561 4.68469
0.211924 0.151374 4.55309
0.205323 0.112025 4.57285
-0.816621 -0.321588 6.19764
-0.750915 -0.356765 5.96933
-0.00790756 0.039065 4.96725
0.0877428 0.0607455 4.9388
0.488344 0.139235 4.5247
0.452022 0.085462 4.5099
0.365791 0.0867443 4.41447
-0.642174 -0.360916 8.89052
-0.873503 -0.176722 4.7547
0.228461 -0.0275584 3.08441
-1.05449 0.255453 5.86436
0.209564 0.156468 3.12238
0.185796 0.231421 3.57731
-0.285384 -0.349524 6.56369
0.245917 0.189045 3.38252
0.187488 0.252658 4.27016
-0.564683 0.429677 7.23356
-0.694523 0.331579 5.62371
-0.546726 -0.175531 4.86827
0.166038 0.257494 4.47375
0.00396737 0.260106 4.31001
0.35511 0.141161 4.45328
0.500167 -0.0382 4.41343
-0.031505 0.0934783 5.51934
-0.274281 0.160642 6.55186
-0.12727 0.333757 5.17346
-0.387442 0.275644 6.87393
0.228964 0.0756629 3.08631
0.217523 0.0741302 2.9747
0.0138125 0.0467575 5.68722
-0.0647294 0.0633965 5.53542
0.222351 0.067296 2.98966
0.212186 0.0680164 2.98526
0.220212 0.0533317 2.99232
-0.618293 0.182929 7.40922
-0.282979 0.165427 6.58114
0.20698 0.0176406 4.63728
-0.127084 -0.0465292 5.68814
0.186356 0.264631 4.63005
0.182246 0.159731 4.66909
0.249475 0.189598 4.49516
0.11523 0.179969 4.97631
0.0408952 0.198597 5.23129
-0.656087 -0.355536 8.6483
0.501576 0.139074 4.60302
-1.05432 0.0881177 4.63027
-0.916807 -0.0400777 4.96059
0.219459 0.0608517 3.0524
0.230117 -0.0230663 3.33971
0.201629 0.24382 3.66572
-0.243295 0.322712 4.65143
-0.553152 0.407267 7.10267
0.224932 0.183368 3.15097
-0.0522464 -0.0929055 5.47159
0.226545 0.199532 3.27361
0.231327 0.159457 3.22892
0.2272 0.16132 3.26433
-1.00591 0.00539725 4.36908
0.0976784 0.101384 5.51471
0.177458 0.0264561 4.68469
0.110532 0.0164877 4.92726
0.115367 -0.146766 4.80799
0.176191 -0.154149 4.70608
0.186081 0.260149 4.41072
0.371991 0.143319 4.5244
-0.780173 -0.337017 6.31845
-0.868527 -0.232406 6.3112
-0.0480264 0.274679 5.40496
0.188482 0.146982 4.4637
0.346952 -0.00381588 4.46
-0.619681 -0.27024 6.20071
0.586076 0.132682 4.53385
0.601522 -0.0134551 4.5982
0.256452 -0.10398 4.49764
0.199414 0.247948 4.27995
0.0235142 0.175289 5.06359
-0.0329208 0.103978 5.50103
-0.0928961 0.299456 5.38988
-0.175323 0.37903 6.62269
0.234199 -0.00958871 4.51133
-1.07075 0.496002 7.78368
0.220013 0.0532802 2.99283
0.240899 0.179017 4.4699
0.268229 0.222007 4.91949
0.229727 -0.0242344 3.33808
0.228759 0.0769374 3.08242
-0.889851 -0.0943387 5.9238
0.224457 0.137291 3.26312
0.225411 0.101028 3.26818
0.207954 0.19169 3.23183
0.238406 0.163366 3.23645
0.257068 0.167066 3.34052
-0.832668 0.106501 6.59194
-1.10232 -0.151575 9.24028
-0.90532 -0.0612212 6.24871
-0.604313 -0.251349 5.99152
0.350448 0.139668 4.41423
0.342083 0.00122916 4.42125
0.0315757 -0.132799 5.23201
0.16931 -0.151877 4.67093
0.109631 -0.147618 4.86584
0.183948 0.15815 4.67845
0.0914097 0.164322 4.87603
0.108791 0.0194853 4.84839
-0.450061 0.3468 6.4489
0.163926 0.246435 4.50665
0.0489967 0.271747 4.51218
-0.0102746 0.0491405 5.26061
-0.170656 0.0701964 5.4456
-0.450884 0.373804 5.26187
-0.889504 0.0764298 4.83938
0.189228 0.23559 3.60386
0.231556 0.0204098 3.01409
