0.13667 0.174142 1.08869
0.278823 0.0689783 0.961687
0.30919 -0.218591 1.29679
0.308824 -0.0810491 0.715702
0.35142 -0.20865 1.25821
0.266791 0.1581 0.821998
0.206832 -0.193885 1.49839
-0.0289133 0.186311 0.934278
-0.695648 -0.442741 2.23883
-0.662729 -0.0744164 1.86505
-0.639993 0.0196884 1.04608
-0.661662 -0.179896 1.23999
-0.668609 -0.272602 1.46691
-0.663088 -0.0145585 1.25108
-0.642721 -0.0531282 1.31863
-0.650125 0.0223923 1.46811
0.281018 -0.0884691 1.02711
0.272565 0.159871 0.891523
0.117619 0.191323 1.20847
0.116265 0.19365 1.35441
0.281941 0.0657926 0.882874
0.26784 0.139823 1.03345
0.271095 0.0941024 0.726773
0.269393 0.0865436 0.727474
0.268144 0.157849 0.825097
0.273993 0.112462 0.689829
0.309174 0.0344577 1.11189
0.273061 -0.117302 1.07619
0.236834 -0.0733651 0.751883
0.260699 0.121013 0.952936
0.309222 -0.0160556 0.926335
0.267546 0.0728265 0.696904
0.244879 -0.114918 1.38334
0.237416 -0.14292 1.31606
0.369271 0.075911 1.08586
0.293171 0.0334236 1.17878
0.269304 -0.141992 1.29948
0.290057 -0.076169 0.746776
0.287542 0.00936551 1.26913
0.281605 0.0610013 0.683301
0.268665 0.0457217 0.73828
0.274704 0.14328 0.917258
0.332097 -0.0691309 0.72916
0.307237 -0.0690877 0.711606
0.245749 -0.0449943 0.735642
0.302474 -0.0642846 0.742904
0.273715 0.0683983 0.971847
0.274039 0.161436 1.3069
0.293207 -0.189366 1.32581
0.259528 -0.188961 1.35508
-0.673428 -0.241194 1.8723
-0.588581 -0.398029 2.11456
-0.632127 0.0195904 1.03334
-0.647082 -0.242333 1.60178
-0.658954 -0.0484871 1.36297
-0.637466 -0.0649032 1.29445
-0.66222 -0.090293 1.61773
-0.652227 -0.104129 1.0116
-0.655019 -0.00132564 1.01926
-0.644538 -0.03436 1.15789
-0.636858 -0.0793075 1.14392
0.262952 0.160909 0.92431
0.258797 -0.141622 1.56965
0.229648 -0.0134672 1.35799
0.243344 -0.242541 1.57616
0.271446 0.141224 0.906285
0.224172 -0.155621 1.56375
0.266222 0.0289926 1.22366
0.315217 0.0348747 1.13217
0.278611 0.0622413 0.809656
0.308862 0.0136667 1.00894
0.303189 0.0291478 0.882942
0.279374 0.0581911 0.874739
0.282315 0.0604393 0.928223
0.299021 0.0272544 0.936523
0.287358 -0.0665394 1.07109
0.278062 -0.112104 1.22479
0.262528 -0.118558 1.32122
0.282754 -0.144872 1.27917
0.27318 -0.144544 1.31798
0.296396 -0.00147544 1.12282
0.276752 -0.0443278 1.29233
0.272615 -0.0730822 1.25842
0.300384 -0.08997 0.761784
0.287607 0.0333316 1.0846
0.299359 0.00884643 1.32211
0.313645 0.0297913 0.67074
0.268121 0.108931 0.794382
0.274367 0.0830134 0.738275
0.245561 -0.083537 0.807882
0.302213 -0.0645798 0.743015
0.284189 -0.0717916 0.747753
0.300491 -5.27702e-05 0.739712
0.267916 0.056547 1.56044
0.158538 0.172574 1.0045
0.266084 0.162188 1.03428
0.200376 0.175903 1.48709
0.111935 0.189806 1.3311
-0.641395 -0.0618605 2.05118
-0.651011 -0.243397 1.60393
-0.646518 -0.0890478 1.23883
-0.649392 -0.178998 1.16024
-0.655747 -0.00217598 1.01924
-0.631879 -0.0342735 1.13681
-0.644477 -0.0800405 1.15682
0.271385 0.0460463 0.755596
0.277594 -0.0697547 0.733746
0.291017 -0.076736 0.750373
0.301945 -0.0929076 0.733937
0.334422 0.0700349 1.03648
0.297847 0.0283016 0.972666
0.267083 0.0205608 1.04965
0.272823 -0.0526855 1.24897
0.247277 -0.0552584 1.26318
0.291517 0.033855 1.09792
0.301536 0.00874774 1.33802
0.243954 0.00290055 1.18148
0.291225 -0.013338 1.35894
0.264037 0.0307382 0.683471
0.271979 0.0970963 0.691007
0.269867 0.0809493 0.728976
0.241489 -0.074959 0.763543
0.245739 -0.0834471 0.806949
0.261091 0.151355 1.31027
0.257363 0.112771 1.42117
0.301759 0.0339671 1.08772
0.15972 0.170923 1.00024
0.273589 0.160506 1.3079
-0.000604302 0.176351 0.994283
0.271681 -0.0293399 1.46871
0.299028 0.00658622 1.04477
0.285702 -0.0411191 1.2025
-0.31216 0.200834 1.76599
-0.625921 -0.187497 2.05962
-0.636265 -0.281061 1.82107
-0.664614 -0.0632131 2.11569
-0.668997 -0.0755001 1.88065
-0.675504 -0.0210913 2.30569
-0.632127 0.0195904 1.03334
-0.736893 -0.293643 1.68071
-0.660549 -0.0290075 1.32278
-0.632921 -0.0456069 1.31348
-0.661731 -0.0752106 1.29416
-0.644543 0.0231551 1.52857
-0.669946 0.0198769 1.51248
-0.669894 -0.0921591 1.63293
-0.670397 -0.106387 1.03305
-0.652944 -0.178765 1.16661
-0.643755 -0.17922 1.10476
-0.648019 -0.0744639 1.15276
-0.655395 -0.00391233 1.01728
0.309752 0.0344738 1.11261
0.300355 -0.0704977 0.752873
0.255817 -0.0573899 1.30745
0.2804 0.0602484 0.683631
-0.649368 -0.119749 1.03415
-0.667668 -0.104734 1.02791
-0.623862 -0.171532 1.11974
-0.634365 -0.0697728 1.79146
-0.651213 -0.0737632 1.15825
-0.657198 -0.178764 1.22736
0.263062 0.170582 1.30557
-0.652102 -0.0142132 1.22878
-0.654819 -0.0903358 1.59762
0.322949 -0.0677601 0.713685
-0.664374 -0.311787 2.16678
0.198684 0.175716 1.4956
0.263647 0.137513 0.882937
0.263875 0.107284 0.783262
-0.750632 -0.206516 2.52258
0.314533 -0.165746 1.27347
0.270469 0.0667377 0.69263
0.272035 0.0738929 0.735648
0.261553 0.0313067 0.680827
0.271871 0.045508 0.755784
0.32089 -0.0330924 0.817606
0.310874 0.02053 0.947634
0.277509 0.126695 1.27344
0.296379 0.0068982 1.03838
0.290944 -0.00198346 1.10523
0.281113 -0.0403158 1.18493
0.245308 -0.0450467 0.736125
0.296868 -0.0636375 0.733178
0.237108 -0.12981 1.45446
0.277469 0.0575754 0.870649
0.309323 0.0307511 1.00226
0.217774 0.00270214 1.16936
-0.655956 -0.0029168 1.01492
0.226977 -0.0020446 1.20564
0.277633 0.0595168 0.677837
-0.671687 -0.18094 1.2491
-0.63752 -0.014273 1.14732
-0.631838 -0.0717328 1.12781
0.297515 4.66141e-05 0.734613
0.270849 0.0953332 0.68965
-0.646294 -0.0689232 1.82631
0.137252 0.180194 1.12068
0.207091 0.184428 1.56135
-0.641624 -0.0879718 1.5647
0.324901 -0.0669595 0.71767
0.311995 -0.0710601 0.720934
0.268872 0.139626 0.895296
0.157386 0.168478 0.984844
-0.682765 -0.255529 1.97446
0.325687 -0.032481 0.825269
-0.649082 -0.0759488 1.26447
0.238236 -0.0739989 0.756442
0.270064 0.093006 0.726043
0.274256 0.142003 0.95248
0.26798 0.148647 1.10549
0.293619 -0.0661566 1.03483
0.258438 0.110119 1.41742
0.246406 0.0631066 1.46341
0.273585 0.0459992 0.759808
0.284204 -0.00165429 1.08556
0.304213 0.0191908 0.931013
0.30136 -0.0648841 0.741662
-0.659949 -0.247089 1.61594
-0.631384 -0.0946137 1.36164
0.319425 -0.0673968 0.708683
-0.633816 -0.0588375 1.99314
-0.649228 -0.0703272 1.84124
0.257823 0.134754 0.984691
0.276789 0.129577 0.819541
0.288373 0.156087 0.997006
-0.622287 -0.0267386 1.24942
-0.648003 -0.0759924 1.25924
0.256953 0.14055 1.22039
-0.593894 -0.263756 1.95775
0.23902 -0.073514 0.757003
0.268607 0.0348033 1.06151
0.321669 -0.0317071 0.818898
0.121563 0.161666 1.01604
0.101745 0.186012 1.26478
0.174086 0.159691 1.35819
0.283606 -0.00222834 1.0826
0.23475 -0.124119 1.48254
0.268493 -0.077104 0.754093
0.273117 0.111601 0.797096
0.268837 0.109722 1.46177
0.258365 0.0476371 1.26627
0.310783 0.0295029 0.909584
0.222216 -0.00189477 1.19095
-0.659099 -0.00630356 1.01565
0.296498 -0.000215645 0.732629
0.268647 0.0947707 0.685932
0.278966 0.0599529 0.681333
0.269883 0.0904549 0.728614
0.31338 -0.0294569 0.801286
-0.636356 -0.0636795 1.43081
0.247008 0.0637552 1.45734
0.30435 0.0184981 0.910896
0.303986 -0.016607 0.920009
0.290687 -0.00256626 1.10767
0.296578 0.0237026 1.16867
0.316919 -0.0464125 1.32231
0.247335 -0.102213 1.27579
0.280629 0.0662967 1.0095
0.263255 0.0399213 1.09392
0.287986 0.0643642 0.966605
0.285684 0.0309449 0.971577
0.269939 -0.0535234 1.2427
0.264457 -0.0251852 1.40751
-0.64144 -0.0723666 1.14257
-0.650673 -0.119983 1.03421
0.28701 -0.0655112 1.01674
0.275292 0.119025 1.03387
0.265028 0.165153 1.54066
0.300675 -0.000517852 0.739648
0.281091 0.0604334 0.685555
0.309593 0.0304962 0.658182
