0.454117 -0.010969 4.4259
-0.257615 0.156123 6.69044
-0.40816 0.024467 6.88857
-1.95476 0.226097 13.1945
-0.401054 0.180235 6.87686
-0.673833 0.130042 7.78645
-0.270051 -0.124511 6.62129
-0.384075 -0.100073 6.80842
0.0169836 -0.12609 5.2489
-0.221208 -0.274668 6.37923
-0.402578 0.305669 7.00965
-0.243998 0.275322 6.60999
-0.361217 0.274357 3.45033
-0.759116 -0.234616 5.97424
0.222715 -0.0418166 3.21826
0.318166 -0.298914 4.6377
0.0899392 0.0205658 4.86613
-0.987319 0.219053 5.50488
-1.0371 -0.0801344 4.18749
-0.925014 0.0426481 4.33809
-0.647081 0.0379869 7.66669
-0.413073 -0.0977099 6.88136
0.215114 -0.0394395 3.24413
-0.292778 0.162375 6.73375
-0.944265 -0.14547 6.2149
0.221064 0.155067 3.03584
0.59629 0.121141 4.52424
-0.376663 0.0186109 6.64998
-0.663428 0.217867 7.69538
0.0434071 -0.131388 5.10419
-0.350495 0.285382 6.65806
-0.459664 0.435271 7.10178
0.025786 0.225009 4.62323
-0.863786 -0.242188 6.29703
-1.46035 -0.482627 12.8299
-0.0245242 0.0858517 5.33899
-0.933467 -0.0950529 6.30615
0.0777926 0.222839 3.28291
0.115342 0.234975 3.38498
0.126613 -0.149653 4.82597
-0.00158479 0.213075 5.40381
-0.922943 -0.393805 6.20527
-0.936519 -0.442736 6.17027
-0.780489 -0.302503 5.90939
-0.722476 -0.440687 5.97321
-0.780003 -0.379197 5.93486
0.225442 0.147137 2.98987
0.228012 0.154254 3.1278
0.213907 -0.00726075 3.0944
0.595429 0.140713 4.56438
0.224578 0.159391 3.26095
0.477801 0.140429 4.4628
0.2094 -0.0109227 3.26188
0.170022 -0.144495 4.5969
0.328504 -0.242479 4.44215
0.19531 0.00504711 4.49547
0.516957 -0.0309142 4.45511
-0.385061 -0.596763 6.70906
-0.570423 -0.286033 7.96673
-0.356745 0.26919 3.42929
-0.861969 -0.0751269 4.34468
-1.01908 -0.400925 6.00585
-0.974444 0.214778 5.46584
-1.20003 0.0913734 4.59519
0.474455 -0.0116006 4.49709
-1.00177 0.0104902 4.38168
0.339819 0.278559 4.44306
-0.864701 -0.239081 6.30228
-0.249162 0.273732 6.54803
-0.371451 0.298963 6.97152
-0.132239 0.248375 3.37473
-0.392989 0.274881 3.4361
-0.100656 -0.0296613 5.67163
-0.136383 -0.0381038 5.60166
-0.386665 -0.0988375 6.81625
-0.219162 0.256928 3.36698
-0.230568 0.250945 3.34314
-0.464016 0.434109 7.14692
0.355467 0.0910505 4.40981
0.162233 -0.149566 4.76141
0.120046 -0.146415 4.76691
-1.28523 -0.0065696 8.14568
-0.258452 -0.00382923 6.36614
-0.296257 -9.31464e-05 6.64439
-0.374281 0.173794 6.76878
0.0434431 -0.133877 5.14414
0.0250589 -0.130243 5.35764
-0.294736 -0.27301 6.56517
0.0168226 0.21833 4.55494
-0.0765102 0.335448 5.61711
-0.77115 0.244188 8.11947
-0.928993 -0.431548 6.10257
0.211106 0.167802 4.39981
-0.780489 -0.302503 5.90939
0.22097 0.157071 3.03781
0.23034 0.149903 3.016
0.226759 0.073836 3.08186
0.222411 0.187542 3.15092
0.221542 0.0555404 2.98874
0.591824 0.13968 4.55556
0.221163 0.216519 3.25496
0.217133 0.157578 3.24459
0.0552418 0.239041 3.32034
0.21814 -0.012531 3.281
0.573194 -0.0150168 4.52949
0.2426 -0.10593 4.45883
0.174115 -0.15064 4.63517
0.3816 -0.112945 4.57845
0.336008 -0.00567632 4.4251
-0.153438 0.320258 4.94986
0.160601 0.288556 4.68116
0.120299 0.180186 4.95583
0.0210846 0.254752 3.78881
-0.383516 -0.596984 6.72042
-0.255757 0.152505 6.45188
-1.35927 -0.44233 11.9629
-1.90944 0.212051 12.9284
-0.491026 0.290055 3.5089
-0.530472 0.286744 3.53491
-1.01612 -0.400422 5.99969
-1.03432 -0.0763824 4.1943
-0.912952 0.00757708 4.33696
-0.885595 0.0322334 4.34833
0.220443 -0.0414829 3.21403
-0.588098 0.466631 7.56865
-0.0714163 0.0433001 5.58651
-0.137078 0.0195332 5.70525
-0.0540441 -0.0904834 5.43301
-0.134043 -0.0419225 5.68353
-0.636376 0.0410639 7.54158
0.226037 0.280934 4.55425
0.183161 0.267597 4.56123
-1.04879 -0.391237 6.34397
-0.911526 -0.386617 6.14033
0.213937 -0.0401612 3.24199
0.213542 -0.041903 3.28002
-0.350622 -0.1928 6.80663
-0.294736 -0.27301 6.56517
-0.573273 -0.314657 8.07041
-0.15967 0.0601716 5.57558
-0.276209 -0.122157 6.62729
0.177153 0.0112978 4.70577
-0.96071 -0.0917856 6.35603
-0.191076 0.362477 6.29681
-0.290047 0.285855 6.79809
-0.513269 0.28104 7.2363
-0.393986 0.182796 6.98456
0.0311844 0.0668685 5.54234
-0.0326616 0.0883832 5.55041
-0.770923 -0.376337 5.91555
0.0125058 0.274275 5.31474
-0.781031 0.247926 8.19912
-2.13689 0.264942 15.7005
0.111707 -0.153193 5.01868
0.207384 0.153539 4.51524
-0.125083 0.320457 5.04043
-0.0401017 0.208038 5.47183
0.228595 0.156221 3.21493
0.217877 -0.0408235 3.20898
0.501469 0.142664 4.55223
0.359916 0.145885 4.47931
0.0848817 0.236904 3.33768
0.230291 -0.0189474 3.33775
0.24557 -0.104388 4.45836
0.180202 -0.154248 4.6865
0.509825 0.129657 4.70683
0.348024 -0.00643772 4.47086
0.112945 0.177453 4.89588
-0.0171141 -0.111911 5.4561
-0.281849 -0.323589 5.50395
-0.291936 0.164183 6.76549
-0.472495 0.278541 3.46063
-0.52914 0.285666 3.52907
-0.983485 -0.161078 5.33229
-1.11936 -0.452848 6.40794
-0.893996 0.0704948 4.83852
-0.925181 0.00705894 4.36589
-0.999572 0.00951727 4.37007
-1.21029 0.0933257 4.62554
-1.12489 0.189136 4.66058
-0.908719 0.0311959 4.40014
0.210437 0.10398 3.23904
0.226037 0.280934 4.55425
0.524337 -0.0152671 4.52095
0.456382 -0.00762338 4.44275
-0.0629387 0.055303 5.69155
-0.130738 0.0197136 5.46169
0.129742 -0.154146 4.886
0.0519671 0.03879 4.8214
-0.00754686 0.039386 4.97553
-0.392167 -0.287001 6.68771
0.212652 0.116263 4.61838
-0.824837 -0.327138 6.26525
-0.981588 -0.100113 6.43975
0.218968 0.172313 4.46871
0.21796 0.153958 4.59227
-0.0754846 0.329474 5.69502
-0.0458254 0.284035 5.52649
-0.858348 -0.0668999 8.54508
0.0100579 0.218367 4.54107
0.0899876 0.186313 4.99085
0.220766 0.152237 3.05492
-0.703799 0.307336 3.78547
0.225726 0.0738475 3.07957
-0.951217 -0.334472 5.82832
-0.891238 0.071956 4.83252
0.547181 -0.144341 4.39111
0.226196 -0.0218061 3.08409
0.228595 0.156221 3.21493
0.0131776 0.255196 3.80204
0.00188978 0.256 3.78497
0.219841 0.0550869 2.98653
0.470374 0.138126 4.45658
0.212654 0.24375 3.65655
0.234024 -0.0205398 3.34775
0.230772 -0.0472107 3.32653
-0.890133 -0.184193 4.80412
0.545022 -0.0116106 4.43712
0.242695 0.232976 3.46033
-0.532519 0.286732 3.54067
-1.35248 -0.427402 11.9119
-0.406033 -0.37957 6.88413
-0.00740624 -0.121626 5.61545
0.0251897 0.281221 4.46762
0.180736 0.163353 4.69249
0.344094 -0.00556704 4.45355
-0.244567 0.311431 4.51277
-0.56738 0.432608 7.27582
-0.0326616 0.0883832 5.55041
-0.260465 0.1524 6.38948
-0.282449 -0.12095 6.61626
0.200328 0.00916229 4.54875
0.11049 0.0164458 4.92409
-0.117312 0.274568 4.03656
-0.866803 -0.234668 6.30534
-0.958814 -0.399787 6.23915
-0.391622 -0.0977571 6.83094
-0.859456 -0.0759057 4.1468
0.160384 0.177101 5.63149
0.23911 0.0609608 3.08404
0.214881 0.152512 4.57066
0.311665 0.0226964 4.51471
0.279432 0.000420718 4.39814
-0.820138 -0.325477 6.23558
-0.79503 -0.392609 6.12949
-0.621328 0.183821 7.4503
0.0923084 0.191146 5.02089
0.0263841 0.203794 5.30209
0.439727 0.122693 4.49123
0.367535 0.0867767 4.42043
-1.47439 -0.0625352 11.6077
0.224266 0.0742208 3.07762
0.489871 0.139203 4.52811
0.353835 0.140771 4.44461
-0.885094 -0.179669 4.79058
0.228841 0.155767 3.21702
0.217065 0.246027 3.67597
0.213201 -0.0124248 3.27436
0.234844 -0.0223001 3.34826
0.593781 -0.0128123 4.57172
-0.528034 0.283258 3.52143
-0.640387 -0.359777 8.857
-0.0519544 -0.0928433 5.46076
-0.31401 -0.297862 6.70162
-0.340847 -0.459568 6.49874
0.221853 0.0546321 2.99094
0.11049 0.0164458 4.92409
0.22208 0.102832 3.26262
-0.0320558 0.0934074 5.50376
-0.273976 0.160635 6.55088
-0.123385 0.344748 5.26855
-0.186947 0.363762 6.32435
0.0278161 0.298512 4.81925
0.179215 0.161777 4.66174
0.240863 0.189061 4.43299
0.515325 -0.0400456 4.468
0.233995 -0.01302 4.46718
-0.242011 0.313691 4.56149
-0.465183 0.41098 7.11154
-0.411519 0.00650928 7.10306
-0.972802 -0.158217 5.29852
-0.667875 -0.3616 8.80352
0.16621 0.257267 4.47166
0.20734 0.0175171 4.63874
-0.851569 -0.0511686 8.51874
-0.0908957 0.302695 5.44117
-0.032322 0.208449 5.42374
0.0361465 0.196541 5.15707
0.192126 0.199377 4.53958
0.181669 0.159717 4.6621
0.227596 0.075518 3.08103
0.579499 0.131142 4.50998
0.175536 -0.153853 4.69724
-1.06461 0.0869208 4.65447
0.116468 0.20919 3.65797
0.229526 0.158892 3.1998
0.229697 0.159172 3.22248
0.505061 0.138977 4.61412
0.0285208 0.258431 3.81779
0.216613 -0.0124036 3.28391
0.225097 -0.0233054 3.32232
0.1153 -0.146548 4.80287
-0.939348 -0.0942152 6.18317
-0.821198 -0.324387 6.23258
-0.865707 -0.230907 6.28892
0.0935072 0.100091 5.45663
0.0886776 0.0614312 4.95142
-0.997551 0.00596277 4.34822
-1.08948 -0.025111 4.39172
-1.1525 0.315031 7.60197
-0.868914 0.108393 6.85283
-0.242908 0.322752 4.64768
-0.395698 0.311729 4.65626
-0.551949 0.408564 7.0931
-0.282678 0.164927 6.56644
0.0125322 0.0460701 5.64422
0.203728 0.111079 4.5576
0.230445 -0.0117619 4.46218
0.478577 -0.00884392 4.53648
0.356008 -0.00425081 4.49879
0.114789 0.179837 4.96777
0.250692 0.189624 4.50048
-0.407594 0.197419 7.24625
0.186932 0.231945 3.57966
0.215048 0.0676143 2.98746
-0.0255847 0.191635 4.19549
0.226657 0.161271 3.26082
0.249809 0.165221 3.3123
0.186405 0.259539 4.40762
0.163318 0.246 4.49933
-0.451999 0.350687 6.51546
0.268735 0.220263 4.90442
0.138639 0.179463 4.19616
0.187588 0.146328 4.45279
-0.359873 -0.210426 6.94572
0.228486 -0.0227775 3.33269
0.368476 0.142945 4.50512
0.255423 -0.104075 4.49307
0.169463 -0.15196 4.67163
0.227981 0.0767471 3.07838
-0.890331 0.0762269 4.84168
0.0316694 -0.132693 5.2296
0.109885 -0.147448 4.86531
0.223414 0.122605 3.2768
0.223154 0.100696 3.25998
-0.0478394 0.27453 5.40261
-0.177144 0.37343 6.57446
0.339079 0.00132779 4.40493
0.0490634 0.271522 4.50872
0.183919 0.158136 4.67586
-0.0336882 0.103376 5.48273
-0.00970576 0.0493951 5.26566
0.204169 0.125872 4.6106
0.233203 -0.00973379 4.50122
0.0911469 0.164208 4.87398
0.110365 0.0196717 4.86104
-0.607257 -0.253921 6.02464
0.239781 0.178941 4.4607
0.186512 0.235388 3.60198
