-0.645639 0.0379726 7.64742
-1.06858 0.0853211 4.6787
-0.903396 0.0395805 4.33561
-1.07815 -0.0206401 4.35161
0.0815338 -0.242999 4.89499
-0.257431 0.155904 6.68379
-0.243642 0.273583 6.56811
-0.353411 0.288078 6.71262
-0.0710884 0.0384223 5.59367
-0.663068 0.209211 7.67164
-0.668533 0.129396 7.72303
-1.95995 0.227634 13.2305
0.126784 -0.149828 4.82754
-0.863634 -0.242616 6.29622
-0.268699 -0.121702 6.55411
-0.930666 -0.094756 6.29003
-0.308379 -0.385573 6.55843
-0.0262873 0.0849554 5.30372
0.687347 -0.0203041 4.51428
-0.0669167 -0.60823 6.75724
-0.0272695 -0.603967 6.73714
-0.858777 -0.074977 4.33507
-0.98909 -0.165459 5.34481
-0.98408 0.217911 5.49142
-1.20045 0.0911187 4.59457
-1.06636 0.188321 4.66938
0.0938854 0.0204731 4.90634
-0.926529 -0.0510386 4.39364
-0.925131 0.0421936 4.33706
0.379319 -0.110948 4.53833
0.218768 0.245894 3.65888
-0.478734 -0.049382 7.10929
-0.0363829 0.220552 5.59376
-0.206876 0.340769 6.38696
0.223956 0.159101 3.25793
0.0420381 -0.130167 5.08266
-0.885356 -0.115284 6.1678
0.222492 0.152741 3.11693
0.0657167 -0.128284 5.08969
-0.326213 -0.2814 6.81233
-0.312166 -0.377443 6.5055
-0.412595 -0.387807 7.044
-0.16548 0.0496152 5.60072
-0.505231 0.288813 7.27186
-0.664835 0.218026 7.71384
-0.860609 -0.211894 6.18699
-0.776548 -0.2437 6.08244
-0.257684 -0.00809899 6.60638
-0.407176 0.02451 6.87101
0.164779 -0.14176 4.5632
0.0272469 0.225916 4.64171
-0.00299393 0.211455 5.37917
-0.569724 0.453535 7.34307
-0.682643 0.363126 7.78663
-0.938989 -0.445186 6.18451
-1.03717 -0.411126 6.0814
-0.915579 -0.389403 6.16339
-0.780986 -0.379925 5.9408
-0.970991 0.419235 8.96393
0.216881 0.0736322 3.06757
0.211067 -0.0118129 3.26397
0.488271 0.141811 4.4973
0.60144 -0.186637 4.56148
0.586733 -0.262813 4.53524
0.663989 -0.0187521 4.46001
0.468229 -0.108359 4.46559
0.228241 -0.0137504 4.39579
0.197952 0.00470236 4.51047
0.463227 -0.0116893 4.45519
-0.385045 -0.597292 6.7109
-0.0481701 -0.671663 6.97951
-0.56593 -0.281848 7.88857
-0.722168 -0.440485 5.9703
-0.536814 0.297353 3.76127
-0.886889 -0.0424296 4.80427
-0.975764 -0.161583 5.30299
-0.896246 0.0702169 4.84523
-0.97906 0.215028 5.48029
-1.02603 -0.075847 4.17629
-0.959848 0.0424822 4.36887
0.11885 0.237385 3.39568
-0.896238 -0.0590561 6.29069
-0.137223 0.0191399 5.70569
-0.136792 -0.0376124 5.57803
-0.25553 0.152213 6.43792
-1.04165 -0.00116768 4.39383
-1.08046 -0.0165892 4.38944
-0.881116 -0.0176319 4.39063
-0.909925 0.00770728 4.3269
-0.898102 -0.03823 4.37254
0.607917 0.0137964 4.57685
0.5202 -0.0315395 4.46462
-0.24923 0.274059 6.55985
-0.371364 0.29877 6.96871
-1.92016 0.213138 12.9977
0.671367 0.0664603 4.56584
-0.638565 0.0413318 7.57082
-1.364 -0.445698 12.0146
0.0429866 -0.133552 5.13496
-0.191063 0.365949 6.35557
-0.258697 -0.00391291 6.3889
-0.384984 -0.101047 6.83383
0.120324 -0.146721 4.7712
-0.888077 -0.195229 6.29015
-0.836636 -0.287018 6.53048
-0.863626 -0.238912 6.29482
-0.0926807 0.311967 4.69537
0.176474 -0.15194 4.65146
-1.06019 -0.394399 6.39551
-0.930104 -0.433762 6.11122
-1.03685 -0.411143 6.08325
-0.294893 -0.273628 6.57595
-0.51317 0.281137 7.23636
-0.670088 0.110455 7.68766
0.0188101 0.219747 4.57806
0.00393166 0.267302 5.2028
-0.00977133 0.204983 5.30049
-0.780689 -0.302597 5.9092
0.228904 0.15755 3.21262
0.212143 -0.0385924 3.23582
0.596222 0.121214 4.5225
0.214336 0.16866 4.41857
0.631295 -0.170481 4.63694
0.573792 -0.25951 4.50338
0.647397 -0.0146968 4.42727
0.686727 0.0742735 4.42936
0.188212 -0.117881 4.41678
0.310635 -0.281974 4.64201
0.232657 -0.0145114 4.42313
0.357586 0.0910034 4.41776
0.472751 -0.0115586 4.48962
0.342739 -0.00670897 4.45294
0.0209178 0.255695 3.79361
-0.383623 -0.597109 6.72151
-0.964427 -0.148978 6.31266
-0.53211 0.287557 3.53919
-0.987132 -0.198834 5.18564
-1.03481 -0.0800817 4.1817
-1.00542 -0.0154913 4.37633
-0.8905 0.0314674 4.35916
-0.0703022 0.0435781 5.61582
-0.102178 -0.0289295 5.62612
-0.134033 -0.0419205 5.67047
0.176474 0.0113297 4.69739
0.541247 0.0791661 4.36877
-0.809725 -0.263477 5.42887
-0.958787 -0.392843 6.22458
-1.11954 -0.453884 6.40822
-0.0463481 0.283193 5.50994
0.220008 0.158186 3.25079
0.0470314 0.0843824 4.72522
0.472847 0.125673 4.56703
0.15923 -0.147576 4.73048
-0.484 -0.0556531 7.17057
-0.460533 -0.162579 6.77103
-0.798668 -0.0776563 8.0024
0.131038 0.264272 4.09303
0.223422 0.279562 4.53536
0.164379 0.290858 4.71214
-2.14589 0.265854 15.7712
-0.782865 0.250303 8.21889
-0.642718 0.201127 7.66338
-0.905688 -0.127613 6.29033
-0.824291 -0.24538 6.21828
-0.350394 -0.192367 6.79659
-0.294893 -0.273628 6.57595
0.207958 0.153922 4.51877
0.179772 0.162993 4.68256
-0.38075 0.0180395 6.77496
-0.27621 -0.122246 6.63047
-0.38576 -0.0982701 6.79245
-0.780689 -0.302597 5.9092
-0.771379 -0.376678 5.91906
-0.833075 -0.411214 6.01409
0.0262134 -0.131015 5.38085
-0.0173109 -0.111875 5.45468
-0.0551397 -0.183371 5.50848
-0.0400142 0.208087 5.46988
0.114891 -0.154521 5.0437
0.225863 0.07369 3.0787
0.231892 0.124275 3.23215
0.231248 0.158541 3.20351
0.21046 -0.00646906 3.08696
0.576687 0.138227 4.50708
0.679031 0.12497 4.46471
0.234881 0.268135 4.45825
0.347019 0.284001 4.47623
0.497884 0.142205 4.53803
0.359138 0.145764 4.47424
0.575439 -0.0150786 4.5341
0.242859 -0.1059 4.4566
0.165122 -0.179246 4.65943
0.323926 -0.239632 4.42011
0.347109 -0.00644651 4.46493
0.120357 0.180075 4.95328
-0.221807 -0.273621 6.36565
-0.28434 -0.335903 5.59862
-0.0577132 0.0728501 5.42969
-0.0539947 -0.0904793 5.43483
-1.45655 -0.48103 12.8128
-0.985011 -0.161643 5.337
-0.944951 -0.186351 5.05564
-0.891328 0.0705847 4.82862
-0.924333 0.00680055 4.36249
-0.851493 -0.0754324 4.12372
-1.23046 0.195228 4.69359
-1.20529 0.0927422 4.61391
-1.09518 0.18662 4.72497
-1.12835 0.189203 4.66775
-0.531308 0.286987 3.53514
-0.572993 -0.313779 8.05899
0.180151 -0.15417 4.6843
0.554784 -0.012444 4.46545
0.517554 -0.0146809 4.4962
0.515454 -0.0408133 4.4585
-0.325391 -0.386016 6.63062
-1.24442 -0.087285 8.69374
0.474601 0.126619 4.61085
-0.00732473 0.0392379 4.96252
-0.85882 -0.061901 8.54403
0.200251 0.00910493 4.54714
0.158015 0.177236 5.62053
0.0453146 0.0848085 4.71415
-0.823052 -0.325938 6.25137
-0.867272 -0.235052 6.30919
0.0300041 0.0651208 5.52793
-0.0324529 0.0884916 5.55248
0.129666 -0.154103 4.88389
0.0499654 -0.12267 4.89697
0.594334 0.117886 4.50024
-0.282401 -0.120921 6.61523
-0.637773 0.0508619 7.56085
-0.486469 -0.0557548 7.06359
0.190366 0.198772 4.52668
0.212166 0.203398 4.70826
0.034264 -0.132362 5.14297
-0.0128786 -0.115785 5.48086
0.0115838 0.21937 4.56142
0.0288343 0.20565 5.33291
-0.00313221 0.214609 5.45418
0.226269 0.080429 3.07384
0.216831 0.159656 3.13939
0.226293 0.155842 3.20783
0.230822 -0.0190901 3.33726
0.54624 0.131703 4.41857
0.204673 0.237988 3.46152
0.223422 0.279562 4.53536
0.335557 0.276612 4.42265
0.468624 0.13776 4.44894
0.213572 0.244206 3.65855
0.571728 -0.151752 4.45974
0.245092 -0.104275 4.45365
0.234188 -0.0130381 4.46805
0.0545192 0.278887 4.67594
0.0263477 0.283761 4.46612
0.113184 0.177297 4.89305
-0.260399 0.152446 6.38987
0.110693 0.016511 4.92494
-0.960645 -0.092112 6.3559
-0.96357 -0.402698 6.27062
-1.35856 -0.429783 11.9671
-1.02725 0.217303 6.50906
-0.893357 -0.185663 4.81385
-0.887184 0.0712277 4.81759
0.217326 -0.00800163 3.09845
-1.48666 -0.0630141 11.7198
0.240092 0.188427 4.4244
0.220131 0.172597 4.47494
-0.778211 -0.333849 6.29297
-0.749626 -0.355579 5.95786
-0.0519635 -0.0928177 5.4572
0.110693 0.016511 4.92494
0.310788 0.0226074 4.50816
0.344993 -0.0055685 4.45712
0.27271 0.0013119 4.3481
-0.274271 -0.000817025 6.32667
-0.410882 0.00596085 7.08832
-0.358876 -0.210093 6.91067
-0.31414 -0.298586 6.7124
-0.395459 -0.291464 6.77991
-0.271013 0.260458 6.3328
-0.387483 0.271919 6.85265
0.21293 0.1159 4.6189
0.470522 0.0863146 4.58641
0.190366 0.198772 4.52668
0.215448 0.152631 4.57421
0.178881 0.161796 4.65769
0.224485 0.0738085 3.07569
0.225336 0.160961 3.2558
0.226293 0.155842 3.20783
0.229645 0.0659068 3.07327
0.228985 -0.0190187 3.33322
0.194109 0.256499 4.31532
0.482115 0.138422 4.49881
0.355503 0.141314 4.45199
0.216368 0.24594 3.67262
0.527896 -0.168915 4.35486
0.177697 -0.154726 4.69876
0.370235 0.124688 4.44035
0.466811 -0.00843897 4.47953
0.0238331 0.279813 4.45024
0.0201629 0.251599 3.76988
-0.341994 -0.462914 6.53617
-0.0633365 0.0548995 5.67963
-0.273804 0.160485 6.5417
-0.0324529 0.0884916 5.55248
-0.973577 -0.343665 6.10288
-0.636957 -0.357367 8.80193
-0.618471 -0.269867 6.18935
-1.95234 0.207547 13.2326
-0.973992 -0.15795 5.30081
-0.707702 0.309679 3.79769
0.588335 0.132924 4.536
-0.975715 0.485081 8.46476
0.255325 0.213503 4.44103
0.248916 0.188916 4.4874
0.220131 0.172597 4.47494
-0.403767 -0.220841 6.66942
0.45444 0.0230432 4.52318
0.478991 -0.00894144 4.53704
0.206996 0.0172513 4.63596
-0.161232 0.0584689 5.47437
0.182049 0.256122 4.369
0.167702 0.258031 4.48247
0.197139 0.264573 4.47473
-0.846848 -0.0514628 8.46844
0.0249212 0.175067 5.07616
0.226531 0.07537 3.0773
0.0289121 0.258469 3.8166
0.227048 0.15864 3.19306
0.169544 -0.151815 4.66984
0.213966 -0.0114785 3.27517
0.22917 -0.0197513 3.33452
0.11532 -0.146295 4.79834
-0.905547 0.11288 7.11574
-0.677794 -0.365952 8.9285
-0.925633 -0.0935008 6.11438
-0.819377 -0.323208 6.21796
-0.282389 0.164648 6.55345
0.587308 -0.0115395 4.55047
0.205747 0.112349 4.57223
0.0909006 0.0994006 5.42172
0.00681855 0.0462794 5.5417
0.217311 0.160761 3.24267
0.053367 0.2741 4.55199
0.0049878 0.260217 4.30819
0.114041 0.179724 4.95968
-0.551263 0.410195 7.09249
-0.271013 0.260458 6.3328
0.35362 -0.00383814 4.48511
0.180657 0.159555 4.65246
0.482071 0.136209 4.52302
0.111037 0.0196981 4.86569
0.0348532 0.195136 5.13608
0.177292 0.0263956 4.67974
-0.456594 0.35848 6.63346
0.265059 0.219084 4.87612
0.183958 0.158313 4.67568
0.535409 0.128293 4.3938
0.227854 0.0767038 3.07682
0.5895 -0.0535742 4.69436
0.543893 -0.133464 4.27893
0.215066 -0.0124719 3.27753
0.233448 -0.0219997 3.34293
-1.09921 0.511066 7.99137
-1.05028 0.388542 7.04301
0.031755 -0.132564 5.22612
0.110207 -0.147321 4.86627
0.230111 -0.0115618 4.45706
0.255137 -0.10371 4.48823
0.169544 -0.151815 4.66984
0.0113133 0.0762121 5.093
-0.00916259 0.049321 5.26724
0.336968 0.0011969 4.39437
-0.1272 -0.0457267 5.6873
-0.607843 -0.255049 6.03349
-0.169769 0.0692617 5.43785
0.206815 0.126678 4.63173
0.232461 -0.00953515 4.49262
0.0326525 0.303348 4.88854
0.0907366 0.164151 4.87004
-0.17724 0.370913 6.53183
0.199868 0.248518 4.28278
0.161097 0.244588 4.47637
0.237002 0.178208 4.44107
-0.888332 0.0757113 4.83325
-1.02599 -0.16531 5.45102
0.192301 0.234946 3.59959
0.364723 0.142173 4.48575
0.222998 0.154435 3.20148
