0.229253 0.237243 3.48389
-1.08378 -0.0253879 4.40665
-1.08258 -0.0209584 4.35777
-0.401825 0.180742 6.90044
-0.888315 -0.116699 4.20977
0.347634 -0.104826 4.48537
0.224371 0.156432 3.20071
-1.07106 0.0849831 4.68307
-0.906602 0.0396698 4.34226
-0.257056 0.155812 6.67341
-0.256597 -0.00783314 6.56942
-0.267425 -0.119604 6.50241
-1.96604 0.229353 13.2685
0.594867 0.0783391 4.51938
-0.243063 0.273532 6.56215
-0.408158 0.0243534 6.8974
-0.6468 0.0377874 7.6656
-0.91536 -0.353626 9.81284
-0.862401 -0.242266 6.28843
-0.356398 0.292047 6.78775
-0.401163 0.304884 6.98898
0.124491 -0.14797 4.80188
-0.660108 0.207931 7.64288
-0.66312 0.128924 7.66041
0.0369237 0.241201 3.39383
-0.0233113 0.0851905 5.35124
-0.783447 -0.303667 5.92796
-0.954724 -0.40091 6.27027
-0.966411 0.417428 8.91808
0.215063 0.152341 3.12145
0.694061 0.0754972 4.44049
0.771272 -0.0424798 4.50884
-0.384854 -0.597502 6.71077
-0.0483252 -0.666957 6.94026
-0.988098 0.219064 5.50495
-0.884778 -0.11283 4.26985
-1.06703 0.188893 4.66946
-1.13958 0.193309 4.69068
-0.890115 -0.0281868 4.38963
-0.722858 -0.441184 5.97497
0.397418 0.226407 3.65394
0.220327 0.156895 3.14634
0.0286809 0.226867 4.6562
0.0946731 -0.139592 4.85406
0.0424547 -0.130302 5.08274
0.249192 0.192835 4.43864
-0.211732 0.256685 3.43927
-0.769541 0.244208 8.10308
-0.670834 0.117468 7.74188
-0.300893 0.000991443 6.74604
-0.384425 -0.100638 6.82627
-0.864527 -0.213424 6.20826
-0.864774 -0.239481 6.30309
-0.640406 0.0414873 7.59572
-0.882581 -0.334854 9.54979
-0.147867 0.255796 3.44501
-0.00299542 0.211305 5.37203
-0.93054 -0.0949472 6.2892
0.11962 0.245677 3.52091
-1.0565 -0.421243 6.16002
0.165199 -0.141944 4.56344
-0.324617 -0.279145 6.76656
-0.561764 -0.277624 7.8166
-0.312057 -0.372861 6.47012
-0.683353 0.364047 7.79746
0.380306 0.253039 4.14544
0.705804 0.132923 4.51846
0.592238 -0.1829 4.53111
0.566011 -0.25309 4.47384
0.695487 -0.0210855 4.53111
0.364174 -0.106161 4.47397
-0.0661187 -0.611147 6.77903
-0.920613 0.320474 4.59324
-0.909451 0.244417 4.61697
-0.863323 -0.0758702 4.34526
-0.990426 -0.166051 5.34822
-0.895075 -0.0901373 4.09559
-1.02742 -0.0765398 4.17755
-0.853448 -0.105955 4.20579
-0.867843 -0.112612 4.16821
-1.22161 0.220241 4.62463
0.434498 0.245243 4.56057
0.514551 -0.0144119 4.48343
0.461227 -0.0115644 4.44558
0.52427 -0.0321268 4.47506
-1.04143 -0.00106151 4.39181
-1.08183 -0.0166919 4.39085
0.112086 0.249093 3.59017
0.153513 -0.174395 4.56625
0.29037 -0.556522 6.48001
-0.292333 0.162096 6.71972
0.0212665 0.221576 4.60537
0.0924535 0.0204962 4.88718
0.655906 0.0667707 4.52265
0.590568 0.0141929 4.52243
-2.15799 0.267665 15.8667
-1.93122 0.214438 13.0705
0.214288 0.168443 4.41496
-0.25547 0.152538 6.44944
-0.165139 0.049433 5.60703
-0.0557407 -0.0791012 5.32572
0.210304 -0.0118005 3.25965
0.359017 0.0908854 4.42137
-0.101422 -0.0291721 5.63557
-0.258693 -0.00438362 6.4123
-0.136687 -0.037486 5.56448
-0.925342 -0.0917446 6.24944
0.0271866 -0.131483 5.39074
-1.04351 -0.383936 6.31015
-1.04437 -0.415143 6.11242
-0.382696 0.0176121 6.83345
-0.385433 -0.0981823 6.78888
-0.462284 -0.159847 6.7908
0.0429317 -0.133341 5.12919
-0.0762889 0.335077 5.60835
-0.248859 0.273202 6.53875
-0.968006 -0.149132 6.32711
0.174927 -0.150994 4.63709
0.120035 -0.146537 4.76766
-1.37375 -0.449756 12.1046
-0.665798 0.218287 7.72675
-0.783813 0.251352 8.22931
-0.672384 0.113892 7.73144
0.00622787 0.269483 5.23472
-0.00927739 0.204596 5.3015
-0.294586 -0.273703 6.57525
-0.428696 -0.285054 6.7129
-0.057485 0.0722966 5.40344
-0.786534 -0.306366 5.94284
-0.780279 -0.379243 5.9351
-0.916694 -0.389514 6.16846
0.229785 0.157497 3.20926
0.213862 -0.007177 3.08923
0.228578 -0.0196059 3.33099
0.59115 0.120487 4.5049
0.482135 0.140875 4.47358
0.700555 0.127494 4.50984
0.219329 0.246 3.6576
0.224326 0.280368 4.54085
0.393234 0.129511 4.54373
0.0843255 0.26272 3.66502
0.598203 -0.160841 4.53929
0.5788 -0.261708 4.51417
0.692269 0.0744068 4.43911
0.664888 -0.0188316 4.45923
0.185353 -0.116424 4.39676
0.328898 -0.242997 4.44013
0.198552 0.00460652 4.51124
0.343361 -0.00689761 4.45281
-0.383583 -0.596773 6.71888
-0.837137 -0.286518 6.53211
-0.535814 0.296788 3.75603
-0.531785 0.287381 3.53662
-0.880743 -0.0175013 4.38823
-0.991535 -0.165432 5.35229
-0.977937 0.214773 5.47546
-0.880269 0.0701089 4.79675
-0.922066 0.00686056 4.35476
-1.00155 0.0104076 4.37865
-0.897713 -0.120004 4.2273
-0.890433 0.0315071 4.35764
-0.973431 0.0423228 4.39507
-1.22785 0.221035 4.6355
-1.00394 0.00911898 4.37769
-1.25178 0.406011 7.84554
0.549678 0.0797203 4.38929
0.133901 0.266518 4.11341
0.185395 0.26913 4.57704
0.120766 0.18001 4.95207
-0.191182 0.36587 6.32786
-0.0695561 0.0436747 5.6298
-0.0536477 -0.0904746 5.43495
0.0996996 0.0400578 4.90779
0.205795 0.153189 4.49883
0.0506694 0.0945306 5.10607
-0.375087 0.174538 6.79555
-0.259926 0.152081 6.36827
-0.137832 0.0193723 5.67737
-0.133841 -0.0418644 5.66685
-0.290579 0.291092 6.88293
-0.464347 0.435209 7.15763
-0.0174167 -0.111593 5.44067
-0.0547304 -0.18361 5.51552
-0.881419 -0.192846 6.25462
-1.45343 -0.479224 12.7855
0.111911 -0.152721 5.00924
0.129099 -0.153724 4.87453
-0.914783 0.0635072 9.59894
0.0350457 0.0663874 5.59098
-0.350549 -0.192172 6.80027
-0.294586 -0.273703 6.57525
-0.771762 -0.376962 5.92212
-0.295048 -0.000269713 6.61028
-0.482977 -0.054717 7.14705
-0.275815 -0.122095 6.62191
-0.00349515 0.21431 5.44447
0.222299 -0.0177701 3.31842
0.56842 0.116826 4.43892
0.492941 0.141401 4.51783
0.681045 0.12465 4.46644
0.200866 0.235293 3.44728
0.237039 0.228179 3.45554
0.224326 0.280368 4.54085
0.178703 0.162685 4.67056
0.329348 0.273878 4.3927
0.357468 0.145273 4.46338
0.0689799 0.247758 3.58693
0.563082 -0.0136778 4.4935
0.471674 -0.0115589 4.48331
0.650846 -0.0162797 4.43342
0.247347 -0.107251 4.47729
0.172336 0.013074 4.65911
0.361538 0.0256664 4.43347
-0.325839 -0.386826 6.64327
-1.11355 -0.451778 6.38427
-0.778254 -0.319816 6.27778
-0.917621 0.315809 4.57942
-0.533119 0.29474 3.74433
-0.306616 0.262908 3.50889
-0.938503 -0.184141 5.03761
-0.888697 0.0704927 4.81911
-0.890168 -0.0884774 4.08701
-0.907906 0.00790665 4.31965
-1.22772 0.195464 4.68633
-1.06435 0.183931 4.65589
-1.13471 0.189728 4.68135
0.185525 0.196731 4.49037
0.219118 0.154656 4.59691
0.11309 0.177245 4.88865
0.0858278 0.184059 4.94157
0.34723 -0.00652353 4.46344
0.110488 0.0165369 4.91786
0.0512885 0.0384402 4.80308
-0.271581 0.261584 6.3749
-0.39336 0.182661 6.97502
-1.04606 0.350219 5.73442
0.0332656 -0.130877 5.09052
-0.856221 -0.0637307 8.51509
-0.0613001 0.129154 5.50915
-0.0323955 0.0883372 5.54688
0.0497517 0.085615 4.76584
-0.820745 -0.324501 6.23445
-0.90531 -0.127424 6.28797
-0.866489 -0.235014 6.30439
-0.628699 -0.352733 8.67161
-0.395501 -0.293041 6.78913
-0.274202 -0.000734811 6.33185
-0.409664 0.00574126 7.06562
-0.281961 -0.120743 6.60505
0.443849 0.122357 4.45856
0.0210048 0.222863 4.6331
-0.0450989 0.284577 5.5287
-0.0403403 0.207885 5.45304
0.290689 0.158942 3.40731
0.218808 -0.0118563 3.27624
0.228933 -0.0188779 3.33045
0.562934 0.136234 4.46466
0.466197 0.1372 4.43768
0.209357 0.242042 3.64066
0.325814 0.274129 4.3783
0.590222 -0.157256 4.50722
0.553419 -0.0121705 4.45842
0.453777 -0.00982734 4.42807
0.24568 -0.104427 4.45602
0.179438 -0.153769 4.67499
0.165319 -0.178508 4.6524
0.212982 0.122621 4.60199
-0.221714 -0.273959 6.37203
-0.287856 -0.349532 5.70287
-0.00678009 0.0393423 4.95659
-1.36617 -0.432141 12.0304
-0.61129 -0.265135 6.12865
-0.779119 -0.33397 6.29834
-0.981287 -0.160637 5.32229
-1.1117 -0.0290868 4.37245
-0.9117 -0.0353676 4.16256
-1.20764 0.0927882 4.61707
-1.13461 0.188348 4.68297
-0.889471 0.0711501 4.82417
0.309649 0.0224977 4.49908
0.345323 -0.00560932 4.45667
0.270107 0.0016556 4.33108
0.103554 -0.13852 5.08679
0.0611755 -0.131536 5.02185
0.185525 0.196731 4.49037
0.178483 0.161782 4.65134
0.0446688 0.041612 3.73165
0.24088 0.188781 4.42691
0.214329 0.152187 4.56255
0.0231927 -0.155115 5.57855
0.153252 0.177169 5.58354
-0.840812 -0.0507085 8.40597
-1.50656 -0.0636994 11.896
-0.818264 -0.323773 6.21286
-0.749279 -0.354891 5.95386
-0.357701 -0.211002 6.90213
-0.313677 -0.297766 6.6977
-0.571901 -0.312578 8.03828
0.471871 0.126424 4.59677
0.0297977 0.206444 5.34422
0.223932 0.155199 3.20028
0.21766 0.160595 3.24086
0.224771 0.129882 3.25819
0.228514 -0.0197768 3.33044
0.541866 0.130955 4.40312
0.478354 0.138127 4.48295
0.196148 0.258299 4.33388
0.16808 0.258277 4.48344
0.354595 0.141332 4.44511
0.592641 0.117432 4.49348
0.465599 -0.00824989 4.47241
0.177257 -0.154458 4.69083
0.233586 -0.0129156 4.4599
0.355051 0.0302269 4.36521
-0.465092 0.41127 7.11099
-0.342912 -0.466008 6.57002
-0.273492 0.160608 6.53488
-0.0323955 0.0883372 5.54688
0.10021 0.0463725 4.87317
-0.968135 -0.340848 6.07054
-1.03492 0.216215 6.55339
-0.905391 -0.148974 4.85915
-0.921134 -0.0351971 4.98548
-0.971687 -0.156862 5.29144
-0.897174 0.0311757 4.36504
-0.933768 0.0071861 4.38353
-0.706164 0.309721 3.79208
0.0916497 -0.0324839 5.15348
-0.161264 0.0584716 5.44638
-0.126533 -0.0460673 5.6881
-0.687117 -0.370334 9.04109
-0.559535 0.309828 7.29397
-0.0519558 -0.0926706 5.4489
0.186531 0.257922 4.39042
0.369799 0.124636 4.43585
0.368073 0.0867479 4.41921
-0.0142501 0.202393 4.34904
0.0339629 0.194171 5.1208
0.631476 0.121444 4.37284
0.564311 -0.180624 4.45391
-0.882786 0.0706221 4.81064
0.594936 0.134673 4.55203
0.448558 0.132618 4.4022
-1.06674 0.0875032 4.65637
0.169132 -0.15152 4.66242
-1.08043 0.260628 5.96452
0.223932 0.155199 3.20028
0.224928 0.161149 3.25243
-1.00057 0.00604256 4.3518
-1.11538 -0.0266684 4.43728
0.227983 -0.0189442 3.32831
0.380409 0.181452 3.58478
-0.880416 -0.0175474 4.38454
-0.916151 -0.0910222 6.06623
-0.531832 -0.169073 4.73863
0.115602 -0.146188 4.79863
-0.271581 0.261584 6.3749
-0.215373 -0.278278 6.37397
0.205216 0.111785 4.56544
0.228431 -0.0118802 4.44191
0.177286 0.0267883 4.67503
0.579694 -0.0114876 4.526
0.476571 -0.00875767 4.52563
-0.281907 0.16464 6.53766
0.351813 -0.00346249 4.47336
-1.9546 0.205771 13.2409
0.0869837 0.0982661 5.37065
-0.00923626 0.0490907 5.25856
0.114368 0.179607 4.95876
-1.01997 -0.164382 5.43011
0.4065 0.238667 3.71724
0.213555 0.244345 3.65942
0.0155298 0.190949 4.22347
0.0902454 0.164191 4.86103
0.0234262 0.174559 5.05518
-0.0253746 0.216366 5.5701
0.185029 0.257326 4.38611
-0.755855 0.340252 6.6683
0.555503 -0.137953 4.30781
0.577296 -0.0517187 4.65166
0.254645 -0.103566 4.48284
0.514034 0.126589 4.32718
0.454693 0.135664 4.41806
0.169132 -0.15152 4.66242
0.0318475 -0.132502 5.22513
0.109885 -0.146913 4.85526
-0.0349885 0.102969 5.45059
0.113725 0.0200061 4.88777
0.0042246 0.0458471 5.47249
-0.861764 -0.2293 6.2596
0.2805 0.00342768 4.40852
0.205675 0.125875 4.61822
0.179287 0.15935 4.63854
0.231146 -0.00919776 4.47787
-0.0635556 0.0638393 5.56464
-0.648117 0.171849 7.63951
-0.95088 0.118587 7.41997
-0.463185 0.368126 6.76595
0.161009 0.244082 4.47062
0.248636 0.188752 4.48293
0.056469 0.276596 4.58588
-0.891154 0.0760144 4.84273
-1.05852 0.390141 7.09071
0.361685 0.141741 4.46895
0.195042 0.236537 3.60793
0.220282 0.0563655 3.28484
