0.230117 -0.0141593 4.40279
-0.888315 -0.116699 4.20977
-0.309965 -0.392626 6.6294
-0.784772 -0.247059 6.12899
-0.504937 0.287847 7.2659
-1.08378 -0.0253879 4.40665
-1.08258 -0.0209584 4.35777
-0.906602 0.0396698 4.34226
-0.257056 0.155812 6.67341
0.216479 0.157241 3.24226
-0.384425 -0.100638 6.82627
-1.96604 0.229353 13.2685
-0.267425 -0.119604 6.50241
-0.862401 -0.242266 6.28843
-0.243063 0.273532 6.56215
-0.91536 -0.353626 9.81284
-0.660108 0.207931 7.64288
-0.66312 0.128924 7.66041
-0.890245 -0.116407 6.19482
-0.356398 0.292047 6.78775
-0.783447 -0.303667 5.92796
-0.954724 -0.40091 6.27027
0.597307 -0.15962 4.53723
0.566011 -0.25309 4.47384
0.631805 -0.258748 4.48798
0.594867 0.0783391 4.51938
0.771272 -0.0424798 4.50884
-0.384854 -0.597502 6.71077
-0.0661187 -0.611147 6.77903
-0.988098 0.219064 5.50495
-1.206 0.0913184 4.60409
-1.06703 0.188893 4.66946
-1.13958 0.193309 4.69068
0.229253 0.237243 3.48389
-0.165139 0.049433 5.60703
-0.221636 0.0888381 6.42036
0.22372 0.15541 3.16934
0.153513 -0.174395 4.56625
-0.408158 0.0243534 6.8974
-0.47538 -0.0471886 7.03753
-0.385433 -0.0981823 6.78888
0.694061 0.0754972 4.44049
0.221449 0.158313 3.25054
-0.0709785 0.0383368 5.58693
0.438717 0.244024 3.95746
-1.0565 -0.421243 6.16002
-0.300893 0.000991443 6.74604
-0.136687 -0.037486 5.56448
0.167723 -0.155985 4.69799
0.124491 -0.14797 4.80188
-0.0233113 0.0851905 5.35124
0.0286809 0.226867 4.6562
0.112086 0.249093 3.59017
-0.561764 -0.277624 7.8166
-0.722858 -0.441184 5.97497
0.0633075 -0.126483 5.06084
-0.894594 -0.0585365 6.28094
-0.93054 -0.0949472 6.2892
-0.6468 0.0377874 7.6656
-0.882581 -0.334854 9.54979
-1.37375 -0.449756 12.1046
-0.665798 0.218287 7.72675
-0.66312 0.128924 7.66041
-2.15799 0.267665 15.8667
0.224371 0.156432 3.20071
0.705804 0.132923 4.51846
0.393234 0.129511 4.54373
0.463761 -0.106676 4.44693
0.5788 -0.261708 4.51417
0.461227 -0.0115644 4.44558
0.769076 -0.0434315 4.50285
0.695487 -0.0210855 4.53111
0.174927 -0.150994 4.63709
0.347634 -0.104826 4.48537
-0.383583 -0.596773 6.71888
0.0786078 -0.241309 4.89215
-0.890115 -0.0281868 4.38963
-0.990426 -0.166051 5.34822
-0.895075 -0.0901373 4.09559
-1.02742 -0.0765398 4.17755
-0.884778 -0.11283 4.26985
-0.867843 -0.112612 4.16821
-1.07106 0.0849831 4.68307
-1.22161 0.220241 4.62463
0.590568 0.0141929 4.52243
0.52427 -0.0321268 4.47506
-1.04143 -0.00106151 4.39181
-0.294586 -0.273703 6.57525
-0.535814 0.296788 3.75603
-0.922066 0.00686056 4.35476
-0.90391 -0.0384339 4.386
0.0843255 0.26272 3.66502
-0.515109 0.282642 7.27182
0.359017 0.0908854 4.42137
-0.482977 -0.054717 7.14705
-1.04351 -0.383936 6.31015
-1.04437 -0.415143 6.11242
-0.248859 0.273202 6.53875
0.0924535 0.0204962 4.88718
-0.0536477 -0.0904746 5.43495
0.228578 -0.0196059 3.33099
-0.411131 -0.391313 7.05353
-0.428696 -0.285054 6.7129
0.0212665 0.221576 4.60537
-0.25547 0.152538 6.44944
0.120035 -0.146537 4.76766
0.0429317 -0.133341 5.12919
0.0946731 -0.139592 4.85406
-0.925342 -0.0917446 6.24944
-1.45343 -0.479224 12.7855
-0.786534 -0.306366 5.94284
-0.780279 -0.379243 5.9351
-0.933402 -0.434782 6.12658
-0.968006 -0.149132 6.32711
-0.864774 -0.239481 6.30309
-0.37011 0.297616 6.93778
0.2312 0.184364 4.35531
-0.672384 0.113892 7.73144
-0.0390884 0.216717 5.53393
0.0490661 0.0844842 4.74353
0.229785 0.157497 3.20926
0.397418 0.226407 3.65394
0.59115 0.120487 4.5049
0.482135 0.140875 4.47358
0.219329 0.246 3.6576
0.592238 -0.1829 4.53111
0.471674 -0.0115589 4.48331
0.655906 0.0667707 4.52265
0.664888 -0.0188316 4.45923
0.165199 -0.141944 4.56344
0.298024 -0.274911 4.69587
0.198552 0.00460652 4.51124
0.343361 -0.00689761 4.45281
-0.564856 -0.239798 5.82241
-1.93122 0.214438 13.0705
-0.85132 0.317622 4.60084
-0.920613 0.320474 4.59324
-1.22785 0.221035 4.6355
-0.991535 -0.165432 5.35229
-0.977937 0.214773 5.47546
-0.880269 0.0701089 4.79675
-1.0478 -0.0818496 4.2033
-0.853448 -0.105955 4.20579
-0.890433 0.0315071 4.35764
-0.973431 0.0423228 4.39507
0.222299 -0.0177701 3.31842
-0.259926 0.152081 6.36827
-0.290579 0.291092 6.88293
0.157912 -0.146425 4.71464
0.129099 -0.153724 4.87453
-0.382696 0.0176121 6.83345
-0.462284 -0.159847 6.7908
-0.0695561 0.0436747 5.6298
-0.101422 -0.0291721 5.63557
0.133901 0.266518 4.11341
0.224326 0.280368 4.54085
-0.402973 -0.374176 6.8075
-0.137832 0.0193723 5.67737
-0.258693 -0.00438362 6.4123
-0.133841 -0.0418644 5.66685
-0.275815 -0.122095 6.62191
-0.0557407 -0.0791012 5.32572
-0.0547304 -0.18361 5.51552
0.0300766 0.231873 4.75233
0.120766 0.18001 4.95207
0.21253 0.203482 4.70789
0.214288 0.168443 4.41496
-0.783813 0.251352 8.22931
-0.771762 -0.376962 5.92212
-0.640406 0.0414873 7.59572
-0.856221 -0.0637307 8.51509
-0.957705 -0.0918416 6.33823
0.0271866 -0.131483 5.39074
0.111911 -0.152721 5.00924
0.226871 0.156595 3.20599
0.562934 0.136234 4.46466
0.492941 0.141401 4.51783
0.700555 0.127494 4.50984
0.237039 0.228179 3.45554
0.317013 0.235357 3.6944
0.209569 0.283208 4.73219
0.178703 0.162685 4.67056
0.325814 0.274129 4.3783
0.357468 0.145273 4.46338
0.598203 -0.160841 4.53929
0.563082 -0.0136778 4.4935
0.650846 -0.0162797 4.43342
0.2428 -0.0165171 4.48232
0.172336 0.013074 4.65911
-0.294586 -0.273703 6.57525
-0.325839 -0.386826 6.64327
-0.287856 -0.349532 5.70287
-0.375087 0.174538 6.79555
-1.11355 -0.451778 6.38427
-0.837137 -0.286518 6.53211
-0.857744 0.317137 4.6203
-0.848197 0.269935 4.65794
-0.433281 0.283829 3.67172
-0.981287 -0.160637 5.32229
-0.888697 0.0704927 4.81911
-1.08183 -0.0166919 4.39085
-1.22772 0.195464 4.68633
-1.20764 0.0927882 4.61707
-1.06435 0.183931 4.65589
-1.13471 0.189728 4.68135
-0.96865 0.0427105 4.38668
0.247347 -0.107251 4.47729
0.0350457 0.0663874 5.59098
-0.0323955 0.0883372 5.54688
-0.00678009 0.0393423 4.95659
-0.0622289 0.0554854 5.70222
-0.820745 -0.324501 6.23445
-0.749279 -0.354891 5.95386
-0.968428 -0.399161 6.29028
0.0512885 0.0384402 4.80308
-0.274202 -0.000734811 6.33185
-0.281961 -0.120743 6.60505
-0.271581 0.261584 6.3749
-0.0140238 -0.114856 5.45213
0.153252 0.177169 5.58354
0.0869837 0.0982661 5.37065
-0.575175 0.441352 7.38947
0.220306 0.15812 3.24905
-0.350549 -0.192172 6.80027
-0.571901 -0.312578 8.03828
-0.866489 -0.235014 6.30439
0.11309 0.177245 4.88865
0.0390725 0.188392 5.04181
0.205795 0.153189 4.49883
-1.4335 0.375714 12.8055
0.0332656 -0.130877 5.09052
0.0297977 0.206444 5.34422
0.224359 0.122819 3.21506
0.541866 0.130955 4.40312
0.466197 0.1372 4.43768
0.681045 0.12465 4.46644
0.209357 0.242042 3.64066
0.224326 0.280368 4.54085
0.185395 0.26913 4.57704
0.329348 0.273878 4.3927
0.590222 -0.157256 4.50722
0.56842 0.116826 4.43892
0.443849 0.122357 4.45856
0.514551 -0.0144119 4.48343
0.471674 -0.0115589 4.48331
0.179438 -0.153769 4.67499
0.34723 -0.00652353 4.46344
-0.39336 0.182661 6.97502
-1.36617 -0.432141 12.0304
-0.778254 -0.319816 6.27778
-0.533119 0.29474 3.74433
-0.963643 -0.0584292 5.06627
-0.888669 -0.184549 4.79762
-0.887115 0.070843 4.82301
-0.850734 -0.0752261 4.12024
-1.13461 0.188348 4.68297
-0.00819824 -0.121071 5.58479
-0.916151 -0.0910222 6.06623
0.19966 0.00910209 4.53936
0.233586 -0.0129156 4.4599
0.368073 0.0867479 4.41921
0.369799 0.124636 4.43585
0.213615 0.116431 4.62148
-1.1581 0.442267 7.85603
-0.645321 0.202179 7.70086
-0.313677 -0.297766 6.6977
0.114368 0.179607 4.95876
0.0339629 0.194171 5.1208
0.24088 0.188781 4.42691
0.185525 0.196731 4.49037
0.218279 0.172365 4.4609
0.235231 0.267908 4.4567
-0.840812 -0.0507085 8.40597
-0.0403403 0.207885 5.45304
0.354595 0.141332 4.44511
0.478354 0.138127 4.48295
0.223932 0.155199 3.20028
-0.971687 -0.156862 5.29144
-0.444763 0.290082 3.70142
0.228933 -0.0188779 3.33045
0.177257 -0.154458 4.69083
-1.1117 -0.0290868 4.37245
-0.9117 -0.0353676 4.16256
-1.03492 0.216215 6.55339
0.0124554 0.254328 3.79274
0.21766 0.160595 3.24086
0.224771 0.129882 3.25819
-0.273492 0.160608 6.53488
-0.221714 -0.273959 6.37203
-0.284382 -0.348322 6.54872
-0.342912 -0.466008 6.57002
-0.897174 0.0311757 4.36504
-0.933768 0.0071861 4.38353
-0.968135 -0.340848 6.07054
0.345323 -0.00560932 4.45667
0.270107 0.0016556 4.33108
0.592641 0.117432 4.49348
0.471871 0.126424 4.59677
0.465599 -0.00824989 4.47241
0.0446688 0.041612 3.73165
-0.0323955 0.0883372 5.54688
0.110488 0.0165369 4.91786
0.16808 0.258277 4.48344
0.178483 0.161782 4.65134
0.24568 -0.104427 4.45602
0.0042246 0.0458471 5.47249
-0.0635556 0.0638393 5.56464
0.196148 0.258299 4.33388
0.186531 0.257922 4.39042
0.228514 -0.0197768 3.33044
-0.400163 -0.286328 6.70753
0.594936 0.134673 4.55203
0.448558 0.132618 4.4022
0.255041 0.213351 4.43638
-0.921134 -0.0351971 4.98548
-1.11538 -0.0266684 4.43728
0.4065 0.238667 3.71724
0.115602 -0.146188 4.79863
-0.880416 -0.0175474 4.38454
-0.858386 -0.0792564 4.31246
-0.818264 -0.323773 6.21286
-0.904683 0.292971 4.59116
0.351813 -0.00346249 4.47336
0.228431 -0.0118802 4.44191
0.476571 -0.00875767 4.52563
-0.281907 0.16464 6.53766
0.205216 0.111785 4.56544
0.205014 0.0171039 4.61698
0.0869837 0.0982661 5.37065
0.0118441 0.0765235 5.09733
0.214329 0.152187 4.56255
-0.882786 0.0706221 4.81064
-0.706164 0.309721 3.79208
0.564311 -0.180624 4.45391
0.213555 0.244345 3.65942
0.631476 0.121444 4.37284
-0.687117 -0.370334 9.04109
0.191694 0.147833 4.48045
0.254645 -0.103566 4.48284
0.555503 -0.137953 4.30781
0.514034 0.126589 4.32718
0.454693 0.135664 4.41806
0.361685 0.141741 4.46895
0.248636 0.188752 4.48293
0.169132 -0.15152 4.66242
0.0318475 -0.132502 5.22513
-1.12965 -0.157447 9.48223
0.579694 -0.0114876 4.526
-0.900947 -0.0610321 6.21968
-0.890656 -0.0950854 5.92954
0.210271 0.00143269 3.26369
-0.161264 0.0584716 5.44638
0.2805 0.00342768 4.40852
0.0234262 0.174559 5.05518
0.113725 0.0200061 4.88777
-0.00923626 0.0490907 5.25856
-0.648117 0.171849 7.63951
0.205675 0.125875 4.61822
0.231146 -0.00919776 4.47787
0.177286 0.0267883 4.67503
0.161009 0.244082 4.47062
0.179287 0.15935 4.63854
0.22366 0.130391 3.25459
-0.126533 -0.0460673 5.6881
-1.01997 -0.164382 5.43011
0.577296 -0.0517187 4.65166
