-0.407466 0.0240498 6.88414
-0.645428 0.0377116 7.6488
-0.925285 -0.356849 9.92978
-0.99103 0.219602 5.51424
-0.90768 0.0393389 4.34391
-0.256657 0.155475 6.6533
-0.256212 -0.00776796 6.55834
-0.266728 -0.118426 6.47184
-0.384245 -0.101068 6.8266
-0.401595 0.180587 6.89727
-0.659011 0.207181 7.6305
-0.664715 0.127522 7.67989
-0.86266 -0.242619 6.28973
0.590808 0.0778464 4.50626
0.10061 -0.144154 5.01874
-0.949759 -0.398678 6.24692
-0.926633 -0.474725 6.16675
0.564069 -0.252092 4.46646
-0.382739 -0.594518 6.69792
-0.0649289 -0.617315 6.82169
-1.08706 -0.0248954 4.41117
-1.05832 -0.0825259 4.22558
-1.07061 0.18931 4.67648
-1.13758 0.192968 4.6851
-1.22751 0.221044 4.63394
-0.796952 -0.253087 6.19968
0.770629 -0.0426174 4.50573
0.410913 0.229379 3.83571
0.458669 0.251603 4.00628
0.338512 -0.101692 4.44611
0.362935 -0.10571 4.46685
0.296115 -0.103794 4.45752
0.23356 -0.0146301 4.41801
-1.97321 0.230683 13.315
-1.01385 -0.0458308 4.35745
0.192408 0.00541243 4.47626
-0.070939 0.0381744 5.58087
-0.0903192 -0.0101477 5.42572
-0.0568219 -0.0770012 5.27766
-0.136269 -0.0378496 5.57825
0.221149 0.140524 3.25132
0.173242 -0.149897 4.6212
-1.44901 -0.478386 12.7458
-0.640689 0.0414334 7.60023
-0.88381 -0.333518 9.56421
-0.323991 -0.278285 6.75311
-0.294556 -0.27911 6.63531
-0.033542 -0.125593 5.23418
-0.881933 -0.151955 6.23421
-0.0233959 0.0849427 5.34724
-0.932064 -0.437614 6.13979
-0.785787 -0.305141 5.94003
-0.724177 -0.442804 5.98484
-0.779601 -0.378824 5.9301
-0.961971 0.415431 8.88293
0.223668 0.114892 3.22452
0.218396 0.158282 3.24411
0.408424 0.229857 3.66885
0.323245 0.236046 3.50555
0.434751 0.245227 4.55938
0.493668 0.142825 4.50292
0.703144 0.13227 4.5102
0.346486 0.145424 4.42089
0.589793 -0.157248 4.51516
0.641178 -0.262557 4.50904
0.690933 -0.0208104 4.51827
0.166876 -0.183423 4.66154
-0.556617 -0.272929 7.73109
-0.309049 -0.390531 6.60356
-0.441005 -0.464859 6.92656
-1.0636 -0.424716 6.1875
-0.568191 -0.242097 5.85422
-0.8879 0.214488 4.82617
-0.768817 0.336282 3.89615
-0.894268 -0.0290683 4.39796
-0.911218 -0.0936647 4.12326
-1.02995 -0.0773536 4.18136
-0.858675 -0.106681 4.21653
0.463341 -0.0119811 4.45082
0.524546 -0.0324507 4.47423
-0.415431 -0.0994541 6.93599
-0.835372 -0.285446 6.51802
-0.865359 -0.240024 6.30771
0.162482 -0.140273 4.54278
0.408896 0.172937 3.61548
0.600148 0.0803038 4.53309
0.663679 0.0689489 4.53758
0.201094 0.00409184 4.52581
-0.431228 -0.286634 6.74175
0.822065 -0.000403081 4.51208
0.760451 -0.0423037 4.48265
-0.237735 0.267383 3.56932
-0.374027 0.173968 6.77037
-0.255508 0.152868 6.46382
-0.292125 0.161899 6.71496
-0.856556 0.27875 4.6867
-0.884128 0.282965 4.6262
-0.294294 -0.273517 6.56981
-0.834006 -0.412097 6.01994
-0.937372 -0.436542 6.14608
-0.275663 -0.122039 6.61911
0.0129115 0.0601912 5.19701
-0.926757 -0.0945406 6.26856
-0.662687 0.217009 7.68857
-0.673305 0.116055 7.73049
-0.0695347 0.0435119 5.6235
-0.133776 -0.0418178 5.65591
-0.76909 0.243968 8.09821
-0.967326 -0.148897 6.32273
0.0422381 -0.132839 5.11725
0.0118848 -0.121248 5.1512
0.0565444 -0.18584 5.02546
0.125028 -0.14827 4.80325
0.096642 -0.141875 4.87381
0.207753 0.201506 4.67183
-1.04978 0.457742 9.4966
-0.775403 -0.337429 6.3192
0.209733 -0.0116496 3.25656
0.22104 0.158128 3.24784
0.409044 0.230074 3.6742
0.737589 0.0712404 4.37936
0.379624 0.252604 4.1412
0.484791 0.141049 4.48059
0.220031 0.246235 3.65778
0.646245 -0.158449 4.50577
0.587978 -0.157978 4.50853
0.590313 -0.181786 4.52316
0.675686 -0.0198657 4.4834
0.557756 -0.0132972 4.47561
0.185234 -0.116326 4.39354
0.0920069 0.020469 4.87933
0.35103 -0.00797352 4.48341
0.235011 -0.0150701 4.43976
-0.291216 -0.360676 5.78954
-1.0531 -0.420005 6.14704
-1.38123 -0.453383 12.164
-1.94019 0.215236 13.1298
-0.926854 0.322403 4.61241
-0.921383 0.28328 4.61965
-0.533423 0.295335 3.74635
-0.863691 -0.0760438 4.3451
-0.98736 -0.165378 5.33751
-0.872743 0.0695668 4.77397
-0.899824 -0.0378351 4.37442
-0.86527 -0.108706 4.22867
-1.22791 0.195331 4.68554
-1.21331 0.0915478 4.6172
-1.13647 0.190665 4.68389
-1.2271 0.220371 4.63293
-0.221438 -0.273409 6.36057
0.591369 0.120233 4.50367
0.650438 0.0664433 4.50675
-0.0331859 0.0845219 5.2413
-0.137684 0.0191715 5.65866
0.222079 0.122162 3.20767
-0.381423 0.017777 6.79842
-0.385221 -0.0987225 6.79151
0.049993 0.083594 4.74692
-0.257969 -0.00360697 6.35568
-0.302658 -0.117721 6.62485
-0.517092 0.28395 7.30554
-0.392354 0.182191 6.95265
-0.78236 0.251295 8.21265
-0.786944 -0.306757 5.9445
-0.771932 -0.377122 5.92342
0.209242 -0.0111016 3.25638
-0.923424 -0.0913837 6.23787
-0.0176193 -0.111449 5.43345
0.227936 0.142441 3.26234
0.772772 0.0710559 4.44685
0.740029 0.00540444 4.35324
0.715613 0.128823 4.54315
0.562696 0.135674 4.46205
0.210292 0.241557 3.63599
0.121172 0.1799 4.95261
0.35656 0.145162 4.4571
0.218256 0.169531 4.43685
0.470613 -0.0116844 4.47786
0.15825 -0.14631 4.71165
0.378097 -0.113224 4.56065
-0.325299 -0.386692 6.63819
-0.0540317 -0.0901504 5.41189
-0.260185 0.152819 6.3965
-1.37202 -0.433795 12.0734
-0.824086 -0.24257 6.20389
-1.0871 0.256545 6.0242
-0.86124 0.318509 4.633
-0.910428 0.295408 4.60703
-0.908762 0.244203 4.61381
-0.431274 0.282704 3.66143
-0.535973 0.296514 3.75134
-0.98792 -0.164368 5.33944
-0.891371 -0.186166 4.80423
-0.984395 0.215574 5.49668
-1.08395 -0.0169333 4.39424
-1.11488 -0.0277234 4.37266
-1.05649 0.18328 4.63785
-1.1327 0.189461 4.67564
-0.95602 0.0427762 4.35983
-0.695965 0.306771 3.77759
0.176458 0.0108862 4.6932
-0.819753 -0.323533 6.22614
-0.390458 -0.0973718 6.80894
0.0334686 -0.13848 5.46279
-1.10377 0.333646 9.74584
-1.4366 0.368182 12.8036
0.20684 0.153293 4.50381
0.178094 0.161656 4.6458
0.44729 0.122675 4.46913
-0.905273 -0.127544 6.28688
-0.955893 -0.0919506 6.32765
0.382808 0.23211 3.67567
-0.612934 0.312959 3.79947
0.48588 0.140226 4.49095
-0.440162 0.286227 3.67566
0.696575 0.125961 4.50108
0.556501 0.132918 4.44451
-1.10111 -0.0278052 4.35368
0.347058 -0.00664842 4.46093
-0.980109 -0.160521 5.31724
-0.880528 -0.0175556 4.38668
-0.85072 -0.07541 4.11917
-1.03749 0.24634 5.852
-0.888177 0.0709005 4.82642
-1.05018 0.21708 6.62819
-0.854051 0.272781 4.68042
0.823999 -0.00149381 4.51048
0.567791 0.116463 4.43499
0.660661 -0.017051 4.45474
0.169107 -0.131307 4.67062
0.128526 -0.153328 4.86448
0.178826 -0.153535 4.66782
-0.86606 -0.234992 6.30171
-0.62035 -0.27111 6.2108
-0.963867 -0.338881 6.04577
0.11308 0.177083 4.88512
0.22071 0.158083 3.24816
0.470613 -0.0116844 4.47786
0.360335 0.0269501 4.42388
-0.0323731 0.0881967 5.54229
0.00426077 0.0721948 5.01432
0.149703 0.176706 5.54772
-0.273364 0.160385 6.5378
-0.281878 -0.120851 6.60761
0.245453 -0.104334 4.45242
0.0509104 0.0382551 4.79189
-0.00647343 0.0392144 4.94836
-1.5243 -0.0653679 12.0238
-0.00888522 -0.120684 5.56437
0.0333646 -0.130677 5.08503
0.199963 0.00910406 4.54005
0.214657 0.118396 4.62827
-0.919819 -0.0923382 6.06318
-2.17114 0.269423 15.9905
0.46601 0.12577 4.57249
0.391473 0.232894 3.68311
0.207952 0.241045 3.63336
0.222208 0.12242 3.2093
0.58705 -0.189829 4.51404
-0.908742 -0.0680039 4.85599
-0.968859 -0.156183 5.28088
-0.531358 0.293789 3.73675
-0.609552 0.311672 3.79267
-0.948835 -0.0408397 4.22935
0.398027 0.170315 3.59505
0.34469 -0.00561871 4.45155
0.233861 -0.0129572 4.46092
0.177207 -0.154463 4.68925
-0.816117 -0.322918 6.19765
0.813081 0.00124903 4.48919
0.599404 0.117758 4.51049
0.634998 -0.0147845 4.40344
-0.890956 0.0759377 4.84117
-0.886073 -0.0177305 4.39245
-0.877316 -0.045133 4.28967
0.355825 0.141641 4.44937
0.214377 0.171082 4.43471
0.223167 0.143129 3.25612
-0.0394928 0.208315 5.46703
-0.569766 -0.310844 8.002
-0.274523 -0.000697716 6.3556
0.466758 -0.00839919 4.47473
-0.0323731 0.0881967 5.54229
-0.0622211 0.0555355 5.69976
0.110892 0.0166492 4.91836
-1.21386 0.0929169 4.62817
0.466327 0.137357 4.43632
-0.836917 -0.0498321 8.36663
0.372122 0.0872515 4.43524
-1.01725 -0.163556 5.42068
0.641186 0.123671 4.39323
0.589242 0.134451 4.53342
-1.10769 -0.0261096 4.42181
-1.08218 0.260912 5.97027
0.0318177 -0.132245 5.21588
-0.0516007 -0.0926901 5.44386
0.350172 -0.00327185 4.46334
0.227991 -0.0116839 4.43545
-0.930024 -0.0935084 6.13777
-0.778634 -0.333791 6.29456
0.398038 0.170352 3.59508
-1.19595 0.152519 4.75781
0.168781 -0.151241 4.65562
0.115966 -0.146251 4.80219
0.241784 0.188957 4.43023
-0.923791 0.00716339 4.36152
-0.875675 -0.0454043 4.28637
-0.910653 0.294798 4.6116
-0.28158 0.164121 6.53134
-0.406588 0.196047 7.22749
-0.409168 0.00573337 7.05686
0.570543 0.113085 4.43521
-0.618041 -0.344858 8.50948
-0.312874 -0.296736 6.67625
-0.393409 -0.291167 6.74499
0.0833355 0.0972749 5.32434
0.00176506 0.046374 5.43548
-0.0640235 0.0640871 5.54673
0.470586 -0.00835387 4.50197
0.350428 0.0304694 4.34464
0.223176 0.143071 3.25612
0.18185 0.157702 4.65126
0.205044 0.112224 4.56155
0.448066 0.132995 4.39914
0.380604 0.165713 3.56359
0.222268 0.130178 3.24893
0.462843 0.136426 4.44478
0.358931 0.141238 4.45424
0.253371 -0.103065 4.47192
-0.773262 -0.255861 6.06036
-1.16592 0.310593 7.67358
0.168781 -0.151241 4.65562
0.0318177 -0.132245 5.21588
-0.861569 -0.229125 6.25787
0.0130429 0.0763448 5.10865
0.562954 0.105536 4.31498
0.525186 0.104935 4.31061
0.565967 -0.00938913 4.48354
0.206303 0.12541 4.61598
0.203903 0.0171274 4.60513
0.114681 0.0200125 4.89581
0.179235 0.159354 4.63634
-0.689712 -0.373004 9.07315
0.233096 0.145684 3.2722
0.26877 0.109649 3.35086
-0.894836 0.0713133 4.84506
0.585726 -0.147535 4.38482
0.589242 0.134451 4.53342
