-0.897685 -0.0596477 6.29704
0.235249 -0.0151276 4.42592
-0.401777 0.180213 6.90245
-0.256321 0.154962 6.63622
0.569178 -0.0165089 4.50822
0.391202 0.236108 3.69235
-0.646753 0.0379771 7.66589
-0.937072 -0.362133 10.0472
-1.43936 -0.47452 12.6577
-0.407056 0.0238619 6.87708
-0.267025 -0.119246 6.48981
-0.877348 -0.151132 6.21132
-0.82898 -0.267659 6.36437
-0.864501 -0.243429 6.30026
-0.242672 0.272977 6.54883
-0.358287 0.294034 6.82571
-1.98172 0.231191 13.3659
-0.496323 0.279843 7.12447
-0.659239 0.207194 7.63264
-0.663155 0.127425 7.65993
0.124995 -0.148394 4.80322
-0.320556 -0.266061 6.61339
-0.725528 -0.443805 5.99307
0.472137 -0.112058 4.49297
0.591039 0.0778379 4.50554
-0.382331 -0.59404 6.69233
-0.0272874 -0.609306 6.786
-0.887921 -0.0283321 4.38304
-0.994188 0.2203 5.52408
-1.04058 -0.079977 4.19738
-0.85252 -0.105071 4.20319
-1.13877 0.19323 4.68674
-0.255128 0.152364 6.44195
0.884273 0.132331 4.54027
-0.0708716 0.0383753 5.58494
-0.165053 0.0491007 5.57599
-0.135935 -0.0381741 5.5891
-0.640822 0.0413085 7.60274
-0.887335 -0.33511 9.62385
0.47948 0.193453 3.64588
-0.400698 0.304387 6.98026
-1.00498 -0.0449233 4.34085
-0.918618 0.261026 4.612
-0.299918 0.000882581 6.71331
-0.384346 -0.101602 6.83225
-0.0531293 -0.085121 5.42999
0.0870386 -0.129906 4.96078
-0.955812 0.412835 8.83188
-0.322618 -0.274976 6.70544
-0.446385 -0.295625 6.93446
0.172685 -0.149406 4.61404
-0.933515 -0.439354 6.14818
-1.06217 -0.42401 6.18063
-0.682368 0.363462 7.78637
-0.0242025 0.084911 5.32869
-0.0313995 -0.129654 5.2921
-0.788556 -0.307071 5.95459
0.698692 0.131838 4.49846
0.959635 0.109193 4.56453
0.387864 0.221963 3.7838
0.699139 0.0757196 4.44871
0.762699 -0.0417691 4.48779
0.49226 0.1425 4.497
0.348259 0.145542 4.42609
0.411887 0.245598 4.01887
0.335483 -0.100654 4.43253
0.578373 -0.153419 4.48334
0.459201 0.117323 4.5104
0.66677 0.068695 4.54382
0.511371 -0.0294467 4.42967
0.180675 -0.113758 4.36318
0.20353 0.00303655 4.54209
-0.552218 -0.269238 7.6624
-0.308902 -0.388824 6.58775
-0.063563 -0.624508 6.87072
-0.571036 -0.244424 5.88222
-1.0833 0.254097 6.0216
-0.87807 0.212341 4.79751
-0.935189 -0.183386 5.02601
-0.860853 -0.107438 4.21867
-0.907193 0.0392315 4.34185
-0.955043 0.0434829 4.35638
-0.968736 -0.148769 6.32783
0.164972 -0.142284 4.56094
0.290115 -0.55594 6.47274
0.408517 0.153222 3.56837
0.416808 0.132268 3.60205
-0.911286 0.244916 4.62174
-0.294168 -0.27782 6.61846
-0.433589 -0.288826 6.76994
-0.361991 0.293533 6.84756
-0.133916 -0.0415865 5.64479
0.171717 -0.132735 4.64052
-1.04566 0.455092 9.46008
-1.94633 0.215708 13.1675
0.0966155 -0.141762 4.87002
-0.834347 -0.284558 6.50897
-0.865327 -0.240345 6.30809
-0.966302 -0.398554 6.27794
-1.05227 -0.419369 6.14217
0.0178447 -0.127145 5.25692
-0.657735 0.215289 7.6282
-0.936734 0.0673723 9.4636
-0.294607 -0.000313576 6.60057
-0.275042 -0.121418 6.59297
-0.0396836 0.215616 5.51187
0.0505981 0.0943696 5.09927
-0.779382 -0.378907 5.92859
0.846158 0.165055 4.49553
0.433527 0.235721 3.86666
0.411418 0.230609 3.67243
0.822624 -0.000316381 4.51172
0.686721 -0.0202284 4.50677
0.917199 -0.00760696 4.54376
0.483156 0.1408 4.47376
0.37236 -0.110178 4.50641
0.656867 -0.161735 4.53034
0.590488 -0.158933 4.51453
0.465663 -0.0122843 4.45707
0.680036 0.0881486 4.55488
0.595278 0.0801014 4.5178
0.204003 0.00353019 4.54311
-0.118589 0.251488 3.56563
-0.373758 0.17382 6.76599
-0.926131 0.321861 4.60919
-0.921006 0.282986 4.616
-0.438906 0.286829 3.68217
-0.535083 0.296351 3.74792
-0.881894 -0.0175782 4.39003
-0.864829 -0.0764241 4.34706
-0.977699 -0.162986 5.30663
-0.89058 -0.187366 4.80209
-0.988093 0.216208 5.50806
-0.874635 0.0695968 4.77838
-1.12708 -0.036585 4.33759
-1.22306 0.194927 4.67492
-1.21698 0.0916237 4.62321
-1.06853 0.189109 4.67087
-1.13851 0.190388 4.68697
-0.970317 0.0424869 4.3867
-1.23809 0.222784 4.65133
-1.08204 0.330788 6.23101
-1.14743 0.524282 8.14041
-1.81648 -0.498035 15.0328
-0.952181 -0.0550109 5.03824
-0.888545 0.0314601 4.35064
-0.901097 -0.0380735 4.37663
0.0903918 0.020589 4.8611
-0.546888 -0.0346407 7.40865
-0.479911 -0.0536249 7.09245
-0.817915 -0.0802551 8.16663
0.414455 0.130188 3.59574
0.415219 0.140779 3.61223
-0.833076 -0.248449 6.27574
-0.368609 0.296162 6.9041
0.402284 0.172713 3.60291
-0.380656 0.0178785 6.7801
-0.384935 -0.0983609 6.78339
-0.51798 0.284955 7.32004
-0.777759 0.249984 8.16314
-0.639068 0.200883 7.61808
0.0422613 -0.132839 5.1161
0.245469 0.190811 4.42545
0.0276049 -0.131697 5.39427
-0.0535982 -0.090337 5.42108
-0.0540139 -0.18416 5.52806
0.0134726 0.0596903 5.19972
-0.0423248 0.0879474 5.37067
-0.774228 -0.336833 6.31126
-0.789894 -0.308588 5.96041
-0.771387 -0.376734 5.91894
0.700885 0.127414 4.50741
0.400614 0.227226 3.65674
0.745808 0.0715466 4.39413
0.692543 0.0743791 4.43641
0.760623 0.00448884 4.39181
0.68336 -0.0204936 4.50033
0.35564 0.144836 4.45119
0.584144 0.119511 4.48165
0.364622 -0.1087 4.49613
0.589138 -0.180978 4.51803
0.371689 0.124837 4.44156
0.47044 -0.0116146 4.47575
0.347629 -0.00735921 4.46723
0.645837 0.0665738 4.49384
0.549093 0.0796602 4.38434
0.520432 -0.0318172 4.46021
0.121548 -0.147573 4.77923
0.247685 -0.107252 4.47485
-1.06223 0.400784 5.98377
-0.293933 -0.273176 6.56155
-0.295407 -0.371696 5.87588
-0.260358 0.153187 6.41113
0.012826 0.035613 5.21406
-0.0698223 0.0435264 5.61217
-1.0849 0.255816 6.01477
-0.860893 0.318291 4.631
-0.91074 0.295788 4.60737
-0.988973 0.373416 5.55064
-0.858729 0.278954 4.69201
-0.42243 0.276947 3.64056
-0.576021 0.295123 3.72471
-0.982394 -0.162941 5.32122
-0.887993 -0.186547 4.79428
-1.08721 -0.0171984 4.40008
-1.12488 -0.0290948 4.38786
-0.850749 -0.0751503 4.11802
-1.07426 0.185514 4.67464
-1.13357 0.189465 4.67665
-0.9597 0.0423012 4.36629
-0.697988 0.307972 3.78002
-1.23016 0.21989 4.6376
-0.0314513 0.0844931 5.26215
-0.857509 -0.0604236 8.52876
-0.160969 0.0585863 5.44986
-0.101104 -0.0293922 5.63133
0.202195 0.101737 4.52626
0.580008 0.117441 4.46676
-0.281798 -0.12083 6.60687
-0.746617 -0.353341 5.93432
-0.81449 -0.322202 6.18625
-0.041428 0.206521 5.42103
0.129628 -0.15379 4.874
0.108942 -0.150838 4.97459
0.0309951 -0.136215 5.41818
0.397157 0.176227 3.57401
0.409148 0.172993 3.61423
0.560267 0.133147 4.4541
0.380953 0.23145 3.67025
-1.04488 0.394201 5.91962
0.600849 -0.186391 4.54261
-0.531177 0.294015 3.73777
-0.588128 0.301212 3.74818
-1.14089 0.188518 4.69362
-1.21747 0.0930362 4.63412
0.899644 0.170955 4.59491
0.695217 0.126199 4.49638
-0.886672 0.0709678 4.8199
-1.08969 0.224659 6.8123
-1.0583 0.252314 5.9155
0.76035 0.0711884 4.42075
0.68427 -0.0192862 4.50869
0.485401 0.140249 4.48791
-1.0358 -0.380215 6.27217
-1.10283 -0.0280546 4.35538
-0.981139 -0.160875 5.32008
-0.865742 0.319158 4.64352
-0.876583 0.28106 4.60572
-0.924315 0.280052 4.56602
-0.221219 -0.273474 6.35987
-0.865575 -0.235204 6.29923
-0.907452 0.00778647 4.31669
0.445251 0.122623 4.4605
0.47044 -0.0116146 4.47575
0.347111 -0.00666164 4.4597
0.048647 0.0831534 4.73004
0.177832 0.0106944 4.70304
-0.294901 0.303337 7.12302
-0.392746 0.182462 6.96472
-0.390724 -0.0974161 6.81569
-0.0062869 0.0392629 4.94898
-0.702002 0.31037 3.78696
0.245116 -0.104313 4.44894
0.409552 0.128602 3.5872
0.0333666 -0.130514 5.07957
0.17861 -0.15345 4.66447
-0.919529 -0.0906766 6.21495
-0.995047 -0.085102 6.33161
-1.10629 0.329772 9.74096
-1.96429 0.207129 13.2967
0.598738 0.117846 4.50715
-0.991876 0.496924 8.61047
0.471514 0.138116 4.4531
0.506058 -0.0389549 4.42038
0.607527 -0.19569 4.56466
-1.11323 0.1856 4.64413
-0.943636 -0.0378346 5.04958
-0.973607 -0.157329 5.29562
0.821105 -0.000947402 4.50332
-1.00352 -0.047687 4.3259
-1.37681 -0.43561 12.1053
-0.613718 -0.268396 6.16487
-0.819131 -0.323233 6.22155
-0.884223 0.0749877 4.81599
-0.894854 0.0311045 4.35699
-0.896579 -0.0495553 4.32853
0.516829 -0.014653 4.48797
-0.566458 -0.30832 7.94805
0.0560764 -0.186078 5.07382
0.457418 0.125043 4.5391
0.382596 0.124465 4.46467
0.468071 -0.00845426 4.47791
0.344855 -0.00563129 4.45087
-1.13214 0.517996 8.10032
-0.488253 -0.0561095 7.1023
-1.5452 -0.0672557 12.1898
-0.279649 0.267847 6.55522
-0.0320184 0.0880901 5.54455
-0.0616432 0.0559544 5.71417
0.111307 0.0167538 4.91983
-0.533388 0.295159 3.74386
0.67157 0.115002 4.5555
0.571905 0.113215 4.43731
0.396865 0.174941 3.57676
0.40735 0.172547 3.60908
-1.11376 0.517177 8.08244
-0.748221 0.358966 5.98991
0.444269 0.132991 4.38464
0.357465 0.142128 4.45591
-1.31205 0.0952117 4.8013
0.619774 -0.157678 4.46984
0.568334 0.133058 4.47484
-0.215132 -0.27813 6.36913
0.698292 -0.0192913 4.39201
0.659492 -0.0174479 4.46051
-1.04541 0.0851526 4.60935
0.837047 -0.000241906 4.53475
-1.09859 -0.0262463 4.40442
-0.908928 -0.0883156 6.01073
-0.911625 0.0720885 4.89055
0.177114 -0.154419 4.68698
-0.986341 -0.281511 9.37453
-0.779218 -0.333126 6.29516
-0.405825 0.19503 7.20856
-0.645786 0.171615 7.6091
-0.54257 -0.0757833 7.62398
0.420027 0.145811 3.61354
-0.887484 -0.0176046 4.39522
-0.920069 0.00720833 4.35334
-0.89655 -0.0481045 4.32793
-0.61242 -0.33931 8.41695
-0.312403 -0.296021 6.66282
0.233675 -0.0130389 4.45821
0.200401 0.00913087 4.54207
0.462258 -0.00759713 4.47034
0.35272 -0.00354461 4.47394
-2.18998 0.270778 16.1207
-0.0635737 0.0640587 5.54964
0.401239 0.236645 3.70214
-1.19959 0.150525 4.76479
0.645155 0.124682 4.40095
0.568334 0.133058 4.47484
0.453733 0.135393 4.41264
0.354727 0.140572 4.43355
-1.13324 0.181548 4.68298
0.773945 0.00571193 4.4156
0.104459 -0.138381 4.87474
0.227839 -0.0114922 4.4318
0.253512 -0.102941 4.47042
-0.720896 0.0486162 4.54178
-1.01352 -0.162338 5.4079
-0.992131 -0.28357 9.42555
0.442569 0.148147 3.64902
-0.0515525 -0.0926006 5.43641
-0.126412 -0.0460244 5.6758
0.0316804 -0.13209 5.20903
-1.0955 0.262972 6.02215
0.53545 0.105484 4.33585
0.569339 -0.00935424 4.49182
0.378676 0.0878268 4.4626
-1.17395 0.309903 7.71885
-1.0042 0.122323 7.74764
0.421633 0.180991 3.6122
0.177088 0.0266186 4.66998
0.114718 0.0199286 4.89635
-0.322762 -0.322198 6.93792
-0.693187 -0.37382 9.11032
-6.7968e-05 0.0466592 5.40552
0.269123 0.00187652 4.31817
0.202769 0.0173554 4.59276
-0.359619 0.289433 3.93641
0.530135 -0.0440445 4.50562
