0.27137 0.159244 0.887991
0.278744 0.0689388 0.961269
0.274117 -0.127677 1.27123
0.257371 0.164889 1.46918
0.272449 0.0676275 0.697021
0.272155 0.111805 0.686073
0.27839 0.102458 0.808425
0.0331796 0.188017 1.23401
-0.657606 -0.0740233 1.85135
-0.661408 -0.0901808 1.61589
-0.657742 -0.0749748 1.47741
0.2784 0.0676469 0.937632
0.275665 0.0690051 0.977645
0.259741 -0.189165 1.35596
0.251768 -0.203314 1.3439
0.244798 -0.0448204 0.73312
0.271251 0.117322 0.801497
0.264329 0.161474 0.92635
0.27786 0.0627166 0.983614
0.290087 -0.187424 1.31249
0.291002 0.00936429 1.28308
0.286105 -0.0243312 1.27254
0.272688 -0.0534598 1.241
0.280775 -0.0884869 1.0262
-0.0363944 0.198422 1.05072
0.249166 -0.135726 1.51271
0.214244 -0.178945 1.51614
0.269269 0.0293537 1.2366
0.262879 -0.118819 1.30097
0.270167 -0.142333 1.30296
0.291817 -0.0766436 0.750141
0.317335 0.0393712 0.952639
0.254636 -0.0581665 1.29987
0.261127 -0.0817598 1.27136
0.283125 0.0612355 0.686329
0.273806 0.0677696 0.699315
0.269041 0.0863518 0.72656
0.301665 -0.0642208 0.741157
0.29591 -0.0242665 0.73362
0.263182 0.117445 1.44558
0.207436 0.18168 1.52667
0.257651 0.0666603 1.53636
0.13871 0.176597 1.10298
0.270307 0.15916 1.28992
0.202222 -0.189495 1.46618
-0.33823 0.216926 1.88639
-0.0628612 0.182488 1.39321
-0.658446 0.0339457 1.98164
-0.634962 0.0196625 1.03857
-0.661973 -0.173102 1.26269
-0.650074 -0.243401 1.60885
-0.650699 -0.0285002 1.3066
-0.657572 -0.0483566 1.36036
-0.656515 -0.104815 1.01734
-0.641303 -0.178361 1.10283
-0.644069 -0.0343004 1.15707
-0.63977 -0.0795363 1.14879
0.281166 0.0664263 0.903506
0.281949 0.0676363 0.928123
0.297508 0.0380172 0.988842
0.304754 0.0338319 1.09703
0.237743 -0.0736921 0.754199
0.204655 -0.191403 1.5066
0.274618 0.141288 0.868008
0.273604 0.142646 0.913767
0.286818 -0.128198 1.08552
0.276037 -0.118694 1.08629
0.117317 0.190731 1.20503
0.266679 -0.0510759 1.22969
0.27161 -0.0728283 1.25394
0.30633 0.0294951 0.89114
0.29893 -0.00139981 1.13156
0.255251 -0.139658 1.54887
0.27662 -0.0356954 1.07285
0.276088 -0.0494036 1.10429
0.312165 -0.0162813 0.934201
0.296499 0.00873529 1.31006
0.299354 0.0268659 0.937312
0.289944 -0.0764782 0.747852
0.282421 -0.0712914 0.743435
0.278752 0.0698455 1.12007
0.285921 0.0332052 1.07859
0.246679 -0.115785 1.39265
0.271627 -0.1438 1.31084
0.241356 -0.145549 1.33614
0.279764 0.0650864 0.855342
0.25611 -0.0570903 1.30565
0.262098 -0.0819963 1.27871
0.279403 -0.0325848 1.49881
0.27302 0.0980692 0.692162
0.273223 0.0825497 0.735577
0.269913 0.0458902 0.741186
0.273445 0.105714 0.762547
0.300681 -0.0643361 0.739777
0.308997 -0.0695833 0.714858
0.244952 -0.0835259 0.806252
0.264457 0.0556626 1.54093
0.264643 0.121192 1.22855
0.26608 0.162089 1.03402
0.265115 0.160805 1.06875
0.146238 0.182798 1.3687
0.116869 0.194681 1.36088
0.205251 -0.173941 1.47959
-0.700177 -0.259927 2.03106
-0.663853 -0.0749464 1.86686
-0.630954 0.019518 1.0315
-0.663526 -0.173838 1.2661
-0.648024 -0.242305 1.59695
-0.657641 -0.0290542 1.31741
-0.636932 -0.045965 1.32125
-0.653361 -0.0896275 1.25076
-0.648402 -0.17869 1.15852
-0.632971 -0.0341075 1.13859
-0.65259 -0.00140325 1.01571
0.280268 -0.0705334 0.738325
0.28197 -0.079808 0.735409
0.30837 0.0135502 1.00733
0.289044 0.008354 1.286
0.24577 0.00289722 1.18939
0.268572 -0.0289616 1.45246
0.257531 -0.116225 1.29744
0.27478 0.0547531 1.05699
0.287316 0.0333056 1.0831
0.278583 0.0577153 0.684795
0.269596 0.0662414 0.689722
0.277201 0.0665064 0.915408
0.300564 0.0287588 0.980158
0.306196 0.0338607 1.10332
0.269053 0.0457041 0.749972
0.271739 0.141359 0.907047
0.262476 0.160584 0.922647
0.269779 0.125829 0.984925
0.266858 0.108493 0.791008
0.29903 -0.0699528 0.749725
0.298831 -9.41971e-05 0.735999
0.290921 0.00713798 1.01848
0.255324 0.111978 1.41044
0.271429 0.177685 1.82778
0.282252 0.107167 1.21986
0.158185 0.172173 1.0023
0.131719 0.174116 1.08552
0.202195 0.177442 1.49944
0.246231 0.164249 1.05834
0.276006 0.144002 1.05633
-0.000615699 0.177329 0.999359
0.0160133 0.185293 1.22421
0.139356 0.17237 1.30595
0.112237 0.190247 1.334
0.20872 -0.114003 1.31748
0.285266 -0.0659472 1.06366
-0.307036 0.197573 1.73811
-0.719087 -0.269139 2.08142
-0.66481 -0.238041 1.85124
-0.752404 -0.204791 2.53711
-0.677173 -0.0208714 2.31125
-0.640096 -0.061588 2.04717
-0.631721 0.0198893 1.03007
-0.660748 -0.172538 1.26223
-0.636932 -0.045965 1.32125
-0.666514 -0.0762119 1.30319
-0.665701 -0.091601 1.62323
-0.648062 -0.0975673 1.39227
-0.66797 -0.106023 1.0297
-0.646894 -0.120028 1.03182
-0.653495 -0.00219288 1.01594
-0.646091 -0.0799643 1.15938
0.282252 0.0322461 1.13811
0.275539 -0.0291653 1.48673
-0.630954 0.019518 1.0315
-0.277364 0.211549 1.77733
-0.652344 -0.24431 1.5981
-0.648025 -0.119778 1.03217
-0.652146 -0.178185 1.16506
-0.636044 0.0128159 1.03028
-0.658671 -0.00306628 1.01882
0.279664 0.0600483 0.681973
-0.653055 -0.0618843 2.07979
-0.644472 -0.070976 1.81909
-0.663299 -0.180395 1.23811
-0.652176 -0.0138085 1.22885
-0.637506 -0.0473077 1.31784
0.323193 -0.0667818 0.714307
-0.703346 -0.263507 2.03271
0.158096 0.169268 0.991159
0.197386 0.174642 1.48624
0.245244 0.159626 0.955402
0.260743 0.153073 1.25144
0.300944 -0.0162779 0.909704
0.109147 0.186068 1.30936
0.265721 0.108137 0.78797
0.269503 0.140201 0.897373
-0.655084 -0.090347 1.59829
0.314945 -0.166227 1.27515
-0.750646 -0.206757 2.52332
0.24345 -0.0830104 0.801773
0.264996 0.0308691 0.685473
0.271412 0.0968494 0.689648
0.270452 0.0811084 0.730296
0.284217 -0.0616714 0.712898
0.279719 -0.0705697 0.737985
0.245142 -0.0450724 0.735647
0.262321 0.0660147 1.54098
0.304304 0.0343449 1.09602
0.23977 -0.131578 1.47062
0.205738 -0.172452 1.47299
0.269927 0.0453638 0.751028
0.279365 0.0635791 0.832957
0.308782 0.0293304 0.897576
0.291659 -0.00186521 1.10759
0.27508 -0.0532161 1.25847
-0.659918 -0.103631 1.01738
-0.641584 -0.118512 1.02178
-0.635589 -0.0141603 1.14406
-0.317914 0.206202 1.81767
-0.64688 -0.0692405 1.82803
0.323576 -0.067856 0.714768
0.266877 0.146219 1.2636
-0.651566 -0.0502406 1.34067
0.136232 0.179533 1.11495
0.263591 0.170982 1.30798
0.199149 0.177723 1.50475
-0.681062 -0.182771 1.26522
0.116275 0.21172 1.45983
0.305526 -0.0170436 0.921026
-0.599926 -0.016999 2.07455
-0.741619 -0.206246 2.48153
0.297922 -0.0640435 0.735544
0.269376 0.0665434 0.69013
-0.647577 -0.0888207 1.57872
0.265886 0.138795 0.889766
0.27174 0.140856 0.94449
0.321614 -0.0331115 0.818898
0.269655 0.0512673 0.692645
0.270338 0.0454625 0.751836
0.262501 0.0313126 0.682742
0.240573 -0.0822416 0.796079
0.267491 0.0756446 1.21697
0.295021 0.0338744 1.10606
0.236314 -0.0733538 0.750923
0.209213 -0.175946 1.51555
0.318274 0.0213026 0.966792
0.293008 0.00701542 1.02746
0.219765 0.00234895 1.1792
0.271898 -0.0282029 1.47542
0.311298 0.0309596 1.00781
0.311077 0.034675 1.11688
0.287444 -0.00153137 1.09686
0.25238 0.00273146 1.22161
-0.651919 -0.0608235 2.04861
-0.646709 -0.0698547 1.83398
-0.567014 -0.254161 1.87647
0.262968 0.145898 1.08655
0.251712 0.156333 1.46429
0.180579 0.165105 1.40413
-0.64979 -0.0761111 1.26577
-0.642525 -0.0652983 1.44432
0.281553 0.151246 0.973661
0.313871 0.0145728 1.02228
0.299744 0.00732065 1.04829
0.27146 0.0934987 0.72924
0.297305 3.67356e-05 0.734084
0.320549 -0.0318321 0.81644
0.306489 0.0185528 0.936954
0.289783 -0.0653401 1.02222
0.269378 0.045231 0.748664
0.249641 0.0636983 1.48096
0.227312 -0.00204368 1.20707
0.29331 -0.0285648 1.5515
0.257446 -0.115824 1.29542
0.222888 -0.115726 1.41549
0.286559 -0.00212565 1.09283
0.262795 -0.0521388 1.21173
-0.6438 -0.0339403 1.15566
-0.664069 -0.00645336 1.02271
-0.63844 -0.0724153 1.13897
-0.651006 -0.120508 1.03486
0.302274 -0.0651798 0.743617
0.271337 0.110921 0.79242
0.278645 0.0598767 0.679994
-0.687485 -0.238935 2.08731
-0.726043 -0.258537 2.01183
-0.322215 0.212001 1.88587
0.21828 -0.00175791 1.17119
-0.624449 -0.0267473 1.25355
0.270895 0.0920634 0.729185
0.301173 0.0144128 0.988752
0.279603 -0.0023491 1.06828
0.260085 0.0389559 1.08136
0.262289 0.048491 1.28399
0.252812 -0.0950391 1.26309
0.264504 -0.135789 1.30928
0.260032 0.106186 1.41626
0.203779 0.129473 1.36886
0.253798 -0.104948 1.30621
0.249948 -0.131675 1.57143
0.209689 -0.179962 1.53446
0.277622 0.0611601 0.807006
0.263285 0.0322821 0.773267
0.307707 0.0293273 0.901338
0.286611 0.0639393 0.962177
0.279343 0.0661489 1.00517
0.295345 -0.0432826 1.23723
0.280025 -0.0155285 1.31709
-0.64118 -0.0337249 1.15479
-0.643719 -0.0723417 1.14629
-0.646956 -0.076113 1.25741
0.099272 0.181881 1.23756
0.283535 -0.0648104 1.00525
0.295461 -0.000151281 0.73027
0.317147 -0.0305979 0.809029
0.273105 0.11876 1.02686
0.279353 0.0601771 0.682132
