0.476446 0.225163 3.63228
-0.497585 0.280129 7.14526
-0.474063 -0.0483333 7.11089
-0.384772 -0.102415 6.84604
-1.37051 0.487761 8.3447
-0.256307 0.154847 6.63513
-0.266527 -0.118617 6.47072
-0.916108 -0.092162 6.21107
-0.358241 0.293984 6.82256
-0.321225 -0.266614 6.62228
-0.444935 -0.294506 6.91232
-1.99087 0.233185 13.4217
-0.24192 0.271314 6.50946
-0.865523 -0.243933 6.30608
-0.647201 0.0384714 7.66981
-0.0545577 -0.171022 5.31756
0.123946 -0.147545 4.79306
-0.928535 -0.435393 6.12075
-0.952602 0.411366 8.80828
-0.664038 0.127763 7.66977
0.797577 0.235618 4.45981
0.470968 -0.111652 4.48851
0.549547 -0.0141789 4.45541
-0.574583 -0.246925 5.91529
-0.921361 -0.0695521 6.02842
-0.884399 0.330965 4.69459
-0.570791 0.295657 3.72285
-0.956967 -0.189658 5.08962
-1.03663 -0.0796104 4.19076
-1.22579 0.220948 4.63037
-1.1358 0.192635 4.67985
-0.473505 0.299106 3.79635
0.41441 0.133343 3.59786
-0.370713 0.302102 3.87256
0.451347 0.11628 4.48414
-0.825547 0.00466777 4.16315
-0.0714745 0.0384428 5.56051
-0.0526622 -0.0859477 5.44266
-0.406284 0.0241039 6.86077
-0.474884 -0.0473313 7.03681
0.75025 -0.040003 4.46134
0.969278 -0.116355 4.42338
0.953801 -0.097402 4.4932
0.980171 -0.137901 4.51878
-0.837441 0.2313 4.46407
-0.321857 -0.273468 6.6846
0.174452 -0.150414 4.62614
-0.639652 0.0412944 7.58738
-0.0285396 -0.135614 5.37818
0.411692 0.180303 3.59039
0.0639808 -0.12687 5.06519
0.042673 -0.130419 5.08154
0.0952526 -0.13921 4.95425
0.0222135 0.0365242 5.21989
-0.0243827 0.0849716 5.32432
-0.797963 -0.312462 6.0038
-0.764396 0.242375 8.04725
-0.658258 0.207266 7.62059
0.952071 0.127951 4.46949
0.952612 0.108983 4.5519
1.00136 -0.204004 4.52061
0.982693 0.0121294 4.51013
0.989677 -0.0664862 4.52895
0.653496 -0.161151 4.52192
0.784421 -0.113712 4.4594
0.600803 0.122975 4.52095
0.479574 0.140779 4.45751
0.414406 -0.104198 4.46028
0.33468 -0.100311 4.42857
0.590963 0.07797 4.50466
0.5698 -0.0157847 4.50603
0.51804 -0.0304412 4.44714
0.0782731 -0.241335 4.89022
0.235104 -0.0149779 4.42423
0.199795 0.00404147 4.51697
-0.337338 -0.482187 6.60008
-0.29422 -0.277133 6.61173
-0.308978 -0.388839 6.58801
-0.99783 0.220907 5.53578
-0.863031 0.32292 4.6439
-0.883386 -0.0276546 4.37266
-0.891555 -0.188132 4.80452
-0.888987 0.0693471 4.81399
-1.06235 0.188119 4.6569
-0.908057 0.0393995 4.34322
-0.954522 0.0433202 4.35477
0.495969 0.130568 4.59979
-1.95107 0.216711 13.1974
-0.468441 -0.160371 6.8597
0.47099 -0.0130205 4.47401
-0.362218 0.293754 6.85029
-0.458494 0.433468 7.08107
0.166326 -0.143351 4.57061
0.208754 0.00188818 4.57371
0.955649 -0.0981945 4.49461
-0.255184 0.152426 6.44692
-0.0504804 0.19796 5.60176
0.0159501 -0.1251 5.21877
0.0870051 -0.129871 4.95994
0.0417731 -0.132446 5.10881
-0.441033 -0.297854 6.91358
0.0965955 -0.142011 4.87251
-0.053543 -0.0904988 5.43665
-0.248235 0.271797 6.50875
-0.165047 0.0491417 5.57289
-0.295505 0.000127638 6.60101
-0.274887 -0.121367 6.58893
-0.583702 0.466112 7.50551
-0.79198 -0.309838 5.97149
-0.779617 -0.379037 5.92967
-0.916641 -0.389591 6.16558
-0.865159 -0.240525 6.30729
-0.00302693 0.211019 5.36416
-0.0409281 0.21467 5.47844
-1.04215 0.454599 9.43321
0.4091 0.131216 3.58938
0.41206 0.230869 3.67265
0.752512 0.115597 4.54395
0.694694 0.131415 4.48861
1.02267 -0.0710174 4.57991
0.939802 -0.12138 4.49898
0.660228 0.0686677 4.5268
0.76741 -0.0432946 4.49529
0.6812 -0.0197927 4.49321
0.793308 0.0722508 4.47985
0.913224 -0.00671298 4.53595
0.825035 -0.000215863 4.51548
0.480893 0.140477 4.46571
0.360135 -0.106311 4.46827
0.580761 0.0796489 4.47674
0.559732 -0.0137157 4.47995
0.171362 -0.132494 4.63749
-1.09053 0.330133 6.26147
-0.351111 0.286752 3.80238
-1.42633 -0.468917 12.5435
-0.373475 0.173625 6.75878
-0.980088 -0.0821111 6.2703
-1.08159 0.253812 6.01502
-0.870373 0.3167 4.61182
-0.878438 0.212772 4.79789
-0.429767 0.2812 3.65847
-0.530812 0.293833 3.73609
-0.866557 -0.0767535 4.35077
-0.977597 -0.162838 5.30563
-0.944665 -0.169512 4.93665
-0.881267 0.0694282 4.79633
-1.13872 -0.0382047 4.35475
-0.843235 -0.040079 4.22704
-1.23005 0.220019 4.63682
-1.21898 0.0916894 4.6264
-1.12981 0.18946 4.66902
-0.957403 0.042934 4.3607
-0.19073 0.363883 6.29919
0.177031 0.0106127 4.69598
-0.122789 0.32574 5.098
-0.379982 0.0180936 6.76122
-0.385632 -0.0986398 6.79923
-0.479474 -0.0534674 7.08485
0.41113 0.153691 3.57163
0.216392 0.0951258 4.63021
0.405213 0.1734 3.60705
0.165273 -0.181724 4.65686
-0.0178514 -0.111021 5.41222
-0.0292687 -0.137837 5.37455
-0.0538195 -0.184422 5.53489
0.446104 0.111814 4.46948
0.0505778 0.0943964 5.09857
-0.136076 -0.0379383 5.58562
-0.303397 -0.118995 6.66414
-0.565056 -0.30705 7.92347
-0.436651 -0.293183 6.81732
-0.0701683 0.0434757 5.60039
-0.10106 -0.0293238 5.63414
0.089425 0.0208375 4.8522
-0.915227 -0.0896386 6.18974
-0.877475 -0.1919 6.23331
-0.859692 -0.058349 8.54543
-0.00863032 0.204864 5.30461
0.87896 0.136883 4.32308
0.405233 0.228833 3.66435
0.421267 0.180052 3.54896
0.694484 0.126896 4.49205
0.753914 0.183909 4.37895
0.896393 0.133002 4.56186
0.929017 -0.093889 4.45332
0.900147 0.015722 4.37976
0.938567 -0.0626177 4.39283
0.737516 -0.110464 4.43792
0.647642 0.066819 4.49764
0.680265 -0.0200223 4.49234
0.758803 0.0716028 4.41859
0.791338 0.00260464 4.44984
0.581667 0.119381 4.47406
0.482883 0.139919 4.47862
0.589707 -0.158543 4.51167
0.362288 0.0267708 4.43087
0.34472 -0.00697888 4.45457
0.517213 -0.0311691 4.44979
0.516442 -0.0145795 4.48617
0.025314 -0.130078 5.35923
0.123555 -0.148944 4.798
0.244637 -0.106207 4.45848
0.234134 -0.0146746 4.43152
-0.368346 0.295892 6.89737
-0.587828 0.466689 7.5674
-0.986711 0.372434 5.54094
-0.465002 0.354363 5.02621
-1.39229 -0.457971 12.247
-0.614028 -0.268971 6.16974
-0.293764 -0.273248 6.56098
-0.0403408 0.0886859 5.43747
-0.26093 0.153923 6.44634
-0.801545 -0.259742 5.38896
-0.834159 -0.284413 6.50724
-0.755768 -0.360749 5.99979
-1.06464 0.252045 5.94481
-0.862217 0.31909 4.63565
-0.926914 0.322141 4.61115
-0.885488 0.24937 4.62414
-0.471163 0.297715 3.7906
-0.531552 0.294459 3.73719
-0.577295 0.296372 3.7263
-0.947901 -0.187546 5.06094
-0.892082 0.0704314 4.82713
-1.09087 -0.0171375 4.40683
-1.10699 -0.0619666 4.4943
-0.889237 0.0318468 4.35185
-0.952637 0.0424861 4.35173
-0.889122 -0.0473331 4.30821
-1.21432 0.0928798 4.62737
-1.1325 0.18917 4.67366
-1.03536 0.0852111 4.61372
-0.69422 0.30692 3.77326
0.347507 -0.00659173 4.46102
0.279586 -0.00303646 4.45458
-0.879144 0.282372 4.61462
-1.16695 0.445923 7.91636
0.404621 0.172276 3.60595
0.177923 -0.153075 4.65761
0.165322 -0.178233 4.64681
0.407113 0.178175 3.58819
-0.349449 -0.191132 6.77304
-0.391278 -0.289616 6.71086
-0.133925 -0.0415333 5.64047
-0.296148 -0.0459249 6.89068
-0.588988 0.460488 7.58017
0.0479636 0.0832694 4.72442
-0.15316 0.318129 4.92377
-1.10573 0.329767 9.73641
-0.954718 -0.0918484 6.32012
-0.883689 -0.222494 6.30291
0.038491 0.187876 5.02735
-0.00362255 0.213883 5.43367
-1.22256 0.194935 4.67336
-0.465426 0.293958 3.78054
-0.240624 0.285413 4.00191
0.582306 -0.178526 4.49831
-1.07779 0.185742 4.68136
-1.13891 0.188223 4.68905
0.682981 0.125134 4.4677
0.413611 0.140713 3.60873
0.975523 0.129164 4.509
0.843463 0.1646 4.48912
0.468978 0.137711 4.44378
-0.983058 -0.083289 6.28053
-1.02495 -0.373895 6.22006
-0.981136 -0.16093 5.31956
-0.881443 0.21457 4.8057
0.570906 0.08017 4.44323
0.468835 -0.0114372 4.46955
-0.864 0.319083 4.63758
-0.924419 0.3173 4.60429
-0.281957 -0.121066 6.61561
-0.318566 -0.422123 6.62092
0.111956 -0.152902 5.00618
0.0281996 -0.13182 5.3527
0.128926 -0.153356 4.86555
-1.9726 0.209089 13.3543
-1.13851 0.232213 7.02651
0.724977 -0.050413 4.42842
0.679647 -0.0189184 4.49731
-0.298577 -0.381358 5.94812
0.976212 -0.120039 4.43587
0.993923 -0.127946 4.57927
0.944175 -0.155973 4.45332
0.412895 0.130024 3.59236
-0.774775 -0.335751 6.3107
0.116095 0.0163503 4.9243
-0.0322931 0.0843366 5.2482
-0.392603 0.182258 6.96094
-0.391766 -0.0978756 6.8404
0.044068 0.0679666 5.73289
-0.0618112 0.0561522 5.71251
-1.44188 0.360828 12.7838
0.0289651 0.205732 5.32628
-0.0416147 0.206281 5.41456
-0.416583 0.284335 3.75795
0.513868 -0.0400669 4.44487
0.58866 -0.187451 4.51265
0.769991 0.185311 4.41431
-1.11694 0.185636 4.65095
0.832573 -0.00160347 4.52447
0.560367 0.133314 4.4538
0.476063 0.137907 4.47138
0.244499 -0.104232 4.44485
-1.06384 0.253832 5.93248
-0.899096 0.0730933 4.85466
-0.981136 -0.16093 5.31956
-1.09914 -0.0277241 4.34876
0.40783 0.189331 3.60572
0.660957 0.0951682 4.50925
0.666005 -0.0176233 4.47482
-0.437861 0.340094 4.91829
-1.16014 0.530687 8.21856
0.0596238 -0.189465 5.12289
-0.610396 -0.337769 8.38767
-1.37874 -0.436273 12.1131
-0.311897 -0.294997 6.64482
-0.92874 -0.0627311 6.39237
-0.810352 -0.319231 6.15411
-0.46456 0.411453 7.10614
-0.569454 0.437202 7.31562
-1.18362 -0.0328269 7.34008
0.578047 0.117193 4.46086
0.468835 -0.0114372 4.46955
1.06106 -0.14029 4.68549
0.966317 -0.159309 4.48565
0.344562 -0.00550685 4.44874
0.0743363 0.0655131 4.84839
0.201156 0.00924714 4.54758
-0.885422 -0.0175424 4.38942
-0.892023 -0.0469184 4.31795
-0.0318192 0.0881772 5.54774
-0.274087 0.161312 6.58165
-0.275074 -0.000880156 6.38989
-0.467459 0.29666 3.78976
0.0898192 0.163809 4.85058
0.677347 0.125808 4.46547
0.617486 -0.157221 4.46344
-0.404387 0.285425 3.80382
-1.0136 0.376023 5.64152
0.379685 0.174854 3.5736
0.233354 -0.0130048 4.45505
0.177212 -0.154513 4.68853
0.87631 0.168409 4.55154
-0.923439 -0.0916966 6.10155
-1.1718 0.384056 6.2905
-1.08928 0.181675 4.69678
-1.13702 0.182139 4.69007
-1.16023 0.148997 4.68916
0.443632 0.132937 4.38187
0.877623 0.138269 4.40599
-0.891544 -0.0492215 4.3178
0.406729 0.172447 3.6071
-0.973921 -0.157684 5.29625
-0.912003 -0.0661258 4.86446
0.846008 0.00243439 4.43201
0.821967 0.0011664 4.50463
-0.989278 0.217172 5.52322
-0.840299 0.0289967 4.11799
-1.03551 -0.0515434 4.38149
0.0402087 -0.155275 5.61281
0.116355 -0.146045 4.80169
0.103454 -0.138342 5.07988
0.668637 0.114462 4.5476
0.589797 0.116776 4.48239
0.570138 -0.0135592 4.50009
0.466931 -0.00858647 4.47366
-0.9069 -0.0617998 6.25893
-0.617079 -0.271957 6.19373
-0.782157 -0.33493 6.31873
-0.0513428 -0.0926871 5.44197
-0.284752 -0.349644 6.56739
1.03149 -0.125898 4.52108
0.984498 -0.159596 4.50833
-0.239775 0.306919 4.49089
-0.550938 0.410216 7.0933
-0.695026 -0.375025 9.13375
-1.00632 -0.28492 9.42438
-0.318554 -0.3119 6.79906
0.431205 0.146495 3.62962
0.139014 0.176173 5.47966
0.0781643 0.0960278 5.25523
0.111605 0.0168135 4.92326
-0.00876018 0.0655984 4.82653
-0.423296 0.34281 4.88853
-0.993715 0.498056 8.62581
-1.13343 0.518469 8.10841
0.353361 -0.00359511 4.47643
-0.405227 0.194508 7.19522
-0.409142 0.0057344 7.05858
-0.186136 0.364014 6.33119
0.736999 -0.0475196 4.44353
0.643319 0.124405 4.39596
-1.00945 0.348859 5.65468
0.748437 -0.0507202 4.46818
-1.12151 0.2629 6.11244
-0.982926 -0.14387 6.45476
-1.16681 0.148664 4.70272
0.888682 0.129762 4.55006
0.564501 0.13269 4.46332
0.449527 0.13469 4.39842
0.567271 -0.00897923 4.48527
0.39604 0.00275602 4.27372
0.0280381 0.256228 3.7959
0.766417 0.00616813 4.40066
0.693052 -0.018786 4.38058
-0.126245 -0.0460968 5.68101
0.407925 0.128436 3.58372
0.228109 -0.0114709 4.43353
0.253445 -0.103027 4.4701
0.116314 0.0199988 4.91334
0.0130584 0.0763366 5.10769
-0.0363576 0.101958 5.41034
2.14103e-05 0.0466224 5.40045
-0.738287 0.0474994 4.59069
0.889925 -0.138793 4.36346
-1.07224 0.395153 7.15858
-0.474044 0.381463 6.96801
0.0315886 -0.131959 5.20459
0.279782 0.00376645 4.3992
0.639206 0.110186 4.49636
0.634731 -0.00974995 4.41196
-1.00632 -0.28492 9.42438
0.177469 0.0263307 4.67637
0.403616 0.176645 3.58611
0.403996 0.171768 3.60266
-0.280992 0.163588 6.50848
-0.845616 -0.0506053 8.46859
-0.0888383 0.307241 5.50099
-0.911813 0.295855 4.61481
