-0.865523 -0.243933 6.30608
0.952612 0.108983 4.5519
0.470968 -0.111652 4.48851
-0.949984 -0.368412 10.1841
-0.256307 0.154847 6.63513
-0.406284 0.0241039 6.86077
-0.647201 0.0384714 7.66981
-0.0545577 -0.171022 5.31756
-0.255842 -0.00731503 6.54505
-0.266527 -0.118617 6.47072
-0.321225 -0.266614 6.62228
-0.370063 0.30201 3.8709
-0.207277 0.34602 6.46572
-0.284444 0.282057 6.62272
-0.401142 0.17949 6.88739
-0.658258 0.207266 7.62059
-0.0243827 0.0849716 5.32432
-0.921361 -0.0695521 6.02842
-0.872192 -0.216318 6.24685
0.123946 -0.147545 4.79306
0.698409 0.075749 4.44643
0.575468 0.021746 4.47317
-0.0634561 -0.626113 6.88164
-1.06235 0.188119 4.6569
-1.1358 0.192635 4.67985
-0.954522 0.0433202 4.35477
-1.22579 0.220948 4.63037
1.00136 -0.204004 4.52061
-0.337338 -0.482187 6.60008
-0.639652 0.0412944 7.58738
-1.99087 0.233185 13.4217
0.694694 0.131415 4.48861
0.980171 -0.137901 4.51878
-0.299305 0.00149654 6.6826
-0.384772 -0.102415 6.84604
0.590963 0.07797 4.50466
-0.398895 0.302806 6.94241
-0.24192 0.271314 6.50946
-0.917402 0.260692 4.6081
-0.497585 0.280129 7.14526
-0.62339 0.214961 7.59916
-0.653948 0.213913 7.58186
0.0222135 0.0365242 5.21989
-0.797963 -0.312462 6.0038
-0.0714745 0.0384428 5.56051
-0.952602 0.411366 8.80828
0.952071 0.127951 4.46949
0.600803 0.122975 4.52095
0.802193 0.112662 4.49104
0.953801 -0.097402 4.4932
0.982693 0.0121294 4.51013
0.989677 -0.0664862 4.52895
0.784421 -0.113712 4.4594
0.75025 -0.040003 4.46134
0.51804 -0.0304412 4.44714
-1.37051 0.487761 8.3447
-0.550707 -0.267669 7.63726
-1.39229 -0.457971 12.247
-0.0526622 -0.0859477 5.44266
-0.321857 -0.273468 6.6846
-1.05498 -0.42005 6.15094
-0.827285 -0.26686 6.35321
-0.99783 0.220907 5.53578
-0.884399 0.330965 4.69459
-0.71773 0.316592 3.80955
-0.570791 0.295657 3.72285
-0.944665 -0.169512 4.93665
-1.0641 0.0843971 4.66489
-0.888987 0.0693471 4.81399
-0.982067 -0.00103664 4.48803
-0.899094 -0.0474456 4.32584
-1.11919 0.189598 4.6523
-0.908057 0.0393995 4.34322
-1.21898 0.0916894 4.6264
-1.00436 -0.000933568 4.38085
-0.360898 0.287763 3.85578
-0.362218 0.293754 6.85029
0.41441 0.133343 3.59786
0.955649 -0.0981945 4.49461
-0.458494 0.433468 7.08107
-0.583702 0.466112 7.50551
-0.258687 -0.00383668 6.4065
-0.295505 0.000127638 6.60101
-0.709957 -0.385566 5.96231
-0.779617 -0.379037 5.92967
-0.0504804 0.19796 5.60176
-0.518424 0.285348 7.32685
-0.0889836 -0.0110603 5.47277
-0.881666 0.282049 4.61594
-0.920452 0.282872 4.61367
-0.885488 0.24937 4.62414
-0.837441 0.2313 4.46407
0.411692 0.180303 3.59039
0.0965955 -0.142011 4.87251
0.0295605 0.227229 4.66536
-0.00302693 0.211019 5.36416
-0.0285396 -0.135614 5.37818
0.042673 -0.130419 5.08154
0.166326 -0.143351 4.57061
0.167837 -0.184027 4.66617
-0.0409281 0.21467 5.47844
-0.916108 -0.092162 6.21107
0.694484 0.126896 4.49205
0.78457 0.18866 4.43153
0.896393 0.133002 4.56186
0.939802 -0.12138 4.49898
1.02267 -0.0710174 4.57991
0.913224 -0.00671298 4.53595
0.653496 -0.161151 4.52192
0.6812 -0.0197927 4.49321
0.5698 -0.0157847 4.50603
0.793308 0.0722508 4.47985
0.76741 -0.0432946 4.49529
0.460814 -0.105505 4.43198
0.451347 0.11628 4.48414
0.47099 -0.0130205 4.47401
0.199795 0.00404147 4.51697
-1.09053 0.330133 6.26147
-0.465002 0.354363 5.02621
-1.42633 -0.468917 12.5435
-0.574583 -0.246925 5.91529
-0.29422 -0.277133 6.61173
-0.255184 0.152426 6.44692
-0.977597 -0.162838 5.30563
-0.865159 -0.240525 6.30729
-0.916641 -0.389591 6.16558
-1.08159 0.253812 6.01502
-0.993617 0.217016 5.52592
-1.95107 0.216711 13.1974
-0.863031 0.32292 4.6439
-0.878438 0.212772 4.79789
-0.473505 0.299106 3.79635
-0.704258 0.313312 3.79716
-0.530812 0.293833 3.73609
-0.956967 -0.189658 5.08962
-1.03536 0.0852111 4.61372
-0.881267 0.0694282 4.79633
-1.13872 -0.0382047 4.35475
-0.843235 -0.040079 4.22704
-0.999621 -0.0442424 4.33089
-1.12981 0.18946 4.66902
-0.957403 0.042934 4.3607
-1.23005 0.220019 4.63682
0.4091 0.131216 3.58938
-0.774775 -0.335751 6.3107
-0.755768 -0.360749 5.99979
0.929017 -0.093889 4.45332
0.013511 0.0597413 5.19939
-0.385632 -0.0986398 6.79923
-1.81535 -0.49414 15.0119
0.0870051 -0.129871 4.95994
0.089425 0.0208375 4.8522
-0.414686 0.301033 7.18469
-0.373475 0.173625 6.75878
-0.889237 0.0318468 4.35185
-0.825547 0.00466777 4.16315
0.405213 0.1734 3.60705
0.0231179 0.222835 4.62774
-0.00863032 0.204864 5.30461
0.165273 -0.181724 4.65686
-0.0701683 0.0434757 5.60039
-0.137258 0.0190163 5.65403
-0.136076 -0.0379383 5.58562
-0.915227 -0.0896386 6.18974
-0.865352 -0.235082 6.29741
-0.0178514 -0.111021 5.41222
0.0417731 -0.132446 5.10881
-1.04215 0.454599 9.43321
0.975523 0.129164 4.509
0.753914 0.183909 4.37895
0.752512 0.115597 4.54395
0.582306 -0.178526 4.49831
0.724977 -0.050413 4.42842
0.660228 0.0686677 4.5268
0.680265 -0.0200223 4.49234
0.825035 -0.000215863 4.51548
0.360135 -0.106311 4.46827
0.34472 -0.00697888 4.45457
0.517213 -0.0311691 4.44979
0.468835 -0.0114372 4.46955
0.123555 -0.148944 4.798
0.180342 -0.113546 4.3605
0.208754 0.00188818 4.57371
-0.587828 0.466689 7.5674
-0.122789 0.32574 5.098
-0.248235 0.271797 6.50875
-0.986711 0.372434 5.54094
-0.351111 0.286752 3.80238
-0.565056 -0.30705 7.92347
-0.053543 -0.0904988 5.43665
-0.274887 -0.121367 6.58893
-0.298577 -0.381358 5.94812
-0.937194 0.057483 9.91198
-1.02495 -0.373895 6.22006
-0.833899 -0.248763 6.28014
-1.06464 0.252045 5.94481
-1.9726 0.209089 13.3543
-0.870373 0.3167 4.61182
-0.862217 0.31909 4.63565
-0.855801 0.276303 4.68455
-0.471163 0.297715 3.7906
-0.531552 0.294459 3.73719
-0.866557 -0.0767535 4.35077
-1.09087 -0.0171375 4.40683
-1.10699 -0.0619666 4.4943
-1.1325 0.18917 4.67366
-0.368346 0.295892 6.89737
-0.392603 0.182258 6.96094
-0.636948 0.199745 7.59075
-0.19073 0.363883 6.29919
-1.13343 0.518469 8.10841
-0.859692 -0.058349 8.54543
0.0505778 0.0943964 5.09857
0.218608 0.169561 4.43672
-0.0612427 0.0686944 5.2452
-0.10106 -0.0293238 5.63414
0.936748 -0.104385 4.43801
0.993923 -0.127946 4.57927
0.0743363 0.0655131 4.84839
0.116095 0.0163503 4.9243
0.0281996 -0.13182 5.3527
-0.883689 -0.222494 6.30291
-1.10573 0.329767 9.73641
0.0312236 0.232765 4.75993
0.0124519 0.273667 5.30029
-0.0450201 0.284192 5.52119
-0.0760797 0.334844 5.60379
0.177923 -0.153075 4.65761
-1.22855 0.220347 4.64107
-1.21432 0.0928798 4.62737
0.513868 -0.0400669 4.44487
-0.465426 0.293958 3.78054
-1.07779 0.185742 4.68136
-1.13891 0.188223 4.68905
-0.240624 0.285413 4.00191
-0.981136 -0.16093 5.31956
0.962183 0.127738 4.4884
-0.913255 0.296654 4.61465
-0.923595 0.292888 4.64237
-0.924071 0.280035 4.56483
0.976212 -0.120039 4.43587
-0.864 0.319083 4.63758
-0.881443 0.21457 4.8057
0.758803 0.0716028 4.41859
0.791338 0.00260464 4.44984
-0.588988 0.460488 7.58017
0.468835 -0.0114372 4.46955
0.407113 0.178175 3.58819
0.404621 0.172276 3.60595
-1.37874 -0.436273 12.1131
-0.614028 -0.268971 6.16974
0.202143 0.101758 4.52532
-0.281957 -0.121066 6.61561
-0.325206 -0.386191 6.63188
0.944175 -0.155973 4.45332
0.647642 0.066819 4.49764
0.570906 0.08017 4.44323
0.679647 -0.0189184 4.49731
0.559732 -0.0137157 4.47995
0.121069 0.179711 4.94731
-1.13851 0.232213 7.02651
0.111956 -0.152902 5.00618
-0.0403408 0.0886859 5.43747
-0.26093 0.153923 6.44634
-0.275074 -0.000880156 6.38989
0.0479636 0.0832694 4.72442
0.0165765 0.0351778 5.26917
-0.391766 -0.0978756 6.8404
-0.882023 -0.0173263 4.38987
0.244637 -0.106207 4.45848
0.206087 0.152982 4.4963
-0.0618112 0.0561522 5.71251
-0.130096 0.020639 5.48064
-0.133925 -0.0415333 5.64047
-0.993715 0.498056 8.62581
-0.0748977 0.329629 5.69346
-0.0416147 0.206281 5.41456
0.166641 -0.130034 4.63614
0.177212 -0.154513 4.68853
-2.20604 0.272342 16.2271
0.0178759 0.223972 4.63139
0.038491 0.187876 5.02735
0.0289651 0.205732 5.32628
0.244499 -0.104232 4.44485
0.769991 0.185311 4.41431
0.413611 0.140713 3.60873
-1.11694 0.185636 4.65095
-1.06384 0.253832 5.93248
0.966317 -0.159309 4.48565
0.466931 -0.00858647 4.47366
0.832573 -0.00160347 4.52447
-0.899096 0.0730933 4.85466
-0.987871 0.0108872 4.33895
-1.09914 -0.0277241 4.34876
0.87896 0.136883 4.32308
-1.16014 0.530687 8.21856
-0.981136 -0.16093 5.31956
-0.610396 -0.337769 8.38767
-1.00632 -0.28492 9.42438
-0.391278 -0.289616 6.71086
0.347507 -0.00659173 4.46102
0.570138 -0.0135592 4.50009
-0.569454 0.437202 7.31562
-0.983058 -0.083289 6.28053
-0.810352 -0.319231 6.15411
-1.18362 -0.0328269 7.34008
0.212485 0.122389 4.59363
-0.891648 0.0312188 4.3482
-0.892023 -0.0469184 4.31795
-0.0322931 0.0843366 5.2482
-0.274087 0.161312 6.58165
0.0561975 0.279949 4.68694
0.0274195 0.284328 4.46706
0.112637 0.176951 4.87804
0.0604957 -0.131099 5.00869
-0.120082 0.362536 5.42229
-0.186136 0.364014 6.33119
0.180187 0.162207 4.66487
-0.885422 -0.0175424 4.38942
-0.879144 0.282372 4.61462
0.233354 -0.0130048 4.45505
0.736999 -0.0475196 4.44353
0.846008 0.00243439 4.43201
-0.116812 0.276918 4.05207
-1.00115 0.0079556 4.35002
0.361663 0.174761 3.54717
0.403996 0.171768 3.60266
-0.891544 -0.0492215 4.3178
-1.0136 0.376023 5.64152
0.821967 0.0011664 4.50463
0.677347 0.125808 4.46547
-1.16681 0.148664 4.70272
0.87631 0.168409 4.55154
-0.973921 -0.157684 5.29625
-0.912003 -0.0661258 4.86446
0.984498 -0.159596 4.50833
-0.0318192 0.0881772 5.54774
-0.296148 -0.0459249 6.89068
-0.9069 -0.0617998 6.25893
0.877623 0.138269 4.40599
0.21534 0.119007 4.63103
0.201156 0.00924714 4.54758
0.118938 0.0310832 4.2835
-0.0513428 -0.0926871 5.44197
-0.311897 -0.294997 6.64482
-0.506131 -0.165054 7.25496
-1.00632 -0.28492 9.42438
-0.403558 -0.292804 6.81801
-0.617079 -0.271957 6.19373
0.455764 -0.00696981 4.44657
0.452987 0.0229621 4.51166
0.0402087 -0.155275 5.61281
0.116355 -0.146045 4.80169
-1.1184 0.518364 8.11335
0.666005 -0.0176233 4.47482
0.567271 -0.00897923 4.48527
0.344562 -0.00550685 4.44874
0.279782 0.00376645 4.3992
-1.17515 -0.0346493 7.30634
-0.239775 0.306919 4.49089
-0.550938 0.410216 7.0933
-0.0448643 0.277475 5.45699
0.0240556 0.279414 4.44242
0.0781643 0.0960278 5.25523
0.111605 0.0168135 4.92326
-0.405227 0.194508 7.19522
-0.409142 0.0057344 7.05858
0.213986 0.151851 4.55566
0.182064 0.160328 4.65406
0.309217 0.0224732 4.49282
0.679751 0.0917966 4.38028
0.766417 0.00616813 4.40066
0.39604 0.00275602 4.27372
-1.13702 0.182139 4.69007
-0.738287 0.0474994 4.59069
0.353361 -0.00359511 4.47643
0.228109 -0.0114709 4.43353
0.253445 -0.103027 4.4701
0.888682 0.129762 4.55006
-0.423296 0.34281 4.88853
-1.07224 0.395153 7.15858
-1.12151 0.2629 6.11244
-0.787364 -0.263955 6.16645
-0.860797 -0.22847 6.25115
0.207402 0.113351 4.57667
0.177469 0.0263307 4.67637
-0.474044 0.381463 6.96801
0.374569 0.0239128 4.45667
-0.0363576 0.101958 5.41034
-0.280992 0.163588 6.50848
-0.0635584 0.0640978 5.55009
-0.297605 -0.0413823 6.86629
-0.318554 -0.3119 6.79906
0.116314 0.0199988 4.91334
2.14103e-05 0.0466224 5.40045
-1.21074 0.319637 7.88761
0.105358 -0.139093 4.88332
0.0315886 -0.131959 5.20459
-0.695026 -0.375025 9.13375
-0.0226012 0.21924 5.6295
0.193588 0.148688 4.49033
0.181117 0.158114 4.6441
0.0565223 0.276292 4.58065
0.0434514 0.199504 5.23948
-0.911813 0.295855 4.61481
-1.1718 0.384056 6.2905
0.00702887 0.26132 4.31822
0.693052 -0.018786 4.38058
0.634731 -0.00974995 4.41196
0.643319 0.124405 4.39596
