0.630335 0.0700901 4.45491
-1.01161 -0.00135724 4.39275
-1.0293 0.000691948 4.37263
-0.256014 -0.00734328 6.54869
-0.267082 -0.120018 6.50129
-1.37349 0.488616 8.36046
-0.40643 0.0241686 6.86286
-0.384725 -0.10235 6.84342
-0.207277 0.345716 6.46145
-0.358541 0.294305 6.82745
-0.6483 0.0382592 7.68446
-0.0722093 0.0381807 5.52986
-0.86658 -0.244295 6.31214
-0.0517057 -0.182385 5.44909
-0.32079 -0.26554 6.60945
-0.439088 -0.295623 6.88707
-0.658466 0.207732 7.62417
-0.66332 0.127261 7.66241
-0.773289 -0.374222 5.89321
0.853633 -0.119802 4.50242
0.565441 -0.148848 4.45007
0.549272 -0.014339 4.45487
-0.308466 -0.388358 6.57995
-1.1368 0.192698 4.68179
-0.906613 0.0394255 4.34004
-0.954237 0.0430427 4.35402
0.956371 -0.0977161 4.49643
0.963107 -0.133765 4.49112
-0.285113 0.28396 6.65772
-0.398037 0.301753 6.92315
-0.352432 0.287173 3.8089
-0.639333 0.0409951 7.5836
-0.958564 -0.373462 10.2736
-1.40487 -0.459152 12.3489
-0.298636 0.00150671 6.6595
0.187684 0.223151 4.50486
-0.912363 -0.0911121 6.19077
0.176696 -0.19631 4.67748
-0.147214 0.157039 6.36317
-0.256339 0.154962 6.63306
-0.22146 0.0892353 6.40988
-0.827462 -0.26672 6.35381
-0.872129 -0.216344 6.2463
-0.0286296 -0.135977 5.38336
-0.319733 -0.270118 6.65015
0.219813 0.139793 4.63126
0.186334 0.163282 4.7342
-2.00036 0.233563 13.48
0.123521 -0.147033 4.78627
0.0973082 -0.141096 4.9759
0.0640362 -0.126929 5.06559
-1.05536 -0.420059 6.15246
-0.762976 0.241361 8.03199
-0.799279 -0.313477 6.01278
-0.953518 0.41219 8.81688
-0.344716 0.296282 3.9846
0.598569 0.122823 4.51467
0.478693 0.140178 4.45792
0.75069 -0.113255 4.46099
1.0246 0.0252539 4.46467
0.975157 0.0123389 4.4978
0.463622 -0.109316 4.46545
0.579316 0.0782283 4.47397
0.377822 0.12971 4.48007
0.110253 0.174709 4.81174
0.200615 -0.125039 4.46005
0.19711 0.00432541 4.50081
0.165532 -0.129747 4.60549
-0.0524487 -0.0866182 5.45566
-0.241596 0.270208 6.49557
-0.957809 0.367208 5.45103
-0.337256 -0.481228 6.59283
-0.369294 0.17272 6.80655
-0.997707 0.220675 5.53593
-0.899023 -0.0674734 5.94102
-0.919576 0.261099 4.61324
-0.403401 0.293907 3.82938
-0.444921 0.287637 3.78194
-1.23436 0.208575 4.67537
-0.882297 -0.152977 4.78254
-0.890662 0.0693073 4.81804
-1.14297 -0.0389729 4.36108
-0.958263 0.0225433 4.34283
0.515893 -0.0302275 4.44038
0.465872 -0.0123885 4.45722
-0.248211 0.272195 6.51029
-1.40844 0.498298 8.53833
-0.255122 0.152179 6.44583
-0.79756 0.453539 6.97457
-1.39086 -0.455709 12.2174
-0.295686 0.000447924 6.60493
-0.474791 -0.0472844 7.03478
-0.460652 0.435611 7.11879
-0.258605 -0.00386827 6.39875
-0.13564 -0.0384358 5.60063
-0.779772 -0.379499 5.93108
-0.911145 -0.387417 6.14179
0.16897 -0.144992 4.58748
0.162833 -0.172021 4.51504
0.168188 -0.184443 4.66904
-0.866227 -0.240928 6.31471
-0.0532939 -0.090656 5.44044
-0.300076 0.283151 3.95119
0.0143712 -0.122856 5.18989
0.0969738 -0.142286 4.87545
-0.0237307 0.08495 5.33353
-0.548121 -0.265393 7.59635
-0.44483 -0.294358 6.91019
-0.649125 0.212282 7.52203
-0.774295 0.247564 8.12644
-0.00245663 0.211956 5.37024
-0.58251 0.465107 7.49205
-0.681386 0.362649 7.77349
-0.267104 0.27783 3.94582
0.47852 0.140352 4.45337
0.963959 -0.0994518 4.50682
0.796834 0.0722244 4.48589
0.890871 -0.00478753 4.49696
0.74558 -0.0396807 4.45093
0.966895 -0.0638641 4.49427
0.528346 -0.103803 4.42191
0.641958 -0.157765 4.49438
0.579636 0.0790993 4.47351
0.705061 0.0758853 4.46094
0.677489 -0.0192753 4.48466
0.415249 0.238814 4.48575
0.450807 0.116114 4.48132
0.417059 -0.107147 4.47417
0.213174 0.00121689 4.59939
0.469082 -0.0113215 4.47017
0.160392 0.0129151 4.59324
-1.09179 0.329433 6.26523
-0.577519 -0.248506 5.94231
-0.77129 -0.332052 6.28475
-0.294655 -0.277595 6.62323
-0.312054 -0.385559 6.58049
-1.95455 0.216946 13.2196
-0.289954 0.160001 6.64422
-1.08534 0.25438 6.02712
-0.862872 0.323316 4.64403
-0.877588 0.212613 4.79635
-1.22692 0.220763 4.63245
-0.912068 -0.160905 4.85627
-1.06383 0.188199 4.66015
-1.06481 0.0844546 4.66619
-0.882783 0.0692697 4.79963
-1.07489 -0.0252749 4.38994
-1.05227 -0.0554439 4.40291
-1.12976 0.189319 4.66885
-0.897695 0.0402567 4.32438
-1.22356 0.0916982 4.63523
-0.190747 0.360527 6.2426
-0.0400636 0.0890829 5.45936
-0.0537169 0.0926209 5.48092
-0.913824 -0.0895414 6.18192
0.240708 0.196086 4.49323
0.232696 0.161309 4.64104
-0.137177 0.0191176 5.6652
-0.274783 -0.121198 6.58242
-0.797386 -0.312935 6.0018
-0.967655 -0.399773 6.28735
-0.481788 -0.0540421 7.12613
-0.38587 -0.0989106 6.8072
-0.477579 -0.163697 6.9934
0.0332162 0.230617 4.71332
-0.370068 0.298076 6.9448
-0.414919 0.301217 7.1877
-0.0177565 -0.111023 5.41004
-0.0538064 -0.184421 5.53463
-0.843878 -0.140405 6.05141
-0.832694 -0.248486 6.27259
-0.518758 -0.245159 7.24966
-0.438798 -0.295576 6.84461
-2.21918 0.272312 16.3165
0.0437656 -0.131469 5.09557
0.0205961 -0.126615 5.27491
-0.196672 0.3411 5.35167
-0.586749 0.465884 7.55258
-1.04101 0.453458 9.42569
-0.00731696 0.205991 5.32472
-0.0422647 0.213519 5.44285
0.170818 -0.157645 4.71539
0.168188 -0.184443 4.66904
0.579708 0.119137 4.46815
0.978864 -0.197866 4.48605
0.76768 0.0717753 4.43441
0.757451 -0.0421577 4.47476
0.898506 0.0158706 4.37645
0.982863 -0.0654923 4.51771
0.574852 -0.175321 4.47702
0.558033 -0.0135091 4.4742
0.725475 -0.0209283 4.45261
0.673033 -0.0191364 4.47544
0.219021 0.279122 4.50384
0.325729 0.272247 4.37325
-0.0732079 0.332064 5.56198
0.125327 0.18081 4.97842
0.0224903 0.280235 4.4159
0.240452 -0.104572 4.43639
0.184657 -0.116099 4.38727
0.355152 -0.103931 4.44322
0.4437 0.0243032 4.45366
0.339566 -0.00620933 4.43275
0.0581484 -0.186208 5.0286
-0.0761004 -0.206466 5.42655
0.0881486 0.0206949 4.83935
-0.452871 0.343569 4.94221
-0.241475 0.302689 4.43158
-0.982963 0.370622 5.52624
-0.337992 0.28092 3.83286
-1.3771 -0.435809 12.0881
-0.293867 -0.273473 6.56443
-0.260722 0.15372 6.43346
-0.373881 0.173747 6.76903
-0.97913 -0.163827 5.30999
-0.996418 0.217626 5.53544
-1.17742 0.240709 7.20859
-0.920429 0.282817 4.61348
-0.907699 0.244671 4.60941
-0.87037 0.316666 4.61171
-0.888722 0.216835 4.82565
-0.888272 0.25017 4.63222
-1.22945 0.219643 4.6357
-0.889045 0.0316887 4.35113
-1.07324 0.186274 4.67173
-1.06137 0.0852907 4.65988
-1.13971 -0.0387038 4.3549
-0.924797 -0.0526871 4.37326
-1.13288 0.189177 4.6742
-0.954892 0.0430247 4.3562
-0.307624 0.29105 3.98852
-0.46296 0.43332 7.13168
-0.298194 0.307235 7.2174
0.800599 0.00200397 4.46925
0.712821 -0.0454287 4.39296
0.0449455 0.0842374 4.70046
0.0471474 0.0928912 5.05157
-0.584306 0.455452 7.51221
-0.377789 0.0185181 6.69232
-0.489597 -0.0561156 7.12424
-0.863629 -0.234051 6.28407
-0.957263 0.0557701 10.1265
-0.860912 -0.059767 8.56093
-0.635778 0.199336 7.57656
-1.44233 0.359069 12.7696
0.0257022 0.22501 4.66064
0.175266 -0.15094 4.63087
0.164549 -0.150881 4.75864
0.166798 -0.179413 4.65878
-0.0450531 0.284052 5.52149
-0.00317571 0.214027 5.44003
-0.345941 -0.182115 6.6896
-0.995017 -0.0379918 5.39569
-0.9814 -0.160909 5.31992
0.631617 -0.155842 4.47575
-0.338267 0.281192 3.83142
-1.3771 -0.435809 12.0881
-1.13198 0.186837 4.67497
-0.984853 0.373793 5.54052
-1.06026 0.251369 5.9303
-0.862141 0.319256 4.63546
-0.886083 0.215744 4.81859
0.444726 0.122549 4.45881
0.355776 0.145026 4.45149
-0.926781 0.322056 4.61065
0.980185 0.0261153 4.47774
0.925921 -0.0507915 4.50629
-1.17243 0.448299 7.95188
0.514109 -0.0306072 4.44016
0.516496 -0.0144505 4.48663
0.207895 0.153312 4.50665
-0.887299 0.0711906 4.82058
0.677306 0.0745169 4.40147
0.651693 0.0684132 4.50549
0.677018 -0.0183044 4.49167
0.933385 -0.0946598 4.45943
0.185654 0.269318 4.5758
0.120922 0.179564 4.94601
-1.0872 -0.0171227 4.39961
0.579288 0.116824 4.46148
0.481547 0.139706 4.47384
-0.999738 -0.0136688 4.37211
0.125059 -0.149846 4.80934
-0.0543573 -0.0875204 5.39843
-0.302134 -0.390241 6.02121
-0.965771 -0.081704 6.20782
-0.810725 -0.264804 5.43055
-0.392464 0.182231 6.9578
-0.282277 -0.121443 6.63046
0.659225 0.0949078 4.50445
-0.0340196 0.0841287 5.21853
-0.0709687 0.043136 5.57507
0.109505 0.0395865 5.00105
-1.98341 0.210341 13.4274
0.712026 -0.0486116 4.40217
0.0643083 -0.133358 5.03979
0.038299 -0.132731 5.13098
-0.349248 -0.191105 6.77127
-0.508123 -0.161745 7.27285
-0.311854 -0.294401 6.63592
-0.871388 0.310669 4.60213
-0.924331 0.317268 4.60397
-0.878824 0.282452 4.61351
-0.569088 0.436551 7.30964
-0.0417196 0.206207 5.41116
0.0213792 0.222931 4.63236
0.0345149 0.185921 4.97681
-0.882465 -0.017347 4.39106
0.512506 -0.0378539 4.43803
-0.613823 -0.268871 6.16771
-1.05651 0.396669 5.95405
0.990736 0.0107682 4.51444
0.889202 -0.00203382 4.49704
-1.07113 0.255442 5.95744
-0.988876 0.217027 5.52168
0.818539 0.000677795 4.49703
-1.12459 0.185621 4.66611
-1.17635 0.5382 8.31595
-0.855771 0.276248 4.68425
0.272993 0.233333 4.65427
0.946089 -0.106276 4.45177
0.941625 -0.117983 4.49683
0.959539 -0.158682 4.47597
-1.11099 -0.0288847 4.36724
0.572998 0.0799841 4.44798
0.112935 0.177367 4.88554
0.212018 0.104381 4.5923
0.232875 -0.0129876 4.45052
-1.1801 -0.0333959 7.32817
0.101329 -0.139345 5.06767
0.176963 -0.154358 4.68546
0.347244 -0.00659186 4.45989
0.176849 0.0107556 4.69409
0.111807 0.0166648 4.88354
-0.3912 -0.097607 6.82769
0.0597198 -0.189589 5.12407
-0.437866 0.340062 4.91814
-0.8126 -0.319477 6.17673
-0.890328 0.0317287 4.34528
-0.913019 -0.0502701 4.35592
-0.0315975 0.0881363 5.55132
-0.0613383 0.0565241 5.72515
0.467941 0.137667 4.44028
-0.465454 0.412949 7.12693
0.0562334 0.279967 4.6873
-0.0763651 0.32533 5.62553
-1.21311 0.0926771 4.62518
-1.21968 0.219282 4.62674
-0.9814 -0.160909 5.31992
-0.350979 0.284451 3.9147
0.0253978 0.2822 4.44681
0.0847574 0.182996 4.91682
0.0277062 0.204763 5.30918
0.0247916 0.280037 4.45032
-0.0467404 0.283512 4.36643
-0.117746 0.277396 4.05759
-0.887568 0.218665 4.82421
0.24454 -0.104292 4.44543
0.84991 0.00180483 4.43792
-1.3771 -0.435809 12.0881
-0.618674 -0.272431 6.20547
0.223348 0.279178 4.52857
-1.00421 0.00901059 4.35578
-1.11046 -0.026632 4.42388
-0.875753 0.072483 4.79235
0.811333 0.000480408 4.48394
0.74079 -0.0243326 4.46684
0.402639 0.127595 4.53685
0.116493 -0.146196 4.80518
-1.18801 0.146301 4.73696
-1.06396 0.0859928 4.64771
0.577628 0.0494083 4.46671
0.464029 -0.008456 4.46293
0.951481 -0.0550301 4.5454
0.965427 -0.158763 4.48338
-1.1344 0.519223 8.11532
-0.951324 0.0230623 4.30971
-0.906723 -0.0517345 4.34512
0.255328 0.193828 4.50756
0.163468 0.0222632 4.60168
-0.55157 0.411253 7.10249
-0.994493 0.498478 8.63233
0.662169 -0.0163136 4.46536
0.576394 0.0165109 4.45504
0.169456 0.258993 4.48918
0.180875 0.162286 4.67047
-0.274137 0.161513 6.58622
-0.404891 0.194626 7.18812
0.428173 0.0578323 4.46678
0.452786 0.0229849 4.51084
0.343707 -0.00535785 4.44393
-1.18086 -0.0355581 7.32878
0.588388 0.116857 4.47765
-0.92816 -0.0631742 6.39483
-0.933563 -0.0923125 6.14677
0.0313453 -0.131778 5.19685
-0.0512226 -0.0928502 5.45268
0.213645 0.118439 4.61889
0.287896 0.00257657 4.45274
0.20237 0.00929628 4.55722
0.674421 0.125604 4.45853
-0.561761 -0.305306 7.87686
-0.284742 -0.349591 6.5666
-0.316278 -0.306383 6.72093
-0.186493 0.363424 6.32837
-0.273528 0.268885 6.50591
-0.00588 0.0396157 4.96687
-0.0625478 0.064628 5.57837
-1.21093 0.0934874 4.63396
-0.890554 -0.0182015 4.4021
-0.359526 0.289346 3.93515
0.73715 -0.0471848 4.44288
0.697271 -0.0192939 4.38847
-1.14059 0.182094 4.69704
0.558691 -0.00822213 4.46081
0.455239 -0.00706655 4.44404
0.200458 0.260554 4.35747
-1.11888 0.262674 6.10156
0.354443 0.14086 4.43193
-1.00803 0.374464 5.62037
-1.11971 0.519092 8.12018
0.232875 -0.0129876 4.45052
0.210842 -0.00167235 4.50584
0.251185 -0.102532 4.45742
-1.00694 0.0543221 6.40385
-0.281059 0.163977 6.51569
-0.161756 0.0586239 5.39904
0.206084 0.112398 4.56615
0.268941 0.00189395 4.31668
0.177299 0.0261156 4.67523
0.110856 0.0167855 4.91232
0.453463 0.132887 4.41595
0.245571 0.187296 4.46016
0.63799 0.123869 4.38422
0.5395 0.111916 4.35414
0.635725 -0.0101573 4.41336
0.0313453 -0.131778 5.19685
-0.422054 0.335454 4.85812
-0.126474 -0.0459342 5.67
-0.215105 -0.27854 6.37571
-0.689027 -0.374901 9.06575
0.0762419 0.0953925 5.22803
0.000338718 0.0466837 5.40466
0.163108 0.244259 4.47949
0.0606327 0.28019 4.63001
0.186834 0.161956 4.69414
0.1153 0.179323 4.95856
0.0186785 0.224756 4.63863
0.0419258 0.199054 5.22162
-0.0465754 0.275441 5.4153
-0.99562 -0.158524 5.35145
-0.23986 0.307376 4.49365
0.350377 -0.00342864 4.46332
0.00878862 0.262761 4.3358
1.13583 -0.190857 4.75016
