0.442638 -0.0977743 4.43246
-1.39086 -0.455709 12.2174
-1.37349 0.488616 8.36046
-0.267082 -0.120018 6.50129
0.630335 0.0700901 4.45491
-0.32079 -0.26554 6.60945
-0.623531 0.214989 7.59988
-0.0517057 -0.182385 5.44909
-0.6483 0.0382592 7.68446
-0.384725 -0.10235 6.84342
-0.958564 -0.373462 10.2736
-2.00036 0.233563 13.48
-0.0482145 0.300345 4.48939
-0.773289 -0.374222 5.89321
-0.658466 0.207732 7.62417
-0.66332 0.127261 7.66241
0.0640362 -0.126929 5.06559
0.528346 -0.103803 4.42191
0.565441 -0.148848 4.45007
-0.308466 -0.388358 6.57995
-0.444921 0.287637 3.78194
-1.23217 0.222411 4.63981
-1.1368 0.192698 4.68179
0.549272 -0.014339 4.45487
0.110253 0.174709 4.81174
-0.256339 0.154962 6.63306
-0.22146 0.0892353 6.40988
-0.369294 0.17272 6.80655
-0.498016 0.279708 7.14906
-0.886492 0.240987 4.56731
0.322661 -0.098549 4.44141
0.200615 -0.125039 4.46005
-1.01161 -0.00135724 4.39275
-0.241596 0.270208 6.49557
-1.0293 0.000691948 4.37263
0.963959 -0.0994518 4.50682
0.937097 -0.120763 4.49388
-0.223025 -0.269223 6.33322
-0.319733 -0.270118 6.65015
0.021275 0.0365635 5.20315
0.187684 0.223151 4.50486
-0.44483 -0.294358 6.91019
-0.934401 0.288322 4.66447
-0.0722093 0.0381807 5.52986
-0.0888962 -0.0111452 5.47583
-0.0524487 -0.0866182 5.45566
0.165532 -0.129747 4.60549
0.123521 -0.147033 4.78627
-0.639333 0.0409951 7.5836
-0.912363 -0.0911121 6.19077
-0.358541 0.294305 6.82745
-0.799279 -0.313477 6.01278
-0.00245663 0.211956 5.37024
0.219813 0.139793 4.63126
0.0973082 -0.141096 4.9759
-0.843878 -0.140405 6.05141
-0.872129 -0.216344 6.2463
0.69453 0.131 4.48707
0.75069 -0.113255 4.46099
0.463622 -0.109316 4.46545
0.566807 -0.149709 4.45243
0.575978 0.0220876 4.47296
0.377822 0.12971 4.48007
0.186334 0.163282 4.7342
-0.827462 -0.26672 6.35381
-0.337256 -0.481228 6.59283
-0.441908 -0.466394 6.94177
-0.996418 0.217626 5.53544
-0.877588 0.212613 4.79635
-0.882297 -0.152977 4.78254
-0.906613 0.0394255 4.34004
-0.890662 0.0693073 4.81804
-0.954237 0.0430427 4.35402
-1.22356 0.0916982 4.63523
0.184657 -0.116099 4.38727
0.16897 -0.144992 4.58748
-0.518212 0.285476 7.32388
-1.07489 -0.0252749 4.38994
-1.05227 -0.0554439 4.40291
-0.862872 0.323316 4.64403
-0.255122 0.152179 6.44583
-0.16504 0.049121 5.57315
-0.298636 0.00150671 6.6595
0.74558 -0.0396807 4.45093
-0.248211 0.272195 6.51029
0.515893 -0.0302275 4.44038
-0.518758 -0.245159 7.24966
-0.438798 -0.295576 6.84461
-0.0237307 0.08495 5.33353
-0.897139 -0.0595147 6.2931
-0.779772 -0.379499 5.93108
-0.911145 -0.387417 6.14179
-0.460652 0.435611 7.11879
-0.370068 0.298076 6.9448
-0.147214 0.157039 6.36317
-0.0537169 0.0926209 5.48092
0.216764 0.166998 4.41465
-0.0305226 0.294009 5.3901
0.0888915 -0.131834 4.98782
-0.86658 -0.244295 6.31214
0.168188 -0.184443 4.66904
0.0143712 -0.122856 5.18989
-0.0286296 -0.135977 5.38336
0.0437656 -0.131469 5.09557
-0.681386 0.362649 7.77349
-2.21918 0.272312 16.3165
0.56928 0.136315 4.47856
0.47852 0.140352 4.45337
0.598569 0.122823 4.51467
0.956371 -0.0977161 4.49643
0.975157 0.0123389 4.4978
0.982863 -0.0654923 4.51771
0.641958 -0.157765 4.49438
0.465872 -0.0123885 4.45722
0.677489 -0.0192753 4.48466
0.348421 0.145694 4.42677
0.125327 0.18081 4.97842
0.213174 0.00121689 4.59939
0.160392 0.0129151 4.59324
-0.957809 0.367208 5.45103
-1.40844 0.498298 8.53833
-1.09179 0.329433 6.26523
-0.577519 -0.248506 5.94231
-0.834438 -0.285074 6.511
-0.400599 -0.379603 6.90558
-1.95455 0.216946 13.2196
-1.40487 -0.459152 12.3489
-0.997707 0.220675 5.53593
-0.920429 0.282817 4.61348
-0.919576 0.261099 4.61324
-0.875796 0.211899 4.79071
-0.888272 0.25017 4.63222
-0.912068 -0.160905 4.85627
-1.06383 0.188199 4.66015
-1.06481 0.0844546 4.66619
-0.882783 0.0692697 4.79963
-1.11009 -0.0279665 4.36407
-1.14297 -0.0389729 4.36108
-0.897695 0.0402567 4.32438
-1.22692 0.220763 4.63245
0.0332162 0.230617 4.71332
-0.00243351 0.259299 5.08257
-0.00731696 0.205991 5.32472
-1.13971 -0.0387038 4.3549
0.689027 0.173491 4.26375
-0.295686 0.000447924 6.60493
-0.274783 -0.121198 6.58242
0.184847 0.268315 4.5648
0.0881486 0.0206949 4.83935
-0.0709687 0.043136 5.57507
-0.137177 0.0191176 5.6652
-0.13564 -0.0384358 5.60063
-0.913824 -0.0895414 6.18192
-0.866227 -0.240928 6.31471
-0.77129 -0.332052 6.28475
-0.0732079 0.332064 5.56198
-0.548121 -0.265393 7.59635
-0.79756 0.453539 6.97457
-0.0400636 0.0890829 5.45936
-0.0422647 0.213519 5.44285
0.218294 0.169615 4.43447
-0.196672 0.3411 5.35167
-0.377789 0.0185181 6.69232
-0.38587 -0.0989106 6.8072
-0.46296 0.43332 7.13168
-0.58251 0.465107 7.49205
-0.0177565 -0.111023 5.41004
0.0205961 -0.126615 5.27491
0.170818 -0.157645 4.71539
-0.671776 0.123074 7.70475
0.748982 0.115448 4.53616
0.478693 0.140178 4.45792
0.712026 -0.0486116 4.40217
0.796834 0.0722244 4.48589
0.705061 0.0758853 4.46094
0.757451 -0.0421577 4.47476
0.725475 -0.0209283 4.45261
0.890871 -0.00478753 4.49696
0.417059 -0.107147 4.47417
0.574852 -0.175321 4.47702
0.450807 0.116114 4.48132
0.469082 -0.0113215 4.47017
0.651693 0.0684132 4.50549
0.673033 -0.0191364 4.47544
0.240708 0.196086 4.49323
0.355776 0.145026 4.45149
0.219021 0.279122 4.50384
0.325729 0.272247 4.37325
0.236251 -0.0152211 4.4301
0.19711 0.00432541 4.50081
-0.0532939 -0.090656 5.44044
0.0969738 -0.142286 4.87545
-0.452871 0.343569 4.94221
-0.267104 0.27783 3.94582
-0.982963 0.370622 5.52624
-0.337992 0.28092 3.83286
-1.3771 -0.435809 12.0881
-0.832694 -0.248486 6.27259
-0.294655 -0.277595 6.62323
-1.98341 0.210341 13.4274
-0.373881 0.173747 6.76903
-0.97913 -0.163827 5.30999
-0.961168 -0.0780062 6.19711
-0.797386 -0.312935 6.0018
-1.08534 0.25438 6.02712
-0.912881 0.296822 4.61358
-1.22945 0.219643 4.6357
-1.06137 0.0852907 4.65988
-1.12976 0.189319 4.66885
-1.23436 0.208575 4.67537
-1.21311 0.0926771 4.62518
-0.300076 0.283151 3.95119
-0.275504 -0.00096736 6.41177
-0.282277 -0.121443 6.63046
0.800599 0.00200397 4.46925
0.169845 -0.13218 4.64027
0.175266 -0.15094 4.63087
0.232696 0.161309 4.64104
-0.0315975 0.0881363 5.55132
0.185654 0.269318 4.5758
-0.133801 -0.0416109 5.64663
0.0471474 0.0928912 5.05157
-0.0340196 0.0841287 5.21853
0.120922 0.179564 4.94601
-0.126076 0.314922 4.96935
-0.477579 -0.163697 6.9934
-0.952893 0.042199 4.35186
-0.541201 0.300951 5.4759
0.0257022 0.22501 4.66064
0.0130778 0.274226 5.30962
-0.0450531 0.284052 5.52149
0.0420395 -0.132725 5.11478
0.164549 -0.150881 4.75864
0.125059 -0.149846 4.80934
0.126234 -0.16572 4.71974
-0.635778 0.199336 7.57656
-1.44233 0.359069 12.7696
-0.951964 -0.0912187 6.30315
-0.863629 -0.234051 6.28407
-1.07324 0.186274 4.67173
0.0224903 0.280235 4.4159
0.925921 -0.0507915 4.50629
0.376013 0.125731 4.46069
0.712821 -0.0454287 4.39296
0.481547 0.139706 4.47384
-0.984853 0.373793 5.54052
-1.13288 0.189177 4.6742
0.325725 0.273185 4.37238
0.631617 -0.155842 4.47575
-0.995017 -0.0379918 5.39569
-0.9814 -0.160909 5.31992
-0.241475 0.302689 4.43158
-0.240776 0.285678 4.00344
0.692564 0.126962 4.48708
0.579708 0.119137 4.46815
-0.889045 0.0316887 4.35113
-0.923429 0.292804 4.64165
-0.907699 0.244671 4.60941
-0.0935122 0.30276 4.59294
-1.3771 -0.435809 12.0881
-0.613823 -0.268871 6.16771
-1.06026 0.251369 5.9303
0.240452 -0.104572 4.43639
0.514109 -0.0306072 4.44016
0.339566 -0.00620933 4.43275
0.657958 0.0878805 4.49843
0.558033 -0.0135091 4.4742
-0.862141 0.319256 4.63546
-0.888722 0.216835 4.82565
-0.855771 0.276248 4.68425
-1.0872 -0.0171227 4.39961
0.391492 0.257081 4.17525
-1.17742 0.240709 7.20859
0.76768 0.0717753 4.43441
0.677306 0.0745169 4.40147
-0.0543573 -0.0875204 5.39843
0.0449455 0.0842374 4.70046
0.159979 0.287176 4.66216
-0.293867 -0.273473 6.56443
-0.302134 -0.390241 6.02121
-0.260722 0.15372 6.43346
-0.3912 -0.097607 6.82769
0.10761 -0.150561 4.96563
-0.965771 -0.081704 6.20782
-1.01297 -0.367736 6.16118
-0.190747 0.360527 6.2426
-0.586749 0.465884 7.55258
-0.0762142 0.334681 5.60319
0.0181029 0.035149 5.29776
0.941625 -0.117983 4.49683
-1.10511 0.329816 9.73248
-0.0613383 0.0565241 5.72515
-0.131665 0.0206728 5.41479
-0.0417196 0.206207 5.41116
0.0345149 0.185921 4.97681
0.0277062 0.204763 5.30918
0.0847574 0.182996 4.91682
-1.17635 0.5382 8.31595
-0.569088 0.436551 7.30964
-0.357227 0.277217 6.56522
-0.152959 0.319548 4.93793
-0.162814 0.359514 5.59837
0.512506 -0.0378539 4.43803
-0.924331 0.317268 4.60397
-0.9814 -0.160909 5.31992
-0.890554 -0.0182015 4.4021
-1.05651 0.396669 5.95405
-1.18801 0.146301 4.73696
-0.878824 0.282452 4.61351
0.402639 0.127595 4.53685
0.951481 -0.0550301 4.5454
0.889202 -0.00203382 4.49704
0.24454 -0.104292 4.44543
0.176963 -0.154358 4.68546
-1.17243 0.448299 7.95188
0.579288 0.116824 4.46148
0.0253978 0.2822 4.44681
-1.3771 -0.435809 12.0881
-1.07113 0.255442 5.95744
-1.1801 -0.0333959 7.32817
-1.11099 -0.0288847 4.36724
0.455239 -0.00706655 4.44404
0.212018 0.104381 4.5923
0.347244 -0.00659186 4.45989
0.0643083 -0.133358 5.03979
0.176849 0.0107556 4.69409
-0.392464 0.182231 6.9578
0.0562334 0.279967 4.6873
-0.808807 -0.318515 6.1433
0.207895 0.153312 4.50665
0.67972 0.124953 4.4601
-0.561761 -0.305306 7.87686
-0.311854 -0.294401 6.63592
0.677018 -0.0183044 4.49167
-0.0602353 0.131332 5.5181
-0.361657 0.291685 3.95287
-0.0625478 0.064628 5.57837
-0.465454 0.412949 7.12693
-0.386777 0.276371 6.86885
-0.560329 0.310324 7.30339
0.0419258 0.199054 5.22162
0.356446 0.141783 4.45009
-0.882465 -0.017347 4.39106
-0.99562 -0.158524 5.35145
0.0247916 0.280037 4.45032
0.811333 0.000480408 4.48394
0.73715 -0.0471848 4.44288
0.232875 -0.0129876 4.45052
0.467941 0.137667 4.44028
-1.00803 0.374464 5.62037
-1.16909 0.383195 6.2805
-0.988876 0.217027 5.52168
-0.23986 0.307376 4.49365
0.662169 -0.0163136 4.46536
-0.618674 -0.272431 6.20547
-0.9169 -0.067082 4.87809
0.223348 0.279178 4.52857
-1.13198 0.186837 4.67497
-1.21093 0.0934874 4.63396
0.113117 -0.144888 4.9442
0.0257423 -0.128748 5.30245
0.464029 -0.008456 4.46293
-0.274137 0.161513 6.58622
-0.408949 0.00577429 7.0556
0.343707 -0.00535785 4.44393
0.268941 0.00189395 4.31668
-0.92816 -0.0631742 6.39483
-0.933563 -0.0923125 6.14677
0.563363 -0.0124947 4.48008
-1.18086 -0.0355581 7.32878
0.213645 0.118439 4.61889
0.20237 0.00929628 4.55722
0.163468 0.0222632 4.60168
-0.890328 0.0317287 4.34528
-0.951324 0.0230623 4.30971
0.180875 0.162286 4.67047
0.112935 0.177367 4.88554
-0.437866 0.340062 4.91814
-0.994493 0.498478 8.63233
-1.1344 0.519223 8.11532
0.245571 0.187296 4.46016
0.183284 0.196259 4.47196
0.216885 0.154177 4.57711
-0.603942 -0.334212 8.29409
-0.389293 -0.287554 6.66417
-0.273528 0.268885 6.50591
0.0381724 0.309314 4.96142
-0.0763651 0.32533 5.62553
-1.06396 0.0859928 4.64771
-0.0470646 0.294544 4.45656
0.177299 0.0261156 4.67523
-0.022611 0.219076 5.6302
-1.11888 0.262674 6.10156
0.84991 0.00180483 4.43792
-0.117746 0.277396 4.05759
-0.811484 -0.275827 6.33799
0.00878862 0.262761 4.3358
0.350377 -0.00342864 4.46332
0.287896 0.00257657 4.45274
0.453463 0.132887 4.41595
-1.12459 0.185621 4.66611
-1.14613 0.14794 4.66447
-1.23619 0.330613 8.01014
-1.01275 0.0128822 6.99648
0.232875 -0.0129876 4.45052
0.210842 -0.00167235 4.50584
0.251185 -0.102532 4.45742
-1.47036 0.535503 8.97892
0.6663 0.11443 4.54147
0.588388 0.116857 4.47765
0.310256 0.0223482 4.49935
0.200458 0.260554 4.35747
0.163108 0.244259 4.47949
-1.0055 0.347452 5.63853
-0.745117 0.0472142 4.60943
0.74079 -0.0243326 4.46684
0.635725 -0.0101573 4.41336
-0.281059 0.163977 6.51569
-0.398733 -0.0205355 6.90538
-0.0708299 0.129685 5.12911
0.0762419 0.0953925 5.22803
0.110856 0.0167855 4.91232
0.1153 0.179323 4.95856
0.674421 0.125604 4.45853
0.206084 0.112398 4.56615
-0.0512226 -0.0928502 5.45268
-0.126474 -0.0459342 5.67
0.0313453 -0.131778 5.19685
0.255328 0.193828 4.50756
0.209468 0.16962 4.40242
-0.316278 -0.306383 6.72093
-0.689027 -0.374901 9.06575
0.576394 0.0165109 4.45504
-0.422054 0.335454 4.85812
-1.11971 0.519092 8.12018
-0.47662 0.382896 6.98914
-0.0465754 0.275441 5.4153
-0.0467404 0.283512 4.36643
-0.911852 0.296517 4.61517
