0.263395 0.121665 0.93201
0.253057 0.0545142 1.47966
0.290576 -0.203838 1.35491
0.274656 0.0690383 0.974912
0.203309 -0.190554 1.47387
0.271601 -0.0531417 1.23664
0.3058 -0.0652572 0.747543
-0.653366 -0.0735103 1.84001
-0.654745 -0.171062 1.25068
-0.631873 -0.0172024 1.13821
-0.63645 0.019452 1.04078
0.245047 -0.0449552 0.733848
0.13923 0.177187 1.10648
0.245082 -0.0837787 0.80611
0.291985 0.0094655 1.28714
0.280097 -0.0239669 1.24984
0.311428 -0.163306 1.26458
0.275838 -0.111158 1.21549
0.245823 0.14972 1.75118
0.265087 0.157648 0.949516
0.315037 0.0208194 0.95621
0.281477 0.0568399 0.837121
0.260481 -0.189807 1.35988
0.297796 0.099702 1.05142
0.253153 -0.057477 1.29266
0.259198 0.120242 0.947864
0.274045 0.143107 1.05443
0.301323 -0.0642113 0.740584
0.287401 -0.0647498 1.01781
0.260471 0.166718 1.48497
0.204163 0.179103 1.50488
0.199123 0.167529 0.964847
0.27031 0.159278 1.29014
-7.65528e-05 0.182979 1.02515
-0.0633709 0.184185 1.40506
0.144881 0.181247 1.35727
0.25055 -0.202086 1.33776
-0.344049 0.220651 1.91744
-0.647439 -0.242319 1.60268
-0.676726 -0.0923589 1.65149
-0.661297 -0.0899912 1.2334
-0.663313 -0.17215 1.29243
-0.660837 -0.179649 1.23858
-0.652749 -0.0284501 1.31041
-0.654001 -0.0479562 1.35371
-0.662757 -0.0756018 1.48779
-0.666192 -0.0822054 1.48376
-0.655688 -0.00144585 1.02016
-0.639607 -0.0794927 1.14855
0.121867 0.185981 1.06513
0.278726 0.0358654 1.46245
0.251927 0.0650223 1.50435
0.239506 -0.0743143 0.75798
0.247567 -0.0844467 0.813044
0.284442 -0.127233 1.07723
0.238834 -0.0125363 0.80795
0.284194 -0.0247888 1.26582
0.279389 0.069027 0.963187
0.278067 0.0627315 0.984298
0.290054 -0.0761941 0.747262
0.286234 -0.0481622 1.09255
0.277918 -0.0499582 1.11131
0.22295 -0.176451 1.49475
0.290325 0.033029 1.1681
0.24082 -0.112149 1.48675
0.253934 -0.138445 1.54018
0.283132 0.0216213 1.10239
0.282374 0.058697 0.883016
0.313494 0.0293915 1.01774
0.271255 -0.0436404 1.26846
0.26729 -0.0515116 1.23046
0.278923 0.0698653 1.12074
0.284724 0.0331862 1.07459
0.262662 -0.0822262 1.27936
0.267748 -0.0214951 1.27268
0.273244 0.105579 0.76218
0.276815 0.0858682 0.764064
0.27127 0.0941599 0.727182
0.271411 0.0819248 0.731754
0.301303 0.0384192 0.999871
0.265054 0.161512 1.03051
0.280838 0.146709 1.07389
0.274261 0.141168 0.867247
0.27257 0.142172 0.91084
0.296797 -0.0660795 1.04257
0.300613 0.00776018 1.04861
0.268243 0.11975 1.47154
0.294272 0.042837 1.3947
-0.000590727 0.180251 1.01431
-0.0661536 0.182503 1.41358
0.0382304 0.187109 1.09886
0.117039 0.19537 1.36424
0.269897 -0.142827 1.3032
0.285059 -0.0320037 1.52566
-0.711381 -0.263142 2.06191
-0.655428 -0.0739476 1.84427
-0.676317 -0.0106981 2.57245
-0.681878 -0.0224995 2.32445
-0.657048 0.040409 1.27915
-0.660021 -0.178466 1.23646
-0.662864 -0.0911765 1.61672
-0.648231 -0.0980126 1.3935
-0.647774 -0.12024 1.03318
-0.64965 -0.178906 1.1606
0.308863 0.0298281 0.897743
0.246648 -0.111337 1.24755
0.27833 0.0647513 0.851774
0.242628 -0.0946457 1.37033
0.243856 -0.114517 1.37809
0.253385 -0.138661 1.53855
0.332167 0.0768432 1.00587
0.253111 -0.0564436 1.29165
0.304731 0.0338798 1.09703
0.2893 0.0329559 1.1621
0.269842 0.0458721 0.741095
0.265194 0.160837 1.06907
0.272105 0.141558 0.908199
0.236968 -0.0734232 0.752305
0.299596 -0.0641993 0.737774
0.281769 -0.0710529 0.741976
0.28895 -0.0651767 1.0213
0.295201 -0.00137689 1.11874
0.307885 0.0211071 0.941351
0.308669 0.0136193 1.00828
0.257614 0.113132 1.42238
0.259013 0.169699 1.74927
0.263043 0.0552976 1.53334
0.157479 0.171197 0.997817
0.200812 0.176422 1.49032
0.015856 0.182988 1.21006
0.219301 -0.151913 1.53072
0.30517 -0.161425 1.24578
0.292876 0.00871084 1.29545
-0.669168 -0.239555 1.863
-0.770384 -0.21145 2.58782
-0.648228 -0.0713937 1.82932
-0.639653 -0.0612325 2.04573
-0.657167 0.0852316 1.21958
-0.623015 0.0318029 1.084
-0.627419 0.116574 1.0698
-0.652866 -0.0894921 1.24996
-0.660066 -0.172444 1.26002
-0.650971 -0.243376 1.60391
-0.655448 -0.0288593 1.31344
-0.641466 -0.0464591 1.32925
-0.642759 -0.0793543 1.15399
-0.628921 0.0195171 1.02849
-0.652603 -0.00223282 1.01471
-0.633125 -0.0341583 1.1389
-0.653998 -0.104057 1.01276
0.302369 0.0290176 0.985239
0.276332 0.0548991 1.06198
0.288806 0.0334929 1.08828
0.246288 0.00282317 1.19176
-0.640008 -0.0158709 1.14899
-0.637208 -0.0794089 1.14679
-0.648767 -0.0977519 1.39376
-0.659428 -0.246301 1.61415
-0.646965 -0.119594 1.03066
-0.660742 -0.104846 1.02019
-0.278506 0.212089 1.78232
0.273524 0.142323 0.909295
-0.631539 0.0199077 1.02983
-0.657487 -0.171102 1.25645
-0.656264 -0.222987 2.02949
-0.696296 -0.260701 2.01773
-0.641466 -0.0464591 1.32925
-0.661358 -0.0754836 1.29381
0.111405 0.18906 1.3257
-0.315682 0.203452 1.7861
-0.673766 -0.0202754 2.29997
-0.642598 -0.0607126 2.0479
0.265792 0.0309097 0.687164
0.132418 0.173707 1.08346
0.193726 0.171832 1.46153
0.272576 -0.029281 1.47273
0.297408 -0.0639733 0.734519
0.279942 -0.0705518 0.737701
0.246043 0.164428 1.05808
0.266721 0.156849 1.27767
-0.736378 -0.200488 2.48434
-0.656425 -0.308848 2.14334
0.268898 0.139898 0.936029
0.266421 0.107133 0.977104
0.299023 -7.56668e-05 0.736464
-0.649218 -0.0892472 1.58468
0.236323 -0.0732171 0.750915
0.269643 0.0662031 0.689884
0.270161 0.0810263 0.729697
0.293018 -0.0654637 1.03076
0.284684 -0.0658997 1.06185
0.274147 -0.118341 1.08071
0.317585 -0.167675 1.28512
0.298962 -0.0572383 0.954183
0.247361 -0.084135 0.81154
0.277664 0.126726 1.27389
0.296783 0.0071439 1.03674
0.291921 -0.00159661 1.10977
0.213228 -0.116659 1.34382
0.213579 -0.178781 1.5245
0.303616 0.0336235 1.09539
0.26935 0.0457317 0.750733
0.279004 0.0635982 0.832187
0.27731 0.0665767 0.915819
0.2879 0.00828088 1.28142
0.273971 -0.0289625 1.47897
-0.647878 -0.119976 1.03044
-0.638614 -0.0142108 1.14909
-0.644645 -0.0729625 1.14725
-0.628921 0.0195171 1.02849
-0.659273 -0.00323354 1.01971
-0.650935 -0.0700526 1.83928
0.271965 0.141036 0.945306
-0.64942 -0.0134853 1.22416
-0.660505 -0.0502518 1.35688
-0.662416 -0.0777726 1.28495
0.124144 0.212204 1.33566
-0.637686 -0.0022855 2.44285
-0.604736 -0.0166678 2.09073
0.136296 0.179636 1.11551
0.196471 0.175756 1.48693
-0.648314 -0.219406 1.99838
-0.686367 -0.257144 1.98542
-0.656958 -0.234836 1.83064
0.267281 0.108908 0.792029
0.268947 0.149279 1.10848
0.287158 -0.062236 0.71885
0.264606 0.0312527 0.687002
-0.758834 -0.210598 2.53743
0.29759 7.09183e-05 0.734754
0.28114 -0.0885375 1.02554
0.206817 -0.173877 1.49938
0.266087 0.160794 1.51489
0.258279 0.0650975 1.51892
-0.651335 -0.089325 1.58752
0.312619 0.0193488 0.953238
0.269838 0.0453778 0.750899
0.310196 0.029504 0.901401
0.292745 0.00745407 1.02723
0.29095 -0.0018874 1.10521
0.30127 -0.0502296 1.04658
0.300446 0.0777764 1.03916
0.285171 0.0713287 1.13412
0.305739 0.0343968 1.10073
0.291375 0.0337691 1.09377
0.278762 0.057777 0.874146
0.294421 0.00967492 1.30917
0.252976 0.00341855 1.22432
0.27365 -0.0530997 1.25266
-0.658216 -0.0995465 1.41327
-0.61712 -0.0757576 2.05254
-0.640554 -0.0957294 1.38041
-0.643289 -0.075348 1.25403
0.291395 -0.0658934 1.02758
0.288448 -0.0641195 1.13546
0.280356 -0.0874578 1.02354
-0.320099 0.207838 1.83056
0.268008 0.0799566 0.728582
0.185077 0.175837 1.2702
0.18303 0.166994 1.42075
0.246647 -0.129791 1.5516
0.251471 -0.0395704 0.742405
0.269456 0.0452901 0.749851
0.269304 0.0760784 1.22473
0.255501 0.108699 1.40177
0.313296 0.0207869 0.954239
0.313792 0.0147365 1.0221
0.313729 -0.0170381 0.941019
0.311093 0.0345846 1.11699
0.297253 0.0351991 1.11796
-0.648163 -0.0658619 1.45622
0.307818 0.0693351 0.889224
0.257131 0.0654616 1.52199
0.260821 -0.0708306 1.21089
0.259123 -0.0975691 1.29278
0.292441 0.00696484 1.02579
0.28719 -0.00163645 1.09607
0.3133 0.0310314 1.01354
0.227038 -0.00218954 1.20584
0.265174 -0.0526586 1.22192
-0.667672 -0.00670054 1.02781
-0.637542 -0.0720965 1.13746
-0.650631 -0.120612 1.03441
-0.641593 -0.0687239 1.81993
0.26463 0.16192 1.32274
0.319716 -0.0321937 0.814952
0.141601 0.177989 1.32578
0.248686 0.154183 1.44794
0.177433 0.164037 1.40544
0.232931 0.0855743 1.41613
0.257131 0.0654616 1.52199
0.302134 0.0145773 0.991715
0.2778 0.0656451 0.990052
0.266853 0.0394363 1.10671
0.252289 0.102769 1.37695
0.273909 0.0692801 1.41626
0.267413 0.0449353 0.744089
0.285187 -0.00218148 1.08817
0.301149 0.0237521 1.18524
0.261126 0.031863 0.768593
0.254885 -0.114686 1.28351
0.277058 0.0251853 0.927292
0.250733 0.00416345 1.21923
0.213555 -0.00189104 1.14823
0.280882 -0.0164557 1.32136
0.299719 -0.0295577 1.58233
0.065862 0.0742384 1.06295
-0.641605 -0.0340023 1.15206
-0.64707 -0.0725786 1.15186
-0.682571 -0.23613 2.07261
-0.332133 0.219628 1.94739
0.225257 -0.116981 1.42979
-0.0897853 0.226031 1.72381
0.287025 -0.0655841 1.0166
0.235996 0.0974232 0.884924
0.271464 0.118625 1.02192
0.275537 0.0610557 0.801942
