0.11586 -0.137823 4.70506
-0.475599 -0.0473212 7.12761
-0.964459 -0.37666 10.3309
-0.0521434 -0.0872106 5.46736
-0.330736 0.277245 3.81829
-0.658446 0.208114 7.6245
-0.664383 0.127754 7.67511
-0.941156 -0.0986682 6.0964
-0.321761 -0.267362 6.63272
-0.0462479 0.345926 5.58888
-0.0507225 -0.1861 5.48594
-0.770516 -0.37198 5.87839
0.141551 -0.190332 5.34002
0.782665 0.0730391 4.45677
0.532605 -0.104953 4.43
0.633274 0.0700112 4.4597
-1.37882 0.490318 8.38509
-0.998036 0.218346 5.54059
-0.821713 0.334919 4.29603
-0.884603 -0.153963 4.78816
0.442834 0.0779826 4.47288
-0.826675 -0.26621 6.34842
0.162241 0.290902 4.74584
-0.474819 -0.0473129 7.03685
-0.899403 -0.343004 9.75605
-1.38129 -0.449327 12.1512
-0.256167 0.154739 6.62912
-0.369564 0.172974 6.81297
0.0223585 0.0365606 5.21522
-0.240495 0.279917 3.98406
0.123656 -0.147244 4.78652
0.568813 0.0226606 4.45451
-0.935718 0.0315131 4.35136
-0.956056 0.0234625 4.33828
-0.498314 0.280082 7.15482
0.20932 0.0492903 4.58323
-1.06625 0.188443 4.66463
-0.308724 -0.389529 6.59135
-0.337968 -0.483566 6.6135
-0.240983 0.269105 6.46984
-0.35895 0.294476 6.83613
-1.02844 0.000595436 4.37063
-0.0731112 0.0381391 5.46444
-0.298721 0.00134375 6.66941
-0.2671 -0.120318 6.5074
-0.385097 -0.102461 6.85214
-0.823516 -0.371838 5.97302
-0.909616 -0.0692092 5.98327
-0.955524 0.413415 8.83379
-0.155701 0.276343 3.87631
-0.680913 0.362776 7.76917
-2.00869 0.234408 13.5308
0.170687 -0.186712 4.68341
0.107792 0.0552925 4.93927
0.0131178 -0.121549 5.16731
-0.767098 -0.331809 6.2956
-0.802375 -0.315551 6.02932
-0.715348 -0.389381 5.98988
-0.780856 -0.380386 5.93787
0.170759 0.156815 4.63852
0.0973059 -0.141095 4.97349
0.680473 0.131311 4.45441
0.826921 0.109507 4.50492
0.468171 0.13954 4.42104
0.759188 -0.114969 4.47567
0.790997 -0.114272 4.46864
0.665729 -0.0181613 4.45654
0.638061 -0.11184 4.47571
0.638871 -0.166796 4.50998
0.571958 -0.150997 4.46285
0.459461 -0.011282 4.43496
0.214412 0.166213 4.40487
0.375196 0.129706 4.46845
0.0760704 0.266608 4.08162
0.362962 -0.103935 4.45694
0.252546 -0.0938217 4.40027
0.231012 -0.0147641 4.40517
-0.96241 0.369189 5.46455
-1.00141 0.221309 5.54791
-1.07767 0.253255 6.00013
-0.854636 0.320294 4.62466
-0.93127 0.327204 4.62021
-0.875543 0.212298 4.79102
-0.918992 0.260813 4.61124
-0.907008 0.0392991 4.34032
-0.893429 0.069215 4.82447
-1.11102 -0.0279335 4.36483
-1.1539 -0.0159048 4.35671
-0.93416 0.282328 4.61054
-1.22788 0.22062 4.63349
0.742401 -0.0391842 4.44312
0.732536 -0.0216411 4.46483
-0.400531 -0.379715 6.90617
0.456817 0.0771892 4.51342
-0.640457 0.0409741 7.59831
-0.483911 -0.167862 7.0696
0.159046 0.0133366 4.58082
0.205951 0.00263406 4.55374
-0.02321 0.0850476 5.34351
0.165323 -0.167536 5.04319
0.0971674 -0.142412 4.87516
0.546181 -0.0137247 4.44559
0.516478 -0.0305429 4.44044
-0.933062 0.287932 4.66118
0.142298 -0.171382 4.67121
-0.285141 0.28382 6.65708
-0.213766 0.275415 3.93409
0.18876 0.223682 4.50932
-0.255064 0.152103 6.44721
-0.221387 0.0898111 6.44103
-0.955728 -0.076992 6.17586
-0.164621 0.0490004 5.62673
-0.0881285 -0.0116661 5.51736
-0.886674 0.249923 4.62731
-0.463856 0.4392 7.17542
-0.51694 0.285116 7.30507
-0.670924 0.12411 7.69359
-0.295387 0.000712991 6.58922
-0.917516 -0.0922245 6.21703
-0.294553 -0.277957 6.62679
-0.438602 -0.295363 6.88333
-2.23526 0.275063 16.4523
-1.95572 0.217395 13.2259
-0.00274968 0.211711 5.36085
0.170564 -0.146148 4.59661
0.221356 0.140053 4.63796
-0.027702 -0.13811 5.41202
0.0202939 -0.02367 4.41667
0.0450486 -0.132986 5.11401
0.689822 0.130531 4.47508
0.915903 0.107489 4.48863
0.478538 0.140217 4.45168
0.580899 0.120931 4.47036
0.789667 0.0723179 4.47108
0.887619 -0.00442676 4.48992
0.812023 -0.000337045 4.48813
0.412932 -0.105751 4.45784
0.458147 -0.107471 4.44721
0.504462 -0.0427433 4.42288
0.565701 -0.149261 4.44794
0.577101 -0.175784 4.48092
0.498439 -0.0107955 4.43656
0.443787 0.0243048 4.45206
0.250501 0.194543 4.43871
0.234873 0.194691 4.47239
0.351881 0.146275 4.43789
0.316159 0.268676 4.33052
0.0648487 0.292948 4.85544
0.111413 0.174935 4.82092
0.0231472 0.279456 4.41369
0.182027 -0.114183 4.36832
0.322499 -0.0984157 4.43887
0.250836 -0.0930254 4.3957
0.239249 -0.0159454 4.44341
-0.222904 -0.269456 6.33538
-0.0763099 -0.204114 5.40255
-0.27409 0.285807 3.98418
-1.40994 0.499543 8.54393
-1.09403 0.329695 6.27303
-0.332179 0.277008 3.82038
-0.342454 0.293718 3.97391
-1.37852 -0.451184 12.1061
-0.867191 -0.244579 6.31553
-0.579176 -0.249289 5.95587
-1.03884 -0.042174 5.52497
-0.981351 -0.16589 5.3177
-0.955656 -0.188856 5.08357
-0.926963 0.322136 4.61055
-0.879436 0.212896 4.79998
-0.884929 0.069469 4.80503
-1.07533 -0.025796 4.38998
-0.949936 0.043037 4.34536
-1.22532 0.0917484 4.63782
0.0263619 0.284944 4.45045
-1.06437 -0.0567892 4.42146
-0.37814 0.305373 4.01688
0.578993 0.0158305 4.48195
0.554865 -0.0130605 4.46363
-0.931107 0.00233423 4.39436
-0.482402 -0.0542188 7.13618
0.0136933 0.0599197 5.19933
0.174664 0.0250689 4.63963
0.198435 0.00413313 4.5069
-1.1465 -0.0391747 4.36551
-0.297875 0.304642 7.15031
-0.358357 0.271198 6.53009
-0.776588 -0.335036 6.31641
-1.1165 0.325846 9.77493
-0.649366 0.212407 7.5252
-0.921581 0.28298 4.61631
-0.344438 -0.181701 6.67463
-0.293919 -0.273861 6.57047
-0.440029 -0.297208 6.86263
-0.0712628 0.0429063 5.55873
-0.137698 0.0192425 5.63516
-0.100225 -0.0297393 5.64675
-0.135777 -0.038222 5.5984
-0.579523 0.462496 7.4563
0.0251422 -0.0266756 4.46508
0.042432 -0.132989 5.11865
-0.0176315 -0.110603 5.39609
-0.37724 0.0190242 6.67634
-0.274915 -0.121294 6.58797
-0.384237 -0.0972051 6.76022
-0.913859 -0.089551 6.18199
-0.958843 -0.0808292 6.18175
-0.887497 -0.195978 6.28288
0.188436 0.194178 4.54376
0.189504 0.16342 4.754
-0.125973 0.314914 4.96814
-0.79988 0.454704 6.99122
0.0931844 0.0198488 4.89281
0.0288908 0.0151247 4.46392
0.194001 -0.18328 4.90154
0.170061 -0.18611 4.68134
-0.00223275 0.259384 5.08255
-0.00515611 0.20884 5.36878
0.109945 0.0564074 4.98526
0.683265 0.12643 4.46477
0.79501 0.105648 4.45876
0.414276 0.238428 4.48061
0.404521 0.122181 4.34211
0.390836 0.25674 4.1716
0.822881 -0.118609 4.48972
0.747942 -0.0406436 4.45432
0.673821 -0.01883 4.47478
0.775314 0.0719564 4.44687
0.572936 -0.152946 4.46467
0.452258 0.115963 4.48408
0.462353 -0.0118655 4.44445
0.446545 0.0321736 4.49027
0.226937 0.159364 4.60523
0.121632 0.179362 4.93691
-0.101614 0.28455 4.09493
0.350299 -0.102068 4.42145
0.207268 0.104997 4.56172
0.299306 -0.0029765 4.4294
-0.450117 0.34157 4.92487
-0.236682 0.29397 4.37428
-0.979087 0.370342 5.51242
-1.37015 -0.433591 12.0218
-0.834399 -0.24907 6.28393
-0.519997 -0.245626 7.26139
-0.30709 -0.402444 6.11458
-0.373823 0.173746 6.7685
-0.9857 -0.165431 5.32937
-1.01346 -0.36806 6.16304
-0.999999 0.101448 5.41875
-0.887975 0.216702 4.82348
-1.22914 0.219777 4.63452
-0.900315 -0.0485111 4.32519
-1.06335 0.0846201 4.66253
-0.801586 0.071839 4.62493
-1.08696 -0.0170282 4.39846
-1.16079 -0.0240474 4.49573
-1.16305 0.140045 4.69245
-1.232 0.208284 4.67068
-1.13805 -0.0391289 4.35163
0.237891 0.195579 4.47798
0.21779 0.169416 4.42987
-0.0561668 0.127709 5.63046
-0.0314615 0.0881822 5.55156
-0.955026 0.0424264 4.35523
0.207713 0.0341618 4.59558
-0.293988 -0.0442862 6.78874
-0.635767 0.199418 7.5772
-0.282033 -0.121256 6.62227
-0.326476 -0.387952 6.65839
-0.318006 -0.421247 6.61217
-0.866233 -0.240966 6.3147
-0.585155 0.464114 7.52868
0.126181 -0.150681 4.81867
0.16471 -0.150837 4.75725
0.17517 -0.150761 4.628
-0.548763 0.307953 5.52329
-1.99334 0.212501 13.4896
0.0375701 0.23433 4.76638
0.0479566 0.0845255 4.73386
-0.952155 -0.0912576 6.30399
-0.821768 -0.11734 5.61931
0.0200754 -0.126032 5.26126
-0.0214278 0.273419 5.34271
-0.0421684 0.213538 5.43984
0.479312 0.140131 4.45844
0.577018 0.118835 4.45925
0.722749 -0.049739 4.42087
0.628003 -0.154627 4.46575
0.701089 0.0760226 4.45082
0.668402 -0.0184488 4.4633
0.808055 0.00108598 4.48128
0.509967 -0.0299545 4.4266
0.46846 -0.0112369 4.46661
0.166228 0.159049 4.58952
0.354292 0.144694 4.44342
-0.190218 0.359518 6.22663
0.15975 0.286916 4.65841
0.11959 0.178939 4.92972
0.337863 -0.00574459 4.42389
-0.174422 0.0922646 5.84074
0.0187025 0.0350854 5.3049
0.109946 0.0169712 4.86231
-0.247922 0.271531 6.49346
-0.990112 0.375651 5.55599
-1.059 0.397653 5.96245
-0.303425 0.286695 3.96716
-1.37015 -0.433591 12.0218
-0.560808 -0.304418 7.85997
-0.261021 0.154191 6.45581
-1.00275 -0.0391958 5.41765
-0.980596 -0.160783 5.31665
-1.06351 0.252108 5.94144
-0.951973 -0.0142991 6.40919
-0.883326 0.215738 4.81075
-1.0715 0.186369 4.66772
-0.884883 0.0711103 4.80996
-0.242433 0.304771 4.44556
0.238831 -0.103858 4.42608
-1.12647 0.514122 8.01609
-1.17265 0.448968 7.95325
-0.0594578 0.132747 5.53475
-0.0314615 0.0881822 5.55156
-1.44244 0.356276 12.7501
-0.152427 0.320944 4.94802
0.203276 0.0360836 4.58709
0.177367 0.0107783 4.69631
0.0406458 0.0670368 5.68882
-0.0607056 0.0685333 5.36351
-0.465423 0.412487 7.12362
-0.568996 0.43663 7.30934
0.127983 -0.152733 4.85315
-0.0617232 0.0562891 5.71101
-0.163066 0.0523159 5.64224
-0.133829 -0.0414978 5.63983
0.022257 0.227635 4.68202
0.090287 0.186489 4.99038
-0.311845 -0.294462 6.63672
0.0218594 -0.123914 5.23366
0.0135895 0.274737 5.31544
-0.0464738 0.281834 5.48314
-0.042298 0.205673 5.38888
-0.917749 -0.0617511 6.34489
-0.822768 -0.110236 5.62631
0.884303 -0.00226073 4.48742
0.82613 -0.000172191 4.50924
-0.906987 0.345555 5.31763
0.375756 0.125751 4.45762
0.557393 0.13309 4.44397
-0.305692 0.289224 3.97934
-0.362639 0.292463 3.96057
-0.881593 -0.0171847 4.38812
-0.883194 0.0711317 4.80561
0.511978 -0.0377556 4.43498
0.678147 0.124717 4.45505
0.478243 0.139296 4.46115
0.443888 0.122436 4.45438
0.134251 0.266129 4.10933
0.212772 0.274971 4.4664
-0.862613 0.319462 4.63651
-0.855963 0.276349 4.68432
-1.15038 0.189432 4.71048
-0.980596 -0.160783 5.31665
-0.980596 -0.160783 5.31665
-0.937514 -0.0708045 4.9338
-1.37015 -0.433591 12.0218
-0.61959 -0.27285 6.21268
-0.804907 -0.316907 6.04171
-1.18235 -0.0340437 7.34185
0.346365 -0.00647673 4.45426
-1.1171 -0.0297484 4.37602
0.670426 -0.0177633 4.4754
-1.07272 0.256417 5.96268
0.210915 0.104178 4.58328
0.581914 0.0152912 4.46816
0.511589 -0.0140727 4.46943
-0.220587 -0.274762 6.37668
0.241225 0.196683 4.49474
0.185999 0.269492 4.57678
0.211651 0.15439 4.52963
0.0340313 -0.130296 5.0822
0.063999 -0.133469 5.03916
-0.273764 0.161262 6.567
-0.391255 -0.0976976 6.83041
0.143113 0.290484 4.72246
0.0605906 0.283207 4.72552
-0.546841 -0.26437 7.57794
-1.21846 0.219059 4.62425
0.0275857 0.204544 5.30348
-0.833438 0.409075 7.66042
-0.051017 -0.0927687 5.4482
0.138241 0.175858 5.46645
0.032989 0.185006 4.95342
-1.19126 0.545567 8.40526
-0.728776 0.352269 5.85877
0.0251434 0.281784 4.44153
0.232105 -0.0128436 4.44469
0.243654 -0.104089 4.43869
0.745074 -0.0483281 4.45607
0.240488 0.185764 4.42869
0.355983 0.141678 4.44655
-1.08427 0.182061 4.68629
-1.06616 0.0859498 4.6529
-1.46329 0.536512 9.00267
0.580914 0.116894 4.46418
0.695986 0.100085 4.42125
0.672055 0.126032 4.4483
-0.874883 0.0724418 4.78979
-0.893508 -0.0185437 4.40855
0.781017 0.072158 4.45816
0.810661 0.000643244 4.48113
-0.942033 -0.0377773 5.04235
0.342507 -0.00521932 4.43667
0.287637 0.00261051 4.44986
0.465652 0.137326 4.43111
0.511759 0.138146 4.83916
-1.09255 -0.31499 10.0011
-0.922426 -0.0894193 6.09495
0.783202 -0.0285709 4.54115
0.643848 -0.0108285 4.42862
-0.0466349 0.29329 4.4444
-1.13748 0.18675 4.69071
-1.21384 0.0945844 4.63797
-1.18484 -0.0374637 7.34643
0.564782 -0.012918 4.48261
0.508119 -0.0164162 4.46087
-0.407047 0.00555219 7.01521
-0.535359 -0.073356 7.51489
0.45382 -0.00679649 4.43757
0.212879 0.118442 4.61193
0.202126 0.00932582 4.55385
0.174532 0.021017 4.6747
-0.551293 0.412723 7.10461
-0.89033 0.0316918 4.34465
-0.962577 0.0216825 4.32813
-0.869673 -0.000924423 4.24651
0.184692 0.196701 4.47914
0.213304 0.15321 4.55254
0.179611 0.161857 4.65866
0.113826 0.177652 4.89292
-0.0621249 0.0644804 5.58587
-0.509421 -0.162562 7.2901
-0.442568 -0.344541 6.95182
-0.381008 0.320787 4.72748
-0.435743 0.337637 4.89384
-0.939973 0.323968 4.65521
0.0408656 0.311107 4.98599
-0.39871 -0.216065 6.58064
-0.314867 -0.303211 6.67481
-1.12219 0.520174 8.13712
-1.13333 0.421841 7.537
-0.0465482 0.275311 5.41503
0.208981 -0.00123584 4.49324
-0.816858 -0.278645 6.37177
-0.73597 0.0475152 4.58403
-1.00835 0.373947 5.62062
-1.16202 0.38296 6.2539
-0.117341 0.279566 4.07201
-0.0447068 0.291061 4.42604
0.672894 0.123671 4.45352
0.64433 0.113311 4.48752
0.852106 0.127433 4.48252
-1.14217 0.182465 4.69948
0.585597 0.11652 4.46876
0.306578 0.022366 4.47748
-1.10969 0.262209 6.0652
0.555005 -0.00841863 4.44955
0.481532 -0.034236 4.36649
0.248468 0.191615 4.46691
0.353728 0.14054 4.4273
0.451627 0.132573 4.40837
0.346102 -0.00280755 4.44236
0.20103 0.260715 4.35984
0.156907 0.240909 4.43222
-1.03005 0.0117111 7.08722
0.112803 -0.14422 4.93407
0.0318777 -0.132455 5.21805
-0.161662 0.0586254 5.39562
0.382426 0.0883795 4.47713
0.401214 0.032215 4.54167
-0.126256 -0.0459921 5.675
-0.215011 -0.278548 6.37547
0.176832 0.025855 4.66997
-0.281424 0.164413 6.53981
0.0762057 0.0953433 5.23209
0.110455 0.0168347 4.90512
0.0880245 0.0615387 4.92429
-0.273635 0.268944 6.51192
-0.479044 0.387831 7.05002
0.113081 0.178575 4.93272
0.0416331 0.198861 5.21778
-0.59563 -0.329767 8.18454
0.215737 0.15233 4.5661
0.187479 0.162757 4.69824
-0.186551 0.363847 6.33899
-0.418134 0.330721 4.82506
-0.912749 0.296978 4.61738
-0.239185 0.306054 4.4784
0.0238421 0.278828 4.43589
0.46251 -0.00826171 4.45625
0.652175 -0.0153218 4.44137
