-0.93127 0.327204 4.62021
-0.330736 0.277245 3.81829
-0.308724 -0.389529 6.59135
0.633274 0.0700112 4.4597
-1.02844 0.000595436 4.37063
-0.155701 0.276343 3.87631
-0.0462479 0.345926 5.58888
0.568813 0.0226606 4.45451
0.546181 -0.0137247 4.44559
-0.855785 -0.144474 6.10724
0.0760704 0.266608 4.08162
-0.964459 -0.37666 10.3309
-1.38129 -0.449327 12.1512
-0.658446 0.208114 7.6245
-0.664383 0.127754 7.67511
-0.240983 0.269105 6.46984
-0.941156 -0.0986682 6.0964
-0.909616 -0.0692092 5.98327
-1.37882 0.490318 8.38509
-0.885834 -0.363654 5.97636
-0.321761 -0.267362 6.63272
-0.444104 -0.293189 6.8962
0.186797 0.149296 4.67189
-2.00869 0.234408 13.5308
-0.680913 0.362776 7.76917
-0.770516 -0.37198 5.87839
0.772634 0.111511 4.43484
0.634433 -0.111654 4.4689
0.853928 -0.119961 4.50127
-0.398506 0.289187 3.81371
-1.11083 -0.025272 4.38869
0.0648487 0.292948 4.85544
-1.01023 -0.00138675 4.38992
-1.04695 -0.00152054 4.39464
-0.342454 0.293718 3.97391
-0.35895 0.294476 6.83613
-1.1539 -0.0159048 4.35671
0.442834 0.0779826 4.47288
-0.826675 -0.26621 6.34842
-0.867191 -0.244579 6.31553
-0.337968 -0.483566 6.6135
-0.369564 0.172974 6.81297
-0.256167 0.154739 6.62912
-0.950706 0.00119044 4.42822
-0.907008 0.0392991 4.34032
-0.438602 -0.295363 6.88333
-0.498314 0.280082 7.15482
0.180107 0.146335 4.62799
0.0973059 -0.141095 4.97349
-0.918992 0.260813 4.61124
-0.863572 0.240347 4.60636
-0.870734 0.236537 4.53377
-2.23526 0.275063 16.4523
-1.40994 0.499543 8.54393
-0.955524 0.413415 8.83379
-0.256168 -0.00720968 6.55679
-0.408179 0.0240065 6.89777
-0.2671 -0.120318 6.5074
-0.385097 -0.102461 6.85214
0.166068 -0.152478 4.68604
0.170687 -0.186712 4.68341
-0.0521434 -0.0872106 5.46736
-0.0507225 -0.1861 5.48594
0.0223585 0.0365606 5.21522
-0.802375 -0.315551 6.02932
-0.780856 -0.380386 5.93787
0.064308 -0.127033 5.06615
0.826921 0.109507 4.50492
0.436937 0.23711 3.87053
0.568333 0.13618 4.47442
0.638061 -0.11184 4.47571
0.790997 -0.114272 4.46864
0.665729 -0.0181613 4.45654
0.782665 0.0730391 4.45677
0.887619 -0.00442676 4.48992
0.458147 -0.107471 4.44721
0.412932 -0.105751 4.45784
0.504462 -0.0427433 4.42288
0.571958 -0.150997 4.46285
0.111413 0.174935 4.82092
0.252546 -0.0938217 4.40027
0.231012 -0.0147641 4.40517
-0.222904 -0.269456 6.33538
0.11586 -0.137823 4.70506
-0.0731112 0.0381391 5.46444
0.107792 0.0552925 4.93927
-0.96241 0.369189 5.46455
-0.332179 0.277008 3.82038
-0.998036 0.218346 5.54059
-1.07767 0.253255 6.00013
-0.879436 0.212896 4.79998
-1.22788 0.22062 4.63349
-0.893429 0.069215 4.82447
-1.11297 -0.0235017 4.40517
-0.949936 0.043037 4.34536
-1.22532 0.0917484 4.63782
0.680473 0.131311 4.45441
-0.90841 -0.386415 6.12923
0.174664 0.0250689 4.63963
0.159046 0.0133366 4.58082
-0.926963 0.322136 4.61055
-0.285141 0.28382 6.65708
-0.400531 -0.379715 6.90617
0.123656 -0.147244 4.78652
0.0971674 -0.142412 4.87516
-0.897561 -0.0595836 6.29511
-0.931107 0.00233423 4.39436
0.18876 0.223682 4.50932
0.516478 -0.0305429 4.44044
0.498439 -0.0107955 4.43656
-0.640457 0.0409741 7.59831
-0.827 -0.0820232 8.24082
-0.373823 0.173746 6.7685
-0.255064 0.152103 6.44721
0.170759 0.156815 4.63852
0.104746 -0.116243 4.69803
-0.164621 0.0490004 5.62673
-0.869905 0.248308 4.62274
-0.235055 0.277016 3.94243
-0.294553 -0.277957 6.62679
-0.440029 -0.297208 6.86263
-0.02321 0.0850476 5.34351
-0.0547713 0.0923917 5.46001
-0.51694 0.285116 7.30507
-0.649366 0.212407 7.5252
-0.670924 0.12411 7.69359
-0.027702 -0.13811 5.41202
-0.767098 -0.331809 6.2956
-0.298721 0.00134375 6.66941
-1.04137 0.454676 9.43134
-1.95572 0.217395 13.2259
-0.0300712 0.294607 5.39606
-0.00274968 0.211711 5.36085
0.0202939 -0.02367 4.41667
0.0450486 -0.132986 5.11401
0.170564 -0.146148 4.59661
0.171838 -0.159058 4.72478
0.142298 -0.171382 4.67121
0.888816 0.1325 4.54436
0.438177 0.246324 3.9545
0.468171 0.13954 4.42104
1.15983 -0.191028 4.97234
0.9479 -0.00957912 4.58277
0.742401 -0.0391842 4.44312
0.45625 -0.104457 4.41697
0.362962 -0.103935 4.45694
0.565701 -0.149261 4.44794
0.456817 0.0771892 4.51342
0.459461 -0.011282 4.43496
0.375196 0.129706 4.46845
0.121632 0.179362 4.93691
-0.0489059 0.301144 4.49261
0.0231472 0.279456 4.41369
0.146483 -0.127646 4.71402
0.182027 -0.114183 4.36832
0.239074 -0.104486 4.43726
0.239249 -0.0159454 4.44341
-0.221387 0.0898111 6.44103
0.109945 0.0564074 4.98526
-0.27409 0.285807 3.98418
-0.979087 0.370342 5.51242
-1.09403 0.329695 6.27303
-0.519997 -0.245626 7.26139
-1.03884 -0.042174 5.52497
-0.981351 -0.16589 5.3177
-1.00141 0.221309 5.54791
-0.854636 0.320294 4.62466
-0.875543 0.212298 4.79102
-0.884603 -0.153963 4.78816
-1.06335 0.0846201 4.66253
-1.03903 -0.00153094 4.38317
-1.232 0.208284 4.67068
-0.365463 0.291685 3.87414
0.580899 0.120931 4.47036
-0.326476 -0.387952 6.65839
-0.30709 -0.402444 6.11458
-1.99334 0.212501 13.4896
0.0136933 0.0599197 5.19933
0.188436 0.194178 4.54376
0.189504 0.16342 4.754
0.234873 0.194691 4.47239
-0.972287 0.0524527 10.2842
-0.834399 -0.24907 6.28393
-0.137698 0.0192425 5.63516
-0.100225 -0.0297393 5.64675
-1.07533 -0.025796 4.38998
-0.886674 0.249923 4.62731
-0.908824 0.245287 4.61239
-0.882735 0.282636 4.61895
-0.79988 0.454704 6.99122
-0.358357 0.271198 6.53009
-0.579523 0.462496 7.4563
-0.917516 -0.0922245 6.21703
-0.877859 -0.14672 6.15067
-0.0176315 -0.110603 5.39609
-0.0536844 -0.0901666 5.41895
-0.776588 -0.335036 6.31641
0.0251422 -0.0266756 4.46508
0.042432 -0.132989 5.11865
-0.635767 0.199418 7.5772
-0.00223275 0.259384 5.08255
-0.0421684 0.213538 5.43984
-0.274915 -0.121294 6.58797
-0.483911 -0.167862 7.0696
-0.293919 -0.273861 6.57047
0.0288908 0.0151247 4.46392
-0.295387 0.000712991 6.58922
-0.37724 0.0190242 6.67634
-0.384237 -0.0972051 6.76022
0.689822 0.130531 4.47508
0.79501 0.105648 4.45876
0.467372 0.265744 4.1498
0.478538 0.140217 4.45168
0.577018 0.118835 4.45925
0.392753 0.251281 4.13694
0.822881 -0.118609 4.48972
0.701089 0.0760226 4.45082
0.732536 -0.0216411 4.46483
0.673821 -0.01883 4.47478
0.789667 0.0723179 4.47108
0.747942 -0.0406436 4.45432
0.509967 -0.0299545 4.4266
0.572936 -0.152946 4.46467
0.462353 -0.0118655 4.44445
0.578993 0.0158305 4.48195
0.20941 0.213651 4.57108
0.250501 0.194543 4.43871
0.351881 0.146275 4.43789
0.316159 0.268676 4.33052
-0.101614 0.28455 4.09493
0.0263619 0.284944 4.45045
0.297476 -0.103698 4.44982
0.207268 0.104997 4.56172
0.229852 0.0963599 4.75199
0.205951 0.00263406 4.55374
0.089155 -0.131891 4.98738
0.0931844 0.0198488 4.89281
-0.450117 0.34157 4.92487
-0.216934 0.282113 3.88837
-0.236682 0.29397 4.37428
-0.990112 0.375651 5.55599
-0.579176 -0.249289 5.95587
-1.37852 -0.451184 12.1061
-0.261021 0.154191 6.45581
-0.9857 -0.165431 5.32937
-0.999999 0.101448 5.41875
-1.22914 0.219777 4.63452
-0.886187 -0.0487794 4.30256
-0.801586 0.071839 4.62493
-1.11102 -0.0279335 4.36483
-0.99821 0.0178488 4.39668
-1.08696 -0.0170282 4.39846
-1.16305 0.140045 4.69245
-1.21936 0.0929353 4.63639
-0.0314615 0.0881822 5.55156
-0.862613 0.319462 4.63651
-0.915984 0.296872 4.62149
-0.0712628 0.0429063 5.55873
-1.1165 0.325846 9.77493
0.126181 -0.150681 4.81867
0.107112 -0.150713 4.9684
0.452258 0.115963 4.48408
-1.13805 -0.0391289 4.35163
-0.282033 -0.121256 6.62227
-0.0550651 -0.0864606 5.36118
-0.0538289 -0.184262 5.53076
-0.548763 0.307953 5.52329
-0.932941 0.501157 8.47751
-1.12647 0.514122 8.01609
0.0187025 0.0350854 5.3049
-0.318006 -0.421247 6.61217
-0.163066 0.0523159 5.64224
-0.135777 -0.038222 5.5984
-0.583019 0.454444 7.49711
-0.832078 -0.283705 6.49318
-0.866233 -0.240966 6.3147
-0.804907 -0.316907 6.04171
-0.275632 -0.000841065 6.41618
-0.293988 -0.0442862 6.78874
-0.391255 -0.0976976 6.83041
0.237891 0.195579 4.47798
0.226937 0.159364 4.60523
-0.913859 -0.089551 6.18199
-0.958843 -0.0808292 6.18175
-0.821768 -0.11734 5.61931
0.169981 -0.132183 4.63928
0.16471 -0.150837 4.75725
0.0479566 0.0845255 4.73386
0.0463155 0.0926983 5.03761
-0.0769617 0.332607 5.57274
0.0375701 0.23433 4.76638
-1.18687 0.146145 4.73446
0.238831 -0.103858 4.42608
0.354292 0.144694 4.44342
0.628003 -0.154627 4.46575
-0.883194 0.0711317 4.80561
0.722749 -0.049739 4.42087
-0.936063 0.284131 4.60313
0.318092 0.268714 4.33871
-0.303425 0.286695 3.96716
-0.37814 0.305373 4.01688
0.375756 0.125751 4.45762
0.775314 0.0719564 4.44687
0.808055 0.00108598 4.48128
0.683265 0.12643 4.46477
0.337863 -0.00574459 4.42389
-0.906987 0.345555 5.31763
0.690341 0.0751248 4.42852
0.668402 -0.0184488 4.4633
-1.06351 0.252108 5.94144
-0.951973 -0.0142991 6.40919
-1.00275 -0.0391958 5.41765
-0.980596 -0.160783 5.31665
0.554865 -0.0130605 4.46363
0.198435 0.00413313 4.5069
-0.613886 -0.269037 6.16888
0.46846 -0.0112369 4.46661
0.0200754 -0.126032 5.26126
0.0583504 -0.186159 5.02716
-0.297875 0.304642 7.15031
-0.887975 0.216702 4.82348
-0.560808 -0.304418 7.85997
0.143113 0.290484 4.72246
0.117475 0.178626 4.8997
0.166228 0.159049 4.58952
-0.174422 0.0922646 5.84074
-0.190218 0.359518 6.22663
-0.891973 -0.0489641 4.31412
0.0605906 0.283207 4.72552
0.207713 0.0341618 4.59558
-0.568996 0.43663 7.30934
0.177367 0.0107783 4.69631
-0.893508 -0.0185437 4.40855
-0.0314615 0.0881822 5.55156
0.127983 -0.152733 4.85315
0.125522 -0.165521 4.71492
-0.349228 -0.191201 6.77283
0.110105 0.0395805 5.00489
0.109946 0.0169712 4.86231
-0.994962 0.498847 8.63639
0.158599 -0.127804 4.55968
-0.131609 0.0207981 5.39999
-0.133829 -0.0414978 5.63983
-0.01522 0.063971 4.71394
-0.0617232 0.0562891 5.71101
-1.19126 0.545567 8.40526
-1.17265 0.448968 7.95325
0.022257 0.227635 4.68202
-0.49013 -0.0562745 7.13329
-0.85936 -0.0604054 8.54415
-0.311845 -0.294462 6.63672
-0.917749 -0.0617511 6.34489
-0.822768 -0.110236 5.62631
0.0135895 0.274737 5.31544
-0.0464738 0.281834 5.48314
0.0275857 0.204544 5.30348
0.243654 -0.104089 4.43869
-1.059 0.397653 5.96245
-1.0715 0.186369 4.66772
0.678147 0.124717 4.45505
0.853435 0.166514 4.5084
0.346365 -0.00647673 4.45426
0.287637 0.00261051 4.44986
-0.257869 0.282074 3.97805
-0.980596 -0.160783 5.31665
0.479312 0.140131 4.45844
0.781017 0.072158 4.45816
0.82613 -0.000172191 4.50924
-0.805981 -0.316639 6.12223
-0.8629 0.318514 4.6334
0.220608 0.277549 4.50931
0.670426 -0.0177633 4.4754
-1.20716 0.24548 7.33023
-1.07272 0.256417 5.96268
-1.18235 -0.0340437 7.34185
-0.220587 -0.274762 6.37668
0.511589 -0.0140727 4.46943
0.471431 0.111073 4.53489
0.211651 0.15439 4.52963
0.210915 0.104178 4.58328
0.11959 0.178939 4.92972
-1.37015 -0.433591 12.0218
-0.362639 0.292463 3.96057
-0.242433 0.304771 4.44556
0.436652 0.0549605 4.48877
0.511978 -0.0377556 4.43498
-0.042298 0.205673 5.38888
-0.00514069 0.0398553 4.99391
-0.0621249 0.0644804 5.58587
-0.535359 -0.073356 7.51489
-0.851031 -0.0506409 8.52351
-0.161662 0.0586254 5.39562
0.138241 0.175858 5.46645
0.032989 0.185006 4.95342
-0.12233 0.341754 5.20545
-0.0768811 0.323482 5.59911
0.0715023 0.0651288 4.81048
0.0406458 0.0670368 5.68882
-1.13821 0.521374 8.14137
-0.728776 0.352269 5.85877
-1.46329 0.536512 9.00267
0.2528 -0.10257 4.46384
-0.912749 0.296978 4.61738
0.0251434 0.281784 4.44153
-0.874883 0.0724418 4.78979
-0.941694 -0.033772 5.24604
-0.980596 -0.160783 5.31665
-1.08427 0.182061 4.68629
-1.06616 0.0859498 4.6529
0.810661 0.000643244 4.48113
0.783202 -0.0285709 4.54115
0.695986 0.100085 4.42125
0.248468 0.191615 4.46691
0.134251 0.266129 4.10933
0.212772 0.274971 4.4664
0.672055 0.126032 4.4483
0.584615 0.103596 4.36779
-0.881593 -0.0171847 4.38812
-0.61959 -0.27285 6.21268
-1.1171 -0.0297484 4.37602
-0.922426 -0.0894193 6.09495
0.478243 0.139296 4.46115
0.511759 0.138146 4.83916
-1.15038 0.189432 4.71048
0.652175 -0.0153218 4.44137
-1.18484 -0.0374637 7.34643
0.0218594 -0.123914 5.23366
0.116075 -0.145743 4.79528
-0.962577 0.0216825 4.32813
-0.869673 -0.000924423 4.24651
-0.051017 -0.0927687 5.4482
0.202126 0.00932582 4.55385
0.174532 0.021017 4.6747
-0.273635 0.268944 6.51192
-0.551293 0.412723 7.10461
-1.37015 -0.433591 12.0218
0.184692 0.196701 4.47914
0.213304 0.15321 4.55254
0.179611 0.161857 4.65866
0.45382 -0.00679649 4.43757
0.342507 -0.00521932 4.43667
-0.381008 0.320787 4.72748
-0.435743 0.337637 4.89384
-0.986388 0.51744 8.74653
-0.273764 0.161262 6.567
-0.407047 0.00555219 7.01521
0.113826 0.177652 4.89292
-0.186551 0.363847 6.33899
0.0318777 -0.132455 5.21805
-0.0465482 0.275311 5.41503
-0.314867 -0.303211 6.67481
0.1117 0.183099 5.25423
0.0606224 0.280068 4.62777
0.0408656 0.311107 4.98599
0.745074 -0.0483281 4.45607
-0.73597 0.0475152 4.58403
-0.864093 -0.22961 6.27464
0.306578 0.022366 4.47748
-1.00835 0.373947 5.62062
-1.16202 0.38296 6.2539
0.275328 0.00149189 4.34975
0.232105 -0.0128436 4.44469
0.240488 0.185764 4.42869
-0.117341 0.279566 4.07201
-0.0466349 0.29329 4.4444
0.672894 0.123671 4.45352
0.64433 0.113311 4.48752
0.20103 0.260715 4.35984
0.156907 0.240909 4.43222
-1.13748 0.18675 4.69071
-0.993474 0.0531668 6.33063
-0.126256 -0.0459921 5.675
-0.215011 -0.278548 6.37547
0.580914 0.116894 4.46418
0.451627 0.132573 4.40837
0.564782 -0.012918 4.48261
0.46251 -0.00826171 4.45625
-1.10969 0.262209 6.0652
0.502243 0.0530022 4.28214
-0.906379 -0.140848 6.16579
0.401214 0.032215 4.54167
0.176832 0.025855 4.66997
0.215737 0.15233 4.5661
0.187479 0.162757 4.69824
-1.25611 0.335571 8.10915
-0.281424 0.164413 6.53981
0.0762057 0.0953433 5.23209
0.110455 0.0168347 4.90512
0.0165104 0.0764985 5.14878
-0.418134 0.330721 4.82506
-1.12219 0.520174 8.13712
-1.09255 -0.31499 10.0011
-0.39871 -0.216065 6.58064
0.113081 0.178575 4.93272
-0.239185 0.306054 4.4784
0.208981 -0.00123584 4.49324
0.0238421 0.278828 4.43589
0.581914 0.0152912 4.46816
0.346102 -0.00280755 4.44236
0.643848 -0.0108285 4.42862
