-0.863572 0.240347 4.60636
-0.623652 0.215214 7.60292
-1.37882 0.490318 8.38509
-0.240983 0.269105 6.46984
-1.02844 0.000595436 4.37063
0.0760704 0.266608 4.08162
0.162241 0.290902 4.74584
-0.444104 -0.293189 6.8962
0.11586 -0.137823 4.70506
-1.95572 0.217395 13.2259
-0.0462479 0.345926 5.58888
-0.770516 -0.37198 5.87839
-0.680913 0.362776 7.76917
-0.658446 0.208114 7.6245
-0.664383 0.127754 7.67511
0.141551 -0.190332 5.34002
0.638061 -0.11184 4.47571
0.568813 0.0226606 4.45451
0.320238 -0.0876128 4.42741
0.362962 -0.103935 4.45694
0.443637 -0.0980509 4.4333
-0.941156 -0.0986682 6.0964
-0.909616 -0.0692092 5.98327
-0.93127 0.327204 4.62021
-1.232 0.208284 4.67068
-0.256167 0.154739 6.62912
0.442834 0.0779826 4.47288
-0.0519458 -0.0929165 5.4083
-0.0507225 -0.1861 5.48594
0.46029 0.263446 4.13285
-0.373823 0.173746 6.7685
-0.498314 0.280082 7.15482
0.205951 0.00263406 4.55374
-0.956056 0.0234625 4.33828
-1.04695 -0.00152054 4.39464
-0.546841 -0.26437 7.57794
-0.767098 -0.331809 6.2956
-0.35895 0.294476 6.83613
0.166068 -0.152478 4.68604
-0.408179 0.0240065 6.89777
-0.640457 0.0409741 7.59831
-0.385097 -0.102461 6.85214
0.107792 0.0552925 4.93927
-0.802375 -0.315551 6.02932
-0.780856 -0.380386 5.93787
-0.885834 -0.363654 5.97636
-0.907008 0.0392991 4.34032
-0.949936 0.043037 4.34536
-0.155701 0.276343 3.87631
0.123656 -0.147244 4.78652
-0.855785 -0.144474 6.10724
-0.867191 -0.244579 6.31553
0.0973059 -0.141095 4.97349
-0.670924 0.12411 7.69359
0.186797 0.149296 4.67189
0.375196 0.129706 4.46845
0.568333 0.13618 4.47442
0.638871 -0.166796 4.50998
0.571958 -0.150997 4.46285
0.782665 0.0730391 4.45677
0.412932 -0.105751 4.45784
0.170759 0.156815 4.63852
0.214412 0.166213 4.40487
-0.285141 0.28382 6.65708
0.188672 -0.0438166 4.55569
0.252546 -0.0938217 4.40027
0.239074 -0.104486 4.43726
0.231012 -0.0147641 4.40517
-0.2671 -0.120318 6.5074
-0.826675 -0.26621 6.34842
-1.00141 0.221309 5.54791
-0.918992 0.260813 4.61124
-1.22788 0.22062 4.63349
-1.06625 0.188443 4.66463
-1.1539 -0.0159048 4.35671
-1.40994 0.499543 8.54393
-1.95572 0.217395 13.2259
-0.222904 -0.269456 6.33538
-0.294553 -0.277957 6.62679
0.456817 0.0771892 4.51342
-0.967269 -0.399918 6.28574
-0.20714 0.345839 6.46174
-0.221387 0.0898111 6.44103
-0.255064 0.152103 6.44721
-0.164621 0.0490004 5.62673
-0.298721 0.00134375 6.66941
-0.897561 -0.0595836 6.29511
0.159046 0.0133366 4.58082
0.17517 -0.150761 4.628
-0.370317 0.298522 6.95254
-0.92673 0.0415955 4.33573
-0.02321 0.0850476 5.34351
-0.440029 -0.297208 6.86263
-0.645979 0.0386464 7.65559
0.0223585 0.0365606 5.21522
0.111413 0.174935 4.82092
-0.0731112 0.0381391 5.46444
-0.0881285 -0.0116661 5.51736
-0.342454 0.293718 3.97391
-0.0547713 0.0923917 5.46001
-0.0300712 0.294607 5.39606
-0.00515611 0.20884 5.36878
0.0202939 -0.02367 4.41667
0.0450486 -0.132986 5.11401
-0.866233 -0.240966 6.3147
0.126917 -0.183467 4.76311
-0.0117245 -0.0236056 4.48042
0.0131178 -0.121549 5.16731
0.221356 0.140053 4.63796
0.180107 0.146335 4.62799
-0.955524 0.413415 8.83379
0.680473 0.131311 4.45441
0.351881 0.146275 4.43789
0.468171 0.13954 4.42104
0.316159 0.268676 4.33052
0.565701 -0.149261 4.44794
0.665729 -0.0181613 4.45654
0.789667 0.0723179 4.47108
0.747942 -0.0406436 4.45432
0.516478 -0.0305429 4.44044
0.458147 -0.107471 4.44721
0.446545 0.0321736 4.49027
0.459461 -0.011282 4.43496
0.0830132 0.275166 4.12694
0.200977 -0.125119 4.45944
0.299306 -0.0029765 4.4294
-0.0521434 -0.0872106 5.46736
-0.337968 -0.483566 6.6135
-0.213766 0.275415 3.93409
-0.875543 0.212298 4.79102
-1.09403 0.329695 6.27303
-0.96241 0.369189 5.46455
-1.37852 -0.451184 12.1061
-0.400531 -0.379715 6.90617
-1.03884 -0.042174 5.52497
-0.9857 -0.165431 5.32937
-0.955728 -0.076992 6.17586
-0.893429 0.069215 4.82447
-1.07767 0.253255 6.00013
-0.854636 0.320294 4.62466
-0.926963 0.322136 4.61055
-1.0715 0.186369 4.66772
-1.06335 0.0846201 4.66253
-0.99821 0.0178488 4.39668
-1.11297 -0.0235017 4.40517
-1.22532 0.0917484 4.63782
-0.247922 0.271531 6.49346
0.197691 0.28084 4.26805
-0.776588 -0.335036 6.31641
0.174664 0.0250689 4.63963
-0.951973 -0.0142991 6.40919
-0.414481 0.299118 7.16984
-0.51694 0.285116 7.30507
-0.373823 0.173746 6.7685
-0.635767 0.199418 7.5772
0.188436 0.194178 4.54376
0.189504 0.16342 4.754
0.207268 0.104997 4.56172
0.0202939 -0.02367 4.41667
-0.258898 -0.00404149 6.42188
-0.579523 0.462496 7.4563
-0.0421684 0.213538 5.43984
-0.0547713 0.0923917 5.46001
-0.440029 -0.297208 6.86263
-0.519997 -0.245626 7.26139
0.121632 0.179362 4.93691
0.165339 -0.129465 4.60187
0.170564 -0.146148 4.59661
-0.135777 -0.038222 5.5984
-0.37724 0.0190242 6.67634
-0.972287 0.0524527 10.2842
-0.384237 -0.0972051 6.76022
0.0288908 0.0151247 4.46392
0.0136933 0.0599197 5.19933
-0.917516 -0.0922245 6.21703
-0.872803 -0.216719 6.24788
-0.877859 -0.14672 6.15067
-0.027702 -0.13811 5.41202
-1.04137 0.454676 9.43134
0.126181 -0.150681 4.81867
0.194001 -0.18328 4.90154
-0.00515611 0.20884 5.36878
0.580899 0.120931 4.47036
0.689822 0.130531 4.47508
0.318092 0.268714 4.33871
0.392753 0.251281 4.13694
0.647321 -0.159416 4.50527
0.742401 -0.0391842 4.44312
0.633274 0.0700112 4.4597
0.701089 0.0760226 4.45082
0.732536 -0.0216411 4.46483
0.673821 -0.01883 4.47478
0.462353 -0.0118655 4.44445
0.250501 0.194543 4.43871
-0.101614 0.28455 4.09493
0.0231472 0.279456 4.41369
0.297476 -0.103698 4.44982
-0.0536844 -0.0901666 5.41895
-0.274915 -0.121294 6.58797
-0.0763099 -0.204114 5.40255
-0.326476 -0.387952 6.65839
0.0971674 -0.142412 4.87516
-0.261021 0.154191 6.45581
-0.450117 0.34157 4.92487
-0.27409 0.285807 3.98418
-0.336529 0.311357 4.05335
-0.236682 0.29397 4.37428
-0.879436 0.212896 4.79998
-0.979087 0.370342 5.51242
-0.804907 -0.316907 6.04171
-1.37015 -0.433591 12.0218
-0.579176 -0.249289 5.95587
-1.99334 0.212501 13.4896
-0.9857 -0.165431 5.32937
-1.01346 -0.36806 6.16304
-0.801586 0.071839 4.62493
-0.998036 0.218346 5.54059
-0.921581 0.28298 4.61631
-0.891973 -0.0489641 4.31412
-1.11102 -0.0279335 4.36483
-1.22914 0.219777 4.63452
-1.21936 0.0929353 4.63639
-0.483911 -0.167862 7.0696
-0.560808 -0.304418 7.85997
-0.548763 0.307953 5.52329
0.0971674 -0.142412 4.87516
0.226937 0.159364 4.60523
-0.190218 0.359518 6.22663
-0.297875 0.304642 7.15031
-0.0501722 0.198797 5.59322
0.109945 0.0564074 4.98526
0.0931844 0.0198488 4.89281
0.207942 0.0942492 4.57564
-0.163066 0.0523159 5.64224
-0.391255 -0.0976976 6.83041
-0.482402 -0.0542188 7.13618
0.20941 0.213651 4.57108
0.112886 -0.123068 4.82807
-0.863711 -0.23411 6.28451
-0.0769617 0.332607 5.57274
0.166228 0.159049 4.58952
-0.913859 -0.089551 6.18199
-0.0712628 0.0429063 5.55873
-0.137698 0.0192425 5.63516
-0.133829 -0.0414978 5.63983
0.0375701 0.23433 4.76638
0.207713 0.0341618 4.59558
-0.932941 0.501157 8.47751
0.0187025 0.0350854 5.3049
-1.16079 -0.0240474 4.49573
-0.0176315 -0.110603 5.39609
0.0200754 -0.126032 5.26126
-1.1165 0.325846 9.77493
-0.0214278 0.273419 5.34271
0.649765 0.0969113 4.48037
0.577018 0.118835 4.45925
0.683265 0.12643 4.46477
0.354292 0.144694 4.44342
0.478538 0.140217 4.45168
0.658034 0.0682735 4.5195
0.668402 -0.0184488 4.4633
0.509967 -0.0299545 4.4266
0.337863 -0.00574459 4.42389
0.46846 -0.0112369 4.46661
-0.0933261 0.302947 4.59347
0.0263619 0.284944 4.45045
0.239249 -0.0159454 4.44341
0.238831 -0.103858 4.42608
-0.0550651 -0.0864606 5.36118
-0.0538289 -0.184262 5.53076
0.042432 -0.132989 5.11865
-0.242433 0.304771 4.44556
-0.883326 0.215738 4.81075
-0.990112 0.375651 5.55599
-0.37814 0.305373 4.01688
-1.37015 -0.433591 12.0218
-0.391967 0.181961 6.94696
-0.958843 -0.0808292 6.18175
-1.06351 0.252108 5.94144
-0.862613 0.319462 4.63651
-0.886187 -0.0487794 4.30256
-0.728776 0.352269 5.85877
-1.17265 0.448968 7.95325
0.511978 -0.0377556 4.43498
-0.0464738 0.281834 5.48314
-0.042298 0.205673 5.38888
0.107621 -0.15041 4.96291
0.127983 -0.152733 4.85315
-0.311845 -0.294462 6.63672
-0.898911 -0.125339 6.24994
-0.509421 -0.162562 7.2901
-0.12233 0.341754 5.20545
-1.60418 -0.0721028 12.6249
-0.85936 -0.0604054 8.54415
0.21779 0.169416 4.42987
0.211651 0.15439 4.52963
-0.358357 0.271198 6.53009
-0.568996 0.43663 7.30934
0.203276 0.0360836 4.58709
0.0406458 0.0670368 5.68882
0.0583504 -0.186159 5.02716
-0.0617232 0.0562891 5.71101
-2.23526 0.275063 16.4523
0.0262257 0.225384 4.66441
0.11959 0.178939 4.92972
0.090287 0.186489 4.99038
0.243654 -0.104089 4.43869
-0.305692 0.289224 3.97934
-0.906987 0.345555 5.31763
0.479312 0.140131 4.45844
-0.886343 0.218435 4.82088
-1.07272 0.256417 5.96268
-0.8629 0.318514 4.6334
-0.878803 0.28247 4.61285
-0.855963 0.276349 4.68432
0.212772 0.274971 4.4664
0.362069 0.0904281 4.41655
0.690341 0.0751248 4.42852
0.198435 0.00413313 4.5069
0.16471 -0.150837 4.75725
-0.89033 0.0316918 4.34465
0.15975 0.286916 4.65841
-1.1171 -0.0297484 4.37602
0.46251 -0.00826171 4.45625
-1.00275 -0.0391958 5.41765
-0.980596 -0.160783 5.31665
0.241225 0.196683 4.49474
-1.19126 0.545567 8.40526
0.109946 0.0169712 4.86231
0.577922 0.0801127 4.45932
0.554865 -0.0130605 4.46363
-0.282033 -0.121256 6.62227
-0.782038 -0.333533 6.31217
-0.805981 -0.316639 6.12223
-0.613886 -0.269037 6.16888
-1.18235 -0.0340437 7.34185
-0.275632 -0.000841065 6.41618
0.346365 -0.00647673 4.45426
0.286425 0.262863 4.13551
0.0605906 0.283207 4.72552
0.436652 0.0549605 4.48877
0.3625 0.0333654 4.26495
0.184692 0.196701 4.47914
0.032989 0.185006 4.95342
-0.789487 -0.0504155 4.5879
-0.00514069 0.0398553 4.99391
-0.00978865 0.0489746 5.24242
0.107618 0.0480863 4.95785
0.511759 0.138146 4.83916
0.678147 0.124717 4.45505
-0.922426 -0.0894193 6.09495
0.175101 0.261694 4.52725
0.478243 0.139296 4.46115
0.46036 0.125881 4.49355
0.783202 -0.0285709 4.54115
0.670426 -0.0177633 4.4754
0.342507 -0.00521932 4.43667
0.112803 -0.14422 4.93407
0.748471 0.117793 4.67272
-1.06616 0.0859498 4.6529
-0.994934 0.333009 5.49602
0.511589 -0.0140727 4.46943
-0.893508 -0.0185437 4.40855
-0.993474 0.0531668 6.33063
0.134251 0.266129 4.10933
0.177367 0.0107783 4.69631
0.306578 0.022366 4.47748
-1.00411 0.00893795 4.35489
-0.869673 -0.000924423 4.24651
-1.21384 0.0945844 4.63797
0.179611 0.161857 4.65866
0.578993 0.0158305 4.48195
-1.46329 0.536512 9.00267
-0.917749 -0.0617511 6.34489
-0.816858 -0.278645 6.37177
0.471431 0.111073 4.53489
-0.941694 -0.033772 5.24604
-0.980596 -0.160783 5.31665
-0.59563 -0.329767 8.18454
-1.09255 -0.31499 10.0011
-0.385909 -0.282917 6.58397
-0.61959 -0.27285 6.21268
-0.465423 0.412487 7.12362
-0.986388 0.51744 8.74653
-0.0594578 0.132747 5.53475
-0.273764 0.161262 6.567
-0.0621249 0.0644804 5.58587
-0.0112588 -0.118948 5.50454
0.0218594 -0.123914 5.23366
-0.493664 -0.0555666 7.12599
-0.0768811 0.323482 5.59911
-0.186551 0.363847 6.33899
-1.18484 -0.0374637 7.34643
0.113826 0.177652 4.89292
-0.0314615 0.0881822 5.55156
0.0251434 0.281784 4.44153
-0.465423 0.412487 7.12362
0.0606224 0.280068 4.62777
0.0408656 0.311107 4.98599
0.022257 0.227635 4.68202
0.0416331 0.198861 5.21778
-1.12219 0.520174 8.13712
-0.833438 0.409075 7.66042
0.0238421 0.278828 4.43589
-0.0447068 0.291061 4.42604
0.45382 -0.00679649 4.43757
0.672055 0.126032 4.4483
-1.16202 0.38296 6.2539
0.156907 0.240909 4.43222
0.695986 0.100085 4.42125
-1.10969 0.262209 6.0652
0.564782 -0.012918 4.48261
0.355983 0.141678 4.44655
0.585597 0.11652 4.46876
-1.00835 0.373947 5.62062
0.346102 -0.00280755 4.44236
0.275328 0.00149189 4.34975
0.20103 0.260715 4.35984
0.474707 0.137566 4.46562
0.176832 0.025855 4.66997
0.110455 0.0168347 4.90512
0.232105 -0.0128436 4.44469
0.202126 0.00932582 4.55385
0.401214 0.032215 4.54167
-0.0664656 0.134254 5.29991
-0.281424 0.164413 6.53981
0.113081 0.178575 4.93272
-0.126256 -0.0459921 5.675
-0.311845 -0.294462 6.63672
-0.994962 0.498847 8.63639
-0.682014 -0.370877 8.97034
-1.25611 0.335571 8.10915
-1.03005 0.0117111 7.08722
-0.051017 -0.0927687 5.4482
0.0318777 -0.132455 5.21805
0.248468 0.191615 4.46691
0.240488 0.185764 4.42869
-0.418134 0.330721 4.82506
-1.13333 0.421841 7.537
0.0762057 0.0953433 5.23209
0.0880245 0.0615387 4.92429
0.090287 0.186489 4.99038
-0.874883 0.0724418 4.78979
-0.239185 0.306054 4.4784
0.652175 -0.0153218 4.44137
