-0.868186 0.240963 4.61525
-1.11436 -0.0257175 4.39205
0.164723 0.0747108 4.62596
-0.869121 -0.245389 6.32584
-0.381728 0.206607 4.35061
-1.3697 0.487584 8.34068
-0.476174 -0.0475547 7.13492
0.183015 0.00752437 4.7327
-1.0516 -0.416297 6.13516
-0.44401 -0.292704 6.89113
0.121289 -0.143406 4.7494
-0.333442 0.278848 3.82431
-0.659576 0.208536 7.63707
-0.77484 -0.374853 5.89825
-0.882498 -0.363252 5.96343
-0.045234 0.349277 5.62803
0.454665 -0.106546 4.43468
0.257891 -0.0953013 4.41992
-2.24209 1.94853 15.2483
-1.35867 -0.440766 11.9635
-0.961498 -0.161698 5.26231
-0.983837 -0.0347386 5.38481
-0.308699 -0.3898 6.59222
-0.330677 -0.395514 6.71394
-0.240714 0.268694 6.45839
-0.359671 0.294829 6.84907
-0.401742 0.179598 6.90109
-0.663939 0.127787 7.66936
-0.256218 -0.00736233 6.56108
-0.267212 -0.120401 6.50867
-0.38474 -0.102399 6.84437
-1.00916 -0.00150838 4.38706
-1.03218 -0.000200202 4.37511
-1.96068 0.217963 13.2592
-1.41017 0.49976 8.54375
-1.15896 -0.0384193 4.38287
-0.884182 0.329937 4.68608
-0.408437 0.0238978 6.90131
-0.639706 0.0407271 7.58957
-0.823739 -0.372159 5.97381
-0.256054 0.154434 6.62101
-0.238461 0.276957 3.96944
0.0229397 0.0362216 5.22609
0.185396 0.192861 4.51727
0.185827 0.148746 4.6639
0.123401 -0.146831 4.78138
-0.398909 0.302379 6.94132
-0.681523 0.363723 7.77722
-0.32198 -0.267991 6.63829
-0.804332 -0.316979 6.03918
0.0185637 0.206477 4.48727
0.220576 0.167999 4.43361
-0.907864 0.0392952 4.34112
-0.950466 0.0432405 4.34533
-0.921552 -0.000751977 4.34102
0.172612 -0.158424 4.72753
0.175204 -0.150519 4.62542
0.155955 0.309281 4.89443
0.0130254 -0.110715 5.17251
-0.0521626 -0.0932722 5.41037
-0.911878 -0.0696045 5.99399
-0.011918 -0.0248944 4.48721
0.149863 -0.198983 5.42116
0.0594258 -0.137017 5.17755
0.641836 0.107885 4.45977
0.482876 0.243864 4.05929
0.386273 0.213882 4.44657
0.470776 0.139143 4.42608
0.636932 -0.166503 4.50476
0.56905 -0.150064 4.45492
0.740533 -0.0388915 4.43801
0.759117 -0.114917 4.47398
0.546739 -0.0138176 4.44525
0.694594 0.0758053 4.43967
0.321809 -0.0880634 4.43147
0.3606 -0.103092 4.44795
0.40425 0.0719127 4.46663
0.445269 0.0782424 4.47802
0.462979 -0.0117629 4.4426
0.119077 0.182211 4.88374
0.0762767 0.267721 4.08344
0.206898 0.290368 4.30499
0.194907 -0.046259 4.58798
0.232122 -0.0151355 4.40833
0.261439 -0.097778 4.4338
0.237348 0.0641163 4.40295
0.189787 0.00615566 4.47358
-0.82539 -0.265741 6.33992
-1.36407 -0.446423 11.9889
-0.955817 -0.189027 5.08316
-0.887672 0.0693135 4.80951
-1.003 0.221301 5.55222
-0.820948 0.334577 4.29349
-1.23013 0.220668 4.63637
-1.06241 0.0844555 4.65964
-1.15638 -0.0165334 4.35918
-1.23554 0.208524 4.67566
-0.762939 0.327056 4.07337
0.170814 0.0102966 4.65956
0.354794 0.074407 4.36029
-0.885619 -0.0563971 4.86471
-0.64571 0.0386139 7.65219
-0.414432 -0.100095 6.92255
-0.862985 0.247168 4.60834
-0.886405 0.249766 4.62564
0.173225 0.15766 4.65333
-0.0505697 0.0920742 5.55549
0.0988271 0.172693 5.09176
-0.464053 0.439271 7.17733
-0.413869 0.297814 7.15524
-0.28492 0.282755 6.64024
-0.259169 -0.00407926 6.43702
-0.29872 0.00135871 6.66702
0.174425 0.241071 4.50077
-0.294446 -0.278146 6.62777
-0.255 0.151922 6.44741
-0.950366 0.00108948 4.42654
-0.499585 0.281238 7.17334
-0.673402 0.124908 7.72625
0.131599 -0.188035 4.80222
-0.958041 0.41441 8.85237
-1.09683 -0.0227645 4.378
-1.11501 -0.0283821 4.36958
0.0328482 0.0131589 4.51022
-0.0730784 0.0381065 5.47122
0.220116 0.139859 4.62879
-0.0298559 0.295699 5.41308
-0.00496887 0.20862 5.35739
0.166505 -0.130476 4.60916
0.174416 -0.161799 4.74561
-0.0537736 -0.0899572 5.4093
0.0124408 -0.120956 5.15532
-0.0282794 -0.13689 5.39231
-0.767875 -0.332334 6.29884
-0.867707 -0.148259 6.1604
-0.928002 -0.0729537 6.06442
-0.874573 -0.21741 6.25637
-1.96068 0.217963 13.2592
0.575421 0.120311 4.45543
0.684436 0.130094 4.46198
0.453195 0.260998 4.11616
0.397821 0.233405 4.42284
0.372698 0.12984 4.45786
0.476963 0.140368 4.44249
0.452085 0.115904 4.48202
0.317805 0.269229 4.3358
0.515456 -0.0306511 4.43637
0.568489 -0.150371 4.45359
0.638268 0.0696782 4.46892
0.672284 -0.0188833 4.46809
0.504302 -0.0426505 4.42105
0.459842 -0.10798 4.45055
0.354873 -0.011318 4.47575
0.449618 0.0318784 4.49685
0.117919 0.177854 4.88085
0.0795225 0.272152 4.10649
0.0741806 0.284617 4.36003
-0.0490402 0.300444 4.48663
0.23981 -0.105239 4.43979
0.198371 -0.123763 4.44434
0.203098 0.00299642 4.53552
-0.33905 -0.485958 6.63364
-0.0222088 0.085307 5.37981
-0.207367 0.265781 3.88774
-0.870606 0.211419 4.77807
-1.09205 0.32841 6.26443
-0.964312 0.369511 5.46904
-0.865786 -0.241053 6.31204
-0.545312 -0.263151 7.55381
-0.580322 -0.250003 5.96502
-0.986112 -0.165468 5.32952
-1.00838 -0.0387773 5.44235
-0.942733 -0.323968 5.89374
-0.883378 0.195244 4.80812
-0.84092 0.0711277 4.71166
-1.0699 0.251933 5.97221
-1.00041 0.101389 5.41931
-0.85492 0.320323 4.62426
-1.23051 0.219729 4.63602
-0.955397 0.0229718 4.33618
-1.22762 0.0917952 4.64098
-0.765805 0.327976 4.07769
-0.870179 0.316598 4.60986
0.19261 0.253929 4.60599
-0.248029 0.272065 6.50733
-0.369238 0.297179 6.92297
0.296174 -0.10323 4.44273
-0.580165 0.463233 7.46433
-0.376869 0.0193691 6.66373
-0.983128 0.0487301 10.4012
-0.482448 -0.0536778 7.13108
-0.274583 -0.121008 6.57501
-0.344024 -0.181561 6.67009
-0.293713 -0.273727 6.56646
0.0218901 -0.0249638 4.43128
-0.0154219 -0.0208505 4.41533
0.0439404 -0.131655 5.09529
0.098424 -0.143951 4.89001
0.00441005 -0.0232383 3.89248
-1.04106 0.4546 9.42648
-0.32681 -0.388366 6.66424
-0.780417 -0.336194 6.33539
-0.83432 -0.249181 6.28317
0.0399843 0.236231 4.79471
0.234937 0.194688 4.47111
0.222797 0.158191 4.58006
-0.0709431 0.0429573 5.56678
-0.137245 0.0192335 5.63809
-0.13571 -0.0382414 5.59348
-0.00208587 0.259479 5.08351
-0.00496887 0.20862 5.35739
-0.51653 0.284946 7.2989
-0.295326 0.000629971 6.59011
-0.384582 -0.0975766 6.77036
0.0204948 -0.126048 5.26057
-0.915707 -0.0918945 6.20697
0.681985 0.131279 4.45613
0.486955 0.24514 4.06684
0.386518 0.234766 3.94795
0.350723 0.146059 4.43207
0.477415 0.140109 4.44693
0.316188 0.267799 4.32959
0.700563 0.076122 4.44834
0.670232 -0.0185059 4.4654
0.455577 -0.104274 4.41349
0.297118 -0.00323794 4.41976
0.449914 0.0770798 4.49215
0.184377 0.192426 4.51679
0.119516 0.179321 4.9166
0.248404 0.193863 4.4272
0.194199 0.278473 4.2502
-0.100595 0.282289 4.08016
-0.0605938 0.281596 4.09327
0.02673 0.286042 4.45993
0.239185 -0.0160214 4.4416
0.229376 0.0963722 4.7478
0.173728 0.0249916 4.63236
0.113699 0.0565322 5.02139
0.211699 0.105098 4.58537
0.262185 -0.000169445 4.37589
-0.0764422 -0.208039 5.44214
-0.374678 0.174425 6.79093
-0.0505697 0.0920742 5.55549
-0.450747 0.342765 4.93037
-0.269846 0.28078 3.95971
-0.234614 0.291168 4.35547
-0.879043 0.212848 4.79808
-0.979596 0.370902 5.51371
-0.337671 0.288972 3.9529
-0.518182 -0.244909 7.24033
-1.3603 -0.431043 11.939
-0.986112 -0.165468 5.32952
-1.01333 -0.366767 6.1598
-1.17192 -0.213021 5.83366
-1.00056 0.21882 5.54801
-0.921303 0.282715 4.61464
-0.888857 0.0315466 4.34925
-0.986079 0.0189435 4.37663
-0.0502509 0.199023 5.60319
-0.05551 0.128041 5.6457
-0.174543 0.0923105 5.85034
0.398068 0.109033 4.35324
0.0179581 0.0350955 5.28593
0.206955 0.034137 4.58953
-2.00308 0.213741 13.5527
-0.275666 -0.000661737 6.41331
-0.390929 -0.0976913 6.82482
0.0606959 -0.190478 5.06987
-0.462839 0.432639 7.12738
-0.585025 0.46401 7.52709
-0.282023 -0.121186 6.62013
0.331023 0.24546 4.80299
0.208301 0.213014 4.56313
-1.1422 0.584207 8.89995
-0.828063 -0.280872 6.46136
-0.807995 -0.31591 6.14247
-0.191706 0.362991 6.28976
-0.296819 0.306795 7.18431
-0.64406 0.203058 7.68492
-0.93315 0.504443 8.48703
0.0868486 0.162957 4.95865
-1.10966 -0.0463846 4.39525
0.210181 0.207962 4.60539
-0.0556224 -0.0855687 5.34244
0.107543 -0.119136 4.77721
0.098424 -0.143951 4.89001
0.126617 -0.15117 4.82356
-0.960536 -0.0814569 6.18879
-0.874462 -0.145721 6.13431
-1.4396 0.355655 12.732
-0.163109 0.0521443 5.61748
-0.100118 -0.0298268 5.64726
-0.133859 -0.041445 5.63421
-0.0213047 0.27283 5.33147
-0.0415982 0.213914 5.45105
0.681071 0.126239 4.4586
0.376144 0.126041 4.45817
0.47703 0.139771 4.44987
0.405124 0.122247 4.34215
0.375993 0.302029 4.33496
0.652798 0.0681165 4.5056
0.552494 -0.0126824 4.45564
0.726323 -0.0210211 4.45154
0.666926 -0.0182892 4.45862
0.337591 -0.00581204 4.42155
0.460221 -0.011464 4.43637
0.4359 0.048229 4.48124
0.179807 0.160811 4.68611
0.118099 0.178833 4.90395
0.138829 0.271165 4.13072
-0.0773242 0.331671 5.55952
-0.0473617 0.280464 5.46034
0.044353 0.262012 4.57595
0.0276244 0.286795 4.46347
0.238363 -0.103802 4.4226
0.0943656 0.0195062 4.90455
-0.220183 -0.274118 6.36353
-0.0538365 -0.183871 5.52122
-0.391604 0.18182 6.93911
-0.302859 0.286186 3.96469
-0.241799 0.304044 4.43937
-0.882851 0.215653 4.80849
-0.975167 0.370456 5.51069
-0.804197 -0.316835 6.03772
-0.558968 -0.303042 7.83004
-1.3603 -0.431043 11.939
-0.436403 -0.293617 6.82351
-0.859748 -0.0592721 8.54661
-0.869873 0.189997 4.77814
-0.882902 0.0710526 4.80391
-1.06345 0.252435 5.94045
-0.862211 0.319223 4.6344
-0.908481 0.245141 4.61059
-0.898174 -0.0510019 4.32444
-1.21783 0.0927743 4.63257
-0.362959 0.292118 3.95917
0.110509 0.0395451 5.00739
0.0357814 0.0653592 5.61305
-0.0313329 0.088243 5.55357
0.0423256 -0.132853 5.11471
-0.0600736 0.0686515 5.39283
-0.122525 0.328373 5.05789
-0.356435 0.270418 6.51362
-0.311625 -0.294424 6.63416
-0.285328 -0.352011 6.59752
0.222541 0.170919 4.45598
0.212231 0.154385 4.53201
0.0291937 0.228564 4.70517
0.0796624 0.0125047 5.01889
0.202158 0.0354848 4.5799
0.203357 0.00328153 4.53491
-0.59124 0.332011 5.77824
-1.20144 0.550502 8.46495
0.0485672 0.0845418 4.73922
-0.0628297 0.0556989 5.67752
-0.131535 0.0207624 5.39667
0.127497 -0.152379 4.84614
0.108725 -0.150805 4.97104
-0.915555 -0.0620137 6.33529
-0.898298 -0.124811 6.24512
-1.12248 0.328057 9.82654
-2.25274 0.276224 16.5754
0.0138333 0.274975 5.31847
-0.042462 0.205433 5.38077
0.281756 0.260511 4.11772
0.24317 -0.104092 4.435
0.575413 0.118648 4.45364
-0.110115 0.267494 4.01675
-0.860847 0.318287 4.62672
-0.939742 0.323862 4.65375
0.736963 0.131524 4.54898
0.342271 -0.00522505 4.43443
0.302049 -0.00250386 4.44117
0.455077 0.125336 4.4767
-0.931148 0.353914 5.38701
0.50891 -0.0297301 4.42214
0.215877 0.274694 4.47375
0.692856 0.0753103 4.43252
-0.99828 -0.283542 9.43841
-0.622903 -0.273302 6.24153
0.3709 0.0906553 4.44141
-0.965791 0.212331 5.44642
0.564953 0.016791 4.44067
0.142551 0.290049 4.71709
0.170901 0.160233 4.61798
0.119177 0.178632 4.92373
-0.571251 0.438522 7.3427
-0.991808 -0.0381047 5.38611
0.164148 -0.150888 4.75339
0.105036 0.144445 4.86901
-1.1886 -0.0345412 7.36927
-0.0143851 -0.182365 5.5044
-0.782633 -0.333589 6.3153
-0.805155 -0.315461 6.11375
0.245807 0.191023 4.42021
0.0623824 0.28376 4.73541
-0.873643 0.216149 4.78827
0.464579 -0.0108489 4.45212
0.0709385 0.0651049 4.80204
-0.0465009 0.275246 5.4138
0.027607 0.204472 5.30203
-0.90522 -0.0616492 6.24794
-0.919126 -0.0888105 6.07841
-0.786767 -0.0551312 4.58271
-0.00503612 0.0399055 4.99161
-0.062163 0.0643516 5.58416
-1.13867 0.521576 8.14393
-1.17221 0.448549 7.94993
0.229248 0.100322 3.80836
0.556451 0.132927 4.44008
0.480556 0.136474 4.74294
-0.117325 0.279076 4.06792
-1.12196 -0.0301056 4.38215
0.118667 -0.150057 5.00124
-1.21871 0.09596 4.64421
0.681979 0.125106 4.46204
0.73437 0.117339 4.64139
0.477532 0.139113 4.45761
0.13579 0.267364 4.11748
0.20926 0.272674 4.44552
-0.879155 0.282714 4.61342
0.554462 -0.00836873 4.44677
0.513926 -0.0377687 4.43925
0.345138 -0.00646218 4.44745
0.461971 0.10929 4.50719
0.440331 0.0528487 4.49782
0.712556 0.0747457 4.46642
-0.890767 0.0317595 4.34487
-0.892212 -0.0182553 4.40447
-1.0964 -0.316917 10.0428
-0.388048 -0.28595 6.63339
-0.617907 -0.272062 6.1984
-0.91312 -0.00530431 4.31199
-1.08654 -0.017122 4.39675
-1.07002 0.0857939 4.65966
-1.16093 0.148602 4.68935
-0.878913 0.0722976 4.79939
0.38377 0.0893954 4.48191
0.383643 0.0243988 4.50113
0.30242 0.0224751 4.45344
0.10467 0.146941 4.91007
0.178223 0.0110585 4.70041
0.115808 0.0491206 5.05938
-0.150557 0.139155 6.26587
-0.161606 0.0585818 5.39397
-0.406745 0.00553976 7.01005
0.184217 0.196606 4.47515
-0.55138 0.412837 7.10583
-0.986252 0.515069 8.73068
-0.0508832 -0.0928335 5.45001
0.021789 -0.123939 5.23337
-0.311625 -0.294424 6.63416
-0.949678 -0.0353959 5.26756
-0.981523 -0.16092 5.31885
-0.804056 -0.275056 6.28793
-1.18694 -0.0387748 7.35437
-0.434592 0.336372 4.88077
-0.0769789 0.323055 5.59314
-0.186558 0.363813 6.33604
-0.273634 0.269049 6.51416
-0.533504 -0.0728109 7.48607
0.0326243 0.184736 4.94691
-0.824888 -0.110962 5.63342
0.0246438 0.281145 4.43459
0.457992 -0.00796023 4.43994
0.667435 -0.017492 4.46739
0.0636968 0.282194 4.65789
0.042451 0.311471 4.99493
-0.238946 0.305956 4.47593
-0.855547 0.313618 4.61363
-0.912365 0.296795 4.61551
0.0226215 0.277326 4.41885
-0.0449607 0.291972 4.42934
0.649034 -0.0146747 4.43295
0.231521 -0.0126973 4.43874
0.201887 0.00921 4.55094
0.34424 -0.00264339 4.43294
0.277673 0.0013521 4.36097
0.675541 0.126535 4.45459
0.584061 0.103555 4.36511
0.352777 0.140966 4.43078
-0.962215 0.0215788 4.3264
-1.00924 0.00971109 4.36374
-1.00814 0.372909 5.61834
-1.15351 0.380783 6.22173
0.56035 -0.0121777 4.46927
0.508727 -0.0139455 4.45878
-1.13545 0.146418 4.64754
0.203164 0.261876 4.37222
0.469393 0.136568 4.4465
0.427334 0.121684 4.42865
-0.735126 0.0474212 4.58083
0.382989 0.0322686 4.48264
0.39561 0.0294573 4.35127
0.346172 0.0617693 4.27305
0.574586 0.115678 4.44186
-0.833543 0.407877 7.67159
0.178808 0.161626 4.65109
0.115451 0.178389 4.90898
0.671612 0.0786447 4.62415
0.177283 0.0197823 4.69776
-0.594913 -0.329243 8.17013
-1.11073 0.262592 6.0686
-0.415103 0.327157 4.79945
-1.13205 0.5279 8.21055
-1.46779 0.539965 9.06704
-0.273584 0.161223 6.56053
-0.863813 -0.229572 6.27271
-1.05002 0.00953469 7.19323
-0.126187 -0.0460659 5.68163
-0.214947 -0.278526 6.37405
0.0316179 -0.131654 5.19688
0.238601 0.187925 4.40738
0.210049 0.169761 4.40304
0.0765529 0.0951473 5.23639
-0.0593747 0.132691 5.53777
0.0406024 0.197939 5.19584
0.156746 0.241004 4.43058
0.451851 -0.00672905 4.42975
