0.189787 0.00615566 4.47358
-0.868186 0.240963 4.61525
0.572572 0.0226345 4.46105
-0.973048 -0.0542589 5.09598
-0.869121 -0.245389 6.32584
-1.15638 -0.0165334 4.35918
-0.045234 0.349277 5.62803
-0.408437 0.0238978 6.90131
0.149863 -0.198983 5.42116
-0.381728 0.206607 4.35061
-1.3697 0.487584 8.34068
0.00432879 0.295654 4.40334
-0.663939 0.127787 7.66936
-0.911878 -0.0696045 5.99399
-0.0505212 -0.188477 5.50761
0.719427 0.114883 4.47626
0.476963 0.140368 4.44249
0.454665 -0.106546 4.43468
0.40425 0.0719127 4.46663
0.295204 -0.00238099 4.40767
0.437317 0.0305305 4.46525
0.185827 0.148746 4.6639
0.257891 -0.0953013 4.41992
-2.24209 1.94853 15.2483
-1.35867 -0.440766 11.9635
-0.961498 -0.161698 5.26231
-0.820948 0.334577 4.29349
-0.950466 0.0432405 4.34533
0.579329 0.0206927 4.4753
0.546739 -0.0138176 4.44525
-1.03218 -0.000200202 4.37511
-0.256054 0.154434 6.62101
0.173806 -0.11868 4.50453
-0.240714 0.268694 6.45839
-0.359671 0.294829 6.84907
-0.476174 -0.0475547 7.13492
0.0969594 -0.140904 4.96837
0.121289 -0.143406 4.7494
0.131599 -0.188035 4.80222
0.174425 0.241071 4.50077
-0.308699 -0.3898 6.59222
-0.382908 -0.368593 6.7708
-0.907864 0.0392952 4.34112
-1.00916 -0.00150838 4.38706
-0.823739 -0.372159 5.97381
-0.256218 -0.00736233 6.56108
-0.267212 -0.120401 6.50867
-0.38474 -0.102399 6.84437
-0.950366 0.00108948 4.42654
0.0185637 0.206477 4.48727
-0.238461 0.276957 3.96944
-0.32198 -0.267991 6.63829
-0.44401 -0.292704 6.89113
-0.499585 0.281238 7.17334
-0.659576 0.208536 7.63707
-0.681523 0.363723 7.77722
-0.958041 0.41441 8.85237
0.185396 0.192861 4.51727
0.00227637 0.289841 4.37108
0.172612 -0.158424 4.72753
-0.767875 -0.332334 6.29884
-0.804332 -0.316979 6.03918
-0.011918 -0.0248944 4.48721
0.0594258 -0.137017 5.17755
-0.0521626 -0.0932722 5.41037
0.641836 0.107885 4.45977
0.470776 0.139143 4.42608
0.56905 -0.150064 4.45492
0.533451 -0.105181 4.43028
0.442117 -0.0976266 4.42737
0.303123 -0.00458334 4.43609
0.462979 -0.0117629 4.4426
0.443364 0.0300726 4.48168
0.119077 0.182211 4.88374
0.220576 0.167999 4.43361
0.206898 0.290368 4.30499
-0.0490402 0.300444 4.48663
0.155241 -0.0665562 4.64901
0.232122 -0.0151355 4.40833
0.194907 -0.046259 4.58798
0.23981 -0.105239 4.43979
0.183015 0.00752437 4.7327
-0.964312 0.369511 5.46904
-0.82539 -0.265741 6.33992
-1.36407 -0.446423 11.9889
-0.983837 -0.0347386 5.38481
-0.887672 0.0693135 4.80951
-1.003 0.221301 5.55222
-0.930268 0.326572 4.6171
-0.936489 0.282798 4.6136
-1.06241 0.0844555 4.65964
-1.23554 0.208524 4.67566
-1.23013 0.220668 4.63637
-0.222036 0.0905471 6.44736
0.183829 0.147106 4.64876
-0.0730784 0.0381065 5.47122
-0.207402 0.343777 6.43799
0.202743 0.0942856 4.54152
-0.337671 0.288972 3.9529
-0.942733 -0.323968 5.89374
0.0565588 0.280572 4.74417
0.382032 0.252763 4.14366
0.177393 0.263523 4.40088
-0.330677 -0.395514 6.71394
-0.394346 -0.375904 6.83924
-0.33905 -0.485958 6.63364
-0.955397 0.0229718 4.33618
0.123401 -0.146831 4.78138
-0.639706 0.0407271 7.58957
-0.474815 -0.0473738 7.03622
-0.82889 -0.0824582 8.25564
0.0988271 0.172693 5.09176
-0.413869 0.297814 7.15524
-0.255 0.151922 6.44741
-0.248029 0.272065 6.50733
-1.15896 -0.0384193 4.38287
-0.323268 0.299135 3.99866
-1.09683 -0.0227645 4.378
-1.12342 -0.0272137 4.37808
-0.164759 0.0488146 5.60589
0.220116 0.139859 4.62879
-0.0537494 -0.0842708 5.40127
-0.0282794 -0.13689 5.39231
-0.51653 0.284946 7.2989
-0.673402 0.124908 7.72625
-0.29872 0.00135871 6.66702
-0.0222088 0.085307 5.37981
-0.0505697 0.0920742 5.55549
-0.0298559 0.295699 5.41308
-0.00496887 0.20862 5.35739
0.0328482 0.0131589 4.51022
-0.911695 -0.0892513 6.16936
-0.928002 -0.0729537 6.06442
0.166505 -0.130476 4.60916
0.0218901 -0.0249638 4.43128
-0.0154219 -0.0208505 4.41533
-1.96068 0.217963 13.2592
0.562103 0.135808 4.45665
0.386273 0.213882 4.44657
0.372698 0.12984 4.45786
0.397821 0.233405 4.42284
0.317805 0.269229 4.3358
0.515456 -0.0306511 4.43637
0.568489 -0.150371 4.45359
0.582754 0.0204716 4.48315
0.499117 -0.010871 4.43658
0.694594 0.0758053 4.43967
0.672284 -0.0188833 4.46809
0.3606 -0.103092 4.44795
0.261439 -0.097778 4.4338
0.409772 -0.104541 4.44555
0.354873 -0.011318 4.47575
0.445269 0.0782424 4.47802
0.449618 0.0318784 4.49685
0.155955 0.309281 4.89443
0.117919 0.177854 4.88085
0.234937 0.194688 4.47111
0.0762767 0.267721 4.08344
0.0741806 0.284617 4.36003
0.194199 0.278473 4.2502
-0.0972798 0.283321 4.08664
-0.0605938 0.281596 4.09327
0.237348 0.0641163 4.40295
0.203098 0.00299642 4.53552
-0.222946 -0.269975 6.34047
-0.207367 0.265781 3.88774
-0.870606 0.211419 4.77807
-1.09205 0.32841 6.26443
-0.979596 0.370902 5.51371
-0.865786 -0.241053 6.31204
-0.885619 -0.0563971 4.86471
-0.955817 -0.189027 5.08316
-1.00838 -0.0387773 5.44235
-0.883378 0.195244 4.80812
-1.0699 0.251933 5.97221
-0.884182 0.329937 4.68608
-0.926219 0.321957 4.60762
-0.921553 0.261143 4.61594
-1.23051 0.219729 4.63602
-1.22762 0.0917952 4.64098
0.452085 0.115904 4.48202
0.449914 0.0770798 4.49215
0.098424 -0.143951 4.89001
-0.986079 0.0189435 4.37663
-0.296819 0.306795 7.18431
-0.369238 0.297179 6.92297
-0.32681 -0.388366 6.66424
-1.11501 -0.0283821 4.36958
-0.0502509 0.199023 5.60319
-0.0389255 0.0887015 5.4647
-0.862985 0.247168 4.60834
-0.886405 0.249766 4.62564
0.0111691 0.0590601 5.17308
-0.0709431 0.0429573 5.56678
-1.04106 0.4546 9.42648
-0.580165 0.463233 7.46433
-0.274583 -0.121008 6.57501
-0.294446 -0.278146 6.62777
-0.436403 -0.293617 6.82351
0.19261 0.253929 4.60599
-0.295326 0.000629971 6.59011
-0.376869 0.0193691 6.66373
-0.384582 -0.0975766 6.77036
0.221176 0.146487 4.61763
-0.773639 0.247375 8.12014
-0.651636 0.213143 7.55038
-0.983128 0.0487301 10.4012
-0.482448 -0.0536778 7.13108
-0.780417 -0.336194 6.33539
-0.83432 -0.249181 6.28317
-1.96068 0.217963 13.2592
-0.0537736 -0.0899572 5.4093
0.0439404 -0.131655 5.09529
-0.137245 0.0192335 5.63809
-0.13571 -0.0382414 5.59348
-0.00496887 0.20862 5.35739
-0.0415982 0.213914 5.45105
-0.915707 -0.0918945 6.20697
-0.867707 -0.148259 6.1604
0.575421 0.120311 4.45543
0.684436 0.130094 4.46198
0.405124 0.122247 4.34215
0.316188 0.267799 4.32959
0.638268 0.0696782 4.46892
0.670232 -0.0185059 4.4654
0.459842 -0.10798 4.45055
0.297118 -0.00323794 4.41976
0.173225 0.15766 4.65333
0.119516 0.179321 4.9166
0.248404 0.193863 4.4272
0.0795225 0.272152 4.10649
-0.100595 0.282289 4.08016
0.02673 0.286042 4.45993
0.239185 -0.0160214 4.4416
0.170814 0.0102966 4.65956
-0.374678 0.174425 6.79093
-0.450747 0.342765 4.93037
-0.269846 0.28078 3.95971
-0.301756 0.284944 3.95831
-0.233697 0.27503 3.93227
-0.241799 0.304044 4.43937
-0.879043 0.212848 4.79808
-0.362959 0.292118 3.95917
-0.874573 -0.21741 6.25637
-0.545312 -0.263151 7.55381
-0.580322 -0.250003 5.96502
-1.01333 -0.366767 6.1598
-0.986112 -0.165468 5.32952
-0.84092 0.0711277 4.71166
-1.00056 0.21882 5.54801
-1.00041 0.101389 5.41931
-0.921303 0.282715 4.61464
-0.898763 -0.0514002 4.32357
-1.1662 0.140132 4.6961
-1.1462 -0.0392835 4.36401
-0.275666 -0.000661737 6.41331
-0.390929 -0.0976913 6.82482
-0.0556224 -0.0855687 5.34244
0.208301 0.213014 4.56313
0.202158 0.0354848 4.5799
-0.879155 0.282714 4.61342
0.229376 0.0963722 4.7478
0.0943656 0.0195062 4.90455
-1.10966 -0.0463846 4.39525
0.145012 -0.154101 4.77134
-0.970689 -0.0185249 6.48619
0.0357814 0.0653592 5.61305
0.184377 0.192426 4.51679
0.222797 0.158191 4.58006
0.0460856 0.0926085 5.0326
-0.163109 0.0521443 5.61748
-0.133859 -0.041445 5.63421
-0.828063 -0.280872 6.46136
-0.862643 -0.233279 6.27538
-0.804197 -0.316835 6.03772
-0.93315 0.504443 8.48703
-0.293713 -0.273727 6.56646
0.107543 -0.119136 4.77721
0.098424 -0.143951 4.89001
0.126617 -0.15117 4.82356
-1.12248 0.328057 9.82654
-2.00308 0.213741 13.5527
0.0399843 0.236231 4.79471
-0.951792 -0.0912591 6.30153
-0.960536 -0.0814569 6.18879
-0.874462 -0.145721 6.13431
-0.0213047 0.27283 5.33147
0.681985 0.131279 4.45613
0.350723 0.146059 4.43207
0.477415 0.140109 4.44693
0.552494 -0.0126824 4.45564
0.700563 0.076122 4.44834
0.652798 0.0681165 4.5056
0.666926 -0.0182892 4.45862
0.337591 -0.00581204 4.42155
0.302049 -0.00250386 4.44117
0.460221 -0.011464 4.43637
0.4359 0.048229 4.48124
0.179807 0.160811 4.68611
0.118099 0.178833 4.90395
0.245807 0.191023 4.42021
0.123814 0.320105 4.59709
0.138829 0.271165 4.13072
0.044353 0.262012 4.57595
0.0276244 0.286795 4.46347
0.238363 -0.103802 4.4226
-0.282023 -0.121186 6.62013
0.0204948 -0.126048 5.26057
0.0423256 -0.132853 5.11471
-0.0538365 -0.183871 5.52122
-0.391604 0.18182 6.93911
-0.585025 0.46401 7.52709
-0.302859 0.286186 3.96469
-0.234614 0.291168 4.35547
-0.873643 0.216149 4.78827
-1.05963 0.397795 5.96354
-0.975167 0.370456 5.51069
-0.518182 -0.244909 7.24033
-1.3603 -0.431043 11.939
-0.613515 -0.268932 6.16554
-0.991808 -0.0381047 5.38611
-0.986112 -0.165468 5.32952
-0.869873 0.189997 4.77814
-0.882902 0.0710526 4.80391
-1.06345 0.252435 5.94045
-0.915731 0.296723 4.61989
-0.908481 0.245141 4.61059
-0.898174 -0.0510019 4.32444
-0.0313329 0.088243 5.55357
0.20926 0.272674 4.44552
0.185928 0.269377 4.57499
-0.490352 -0.0563626 7.13653
-0.100118 -0.0298268 5.64726
-0.804056 -0.275056 6.28793
-0.807995 -0.31591 6.14247
-0.64406 0.203058 7.68492
0.110509 0.0395451 5.00739
-0.729575 0.35624 5.86979
-1.20144 0.550502 8.46495
-1.17221 0.448549 7.94993
-0.152385 0.320791 4.94596
-0.59124 0.332011 5.77824
-0.995943 0.500659 8.64758
-0.015518 0.0638695 4.70543
-0.0600736 0.0686515 5.39283
-0.571251 0.438522 7.3427
-0.311625 -0.294424 6.63416
-0.915555 -0.0620137 6.33529
-0.898298 -0.124811 6.24512
0.206955 0.034137 4.58953
0.203357 0.00328153 4.53491
-2.25274 0.276224 16.5754
0.50891 -0.0297301 4.42214
0.513926 -0.0377687 4.43925
0.210181 0.207962 4.60539
0.0138333 0.274975 5.31847
-0.0473617 0.280464 5.46034
0.027607 0.204472 5.30203
-0.042462 0.205433 5.38077
0.575413 0.118648 4.45364
0.681071 0.126239 4.4586
0.353634 0.144526 4.43934
0.47703 0.139771 4.44987
0.443061 0.122291 4.45027
0.577531 0.0805801 4.4569
0.345138 -0.00646218 4.44745
0.276659 -0.00200281 4.43521
0.3709 0.0906553 4.44141
0.164075 0.29001 4.69242
0.170901 0.160233 4.61798
0.119177 0.178632 4.92373
0.234299 0.193895 4.46083
0.222541 0.170919 4.45598
0.13579 0.267364 4.11748
-0.356435 0.270418 6.51362
-0.110115 0.267494 4.01675
0.105036 0.144445 4.86901
-0.220183 -0.274118 6.36353
-0.406745 0.00553976 7.01005
-0.882851 0.215653 4.80849
-0.931148 0.353914 5.38701
-0.558968 -0.303042 7.83004
-1.3603 -0.431043 11.939
-1.1886 -0.0345412 7.36927
-0.981523 -0.16092 5.31885
-1.06134 0.254761 5.92329
-1.18436 0.145796 4.72924
-0.984226 0.0118154 4.32732
-1.21783 0.0927743 4.63257
-0.949678 -0.0353959 5.26756
0.464579 -0.0108489 4.45212
0.375993 0.302029 4.33496
-0.862211 0.319223 4.6344
-0.122525 0.328373 5.05789
0.118667 -0.150057 5.00124
-0.90522 -0.0616492 6.24794
-0.902367 -0.138416 6.1415
-0.919126 -0.0888105 6.07841
-0.852287 -0.0508649 8.53533
-0.00503612 0.0399055 4.99161
-0.355349 -0.207803 6.84068
-0.398485 -0.215909 6.5761
0.30242 0.0224751 4.45344
0.556451 0.132927 4.44008
0.342271 -0.00522505 4.43443
0.736963 0.131524 4.54898
0.73437 0.117339 4.64139
-0.855547 0.313618 4.61363
0.0246438 0.281145 4.43459
-0.0468277 0.292556 4.43798
-1.21871 0.09596 4.64421
0.477532 0.139113 4.45761
-1.04449 0.392361 5.9212
-0.594913 -0.329243 8.17013
-0.99828 -0.283542 9.43841
-0.617907 -0.272062 6.1984
0.387128 0.262362 4.20546
-1.09958 0.010611 4.30173
0.671612 0.0786447 4.62415
0.564953 0.016791 4.44067
0.215877 0.274694 4.47375
0.56035 -0.0121777 4.46927
0.496332 -0.0323876 4.39612
0.0623824 0.28376 4.73541
0.115451 0.178389 4.90898
-0.878913 0.0722976 4.79939
-1.08253 0.181758 4.6821
-1.07002 0.0857939 4.65966
-1.08654 -0.017122 4.39675
-0.890767 0.0317595 4.34487
-0.892212 -0.0182553 4.40447
-0.91312 -0.00530431 4.31199
-1.18694 -0.0387748 7.35437
-0.434592 0.336372 4.88077
-1.13867 0.521576 8.14393
-0.786767 -0.0551312 4.58271
-0.380873 0.320673 4.72553
-0.55138 0.412837 7.10583
-0.986252 0.515069 8.73068
-0.873155 -0.182274 6.18423
0.38377 0.0893954 4.48191
0.440331 0.0528487 4.49782
0.383643 0.0243988 4.50113
0.184217 0.196606 4.47515
0.212231 0.154385 4.53201
0.10467 0.146941 4.91007
0.178223 0.0110585 4.70041
0.021789 -0.123939 5.23337
-0.0143851 -0.182365 5.5044
-0.311625 -0.294424 6.63416
-0.186558 0.363813 6.33604
-0.386696 0.276191 6.87044
-0.0628297 0.0556989 5.67752
-0.533504 -0.0728109 7.48607
0.0272373 0.231582 4.74577
-0.0769789 0.323055 5.59314
0.0326243 0.184736 4.94691
0.457992 -0.00796023 4.43994
0.667435 -0.017492 4.46739
-0.273584 0.161223 6.56053
-0.388048 -0.28595 6.63339
-1.13205 0.5279 8.21055
-1.46779 0.539965 9.06704
0.681979 0.125106 4.46204
0.352777 0.140966 4.43078
0.0226215 0.277326 4.41885
-0.0449607 0.291972 4.42934
-0.962215 0.0215788 4.3264
-1.00924 0.00971109 4.36374
-1.17064 0.186458 4.75208
-1.16093 0.148602 4.68935
-0.912365 0.296795 4.61551
0.231521 -0.0126973 4.43874
0.201887 0.00921 4.55094
-1.0964 -0.316917 10.0428
-0.67469 -0.36688 8.87674
0.34424 -0.00264339 4.43294
-0.735126 0.0474212 4.58083
0.427334 0.121684 4.42865
-1.00814 0.372909 5.61834
0.203164 0.261876 4.37222
0.175092 0.261957 4.52713
-1.11073 0.262592 6.0686
0.554462 -0.00836873 4.44677
0.508727 -0.0139455 4.45878
-0.833543 0.407877 7.67159
-0.990589 0.0461151 6.33757
-0.415103 0.327157 4.79945
-0.0508832 -0.0928335 5.45001
0.0316179 -0.131654 5.19688
0.0636968 0.282194 4.65789
0.178808 0.161626 4.65109
0.109536 0.176753 4.8922
0.213942 0.118574 4.61733
0.177283 0.0197823 4.69776
0.109991 0.0169064 4.89733
-0.161606 0.0585818 5.39397
-1.11889 0.131386 8.46159
0.238601 0.187925 4.40738
0.156746 0.241004 4.43058
0.210049 0.169761 4.40304
-0.126187 -0.0460659 5.68163
-0.214947 -0.278526 6.37405
-0.0593747 0.132691 5.53777
0.0765529 0.0951473 5.23639
0.346172 0.0617693 4.27305
0.382989 0.0322686 4.48264
0.0406024 0.197939 5.19584
0.451851 -0.00672905 4.42975
0.649034 -0.0146747 4.43295
