-1.15638 -0.0165334 4.35918
-1.23554 0.208524 4.67566
0.321809 -0.0880634 4.43147
-0.436656 -0.458424 6.86303
-1.03218 -0.000200202 4.37511
0.0185637 0.206477 4.48727
-0.256218 -0.00736233 6.56108
-0.267212 -0.120401 6.50867
-0.381728 0.206607 4.35061
-0.44401 -0.292704 6.89113
-0.659576 0.208536 7.63707
-0.663939 0.127787 7.66936
0.149863 -0.198983 5.42116
-0.823739 -0.372159 5.97381
0.257891 -0.0953013 4.41992
0.295204 -0.00238099 4.40767
0.40425 0.0719127 4.46663
0.232122 -0.0151355 4.40833
0.183015 0.00752437 4.7327
-2.24209 1.94853 15.2483
-0.864869 0.324623 4.64809
-0.983837 -0.0347386 5.38481
-0.961498 -0.161698 5.26231
-1.23913 0.22298 4.64869
0.189787 0.00615566 4.47358
0.499117 -0.010871 4.43658
0.155955 0.309281 4.89443
-0.401742 0.179598 6.90109
-0.240714 0.268694 6.45839
-0.359671 0.294829 6.84907
-0.398909 0.302379 6.94132
-0.882498 -0.363252 5.96343
-0.639706 0.0407271 7.58957
0.206898 0.290368 4.30499
-0.973048 -0.0542589 5.09598
-0.256054 0.154434 6.62101
-0.82539 -0.265741 6.33992
-0.869121 -0.245389 6.32584
-0.950466 0.0432405 4.34533
-0.905174 -0.00420179 4.29983
-1.00916 -0.00150838 4.38706
-0.408437 0.0238978 6.90131
-0.38474 -0.102399 6.84437
0.0741806 0.284617 4.36003
-0.921552 -0.000751977 4.34102
-1.3697 0.487584 8.34068
0.121289 -0.143406 4.7494
0.172612 -0.158424 4.72753
-0.545312 -0.263151 7.55381
-0.32198 -0.267991 6.63829
-0.763617 0.241182 8.03887
0.174425 0.241071 4.50077
-0.804332 -0.316979 6.03918
-0.781687 -0.380813 5.94179
0.0969594 -0.140904 4.96837
0.185396 0.192861 4.51727
0.185827 0.148746 4.6639
-0.011918 -0.0248944 4.48721
0.0130254 -0.110715 5.17251
0.641836 0.107885 4.45977
0.476963 0.140368 4.44249
0.56905 -0.150064 4.45492
0.636932 -0.166503 4.50476
0.694594 0.0758053 4.43967
0.322637 -0.0985179 4.43772
0.454665 -0.106546 4.43468
0.3606 -0.103092 4.44795
0.361713 0.0505055 4.4368
0.220576 0.167999 4.43361
-0.0490402 0.300444 4.48663
0.164723 0.0747108 4.62596
-0.330677 -0.395514 6.71394
-0.85492 0.320323 4.62426
-1.35867 -0.440766 11.9635
-0.883378 0.195244 4.80812
-0.887672 0.0693135 4.80951
-1.0699 0.251933 5.97221
-0.820948 0.334577 4.29349
-1.06241 0.0844555 4.65964
-1.09683 -0.0227645 4.378
-1.23013 0.220668 4.63637
-0.885619 -0.0563971 4.86471
-0.942733 -0.323968 5.89374
-0.337671 0.288972 3.9529
-1.0387 -0.00162465 4.38159
-0.955397 0.0229718 4.33618
-0.369238 0.297179 6.92297
-0.28992 0.159988 6.65014
-0.255 0.151922 6.44741
0.229376 0.0963722 4.7478
-0.33905 -0.485958 6.63364
0.170465 -0.145879 4.59347
0.119077 0.182211 4.88374
0.0988271 0.172693 5.09176
0.354794 0.074407 4.36029
-0.886405 0.249766 4.62564
-0.921553 0.261143 4.61594
-0.0730784 0.0381065 5.47122
-0.0883398 -0.0119638 5.52487
-0.29872 0.00135871 6.66702
-0.474815 -0.0473738 7.03622
-0.64571 0.0386139 7.65219
-0.0282794 -0.13689 5.39231
-1.96068 0.217963 13.2592
-0.867707 -0.148259 6.1604
-0.865786 -0.241053 6.31204
-1.12342 -0.0272137 4.37808
-1.15896 -0.0384193 4.38287
0.0328482 0.0131589 4.51022
-0.0222088 0.085307 5.37981
-0.0505697 0.0920742 5.55549
-0.00496887 0.20862 5.35739
0.0218901 -0.0249638 4.43128
-0.958041 0.41441 8.85237
0.0229397 0.0362216 5.22609
0.123401 -0.146831 4.78138
0.174416 -0.161799 4.74561
0.131599 -0.188035 4.80222
-0.651636 0.213143 7.55038
-0.673402 0.124908 7.72625
-0.319721 -0.271614 6.66476
-0.436403 -0.293617 6.82351
0.220116 0.139859 4.62879
0.183829 0.147106 4.64876
-0.0154219 -0.0208505 4.41533
0.0124408 -0.120956 5.15532
0.386273 0.213882 4.44657
0.470776 0.139143 4.42608
0.372698 0.12984 4.45786
0.317805 0.269229 4.3358
0.515456 -0.0306511 4.43637
0.568489 -0.150371 4.45359
0.546739 -0.0138176 4.44525
0.638268 0.0696782 4.46892
0.239185 -0.0160214 4.4416
0.23981 -0.105239 4.43979
0.354873 -0.011318 4.47575
0.445269 0.0782424 4.47802
0.462979 -0.0117629 4.4426
0.173225 0.15766 4.65333
0.0762767 0.267721 4.08344
-0.0605938 0.281596 4.09327
0.00227637 0.289841 4.37108
0.098424 -0.143951 4.89001
0.198371 -0.123763 4.44434
-0.294446 -0.278146 6.62777
-0.238461 0.276957 3.96944
-0.884182 0.329937 4.68608
-0.870606 0.211419 4.77807
-1.09205 0.32841 6.26443
-0.964312 0.369511 5.46904
-1.36407 -0.446423 11.9889
-0.580322 -0.250003 5.96502
-1.00838 -0.0387773 5.44235
-0.84092 0.0711277 4.71166
-1.003 0.221301 5.55222
-1.00041 0.101389 5.41931
-0.873238 0.280712 4.59791
-0.907864 0.0392952 4.34112
-1.22762 0.0917952 4.64098
-0.413869 0.297814 7.15524
-0.374678 0.174425 6.79093
-1.11501 -0.0283821 4.36958
-0.911695 -0.0892513 6.16936
0.248404 0.193863 4.4272
-0.0537736 -0.0899572 5.4093
-0.874462 -0.145721 6.13431
-0.296819 0.306795 7.18431
0.175204 -0.150519 4.62542
-0.32681 -0.388366 6.66424
-0.970689 -0.0185249 6.48619
0.203098 0.00299642 4.53552
0.170814 0.0102966 4.65956
-0.197132 0.346294 5.39651
0.117919 0.177854 4.88085
0.0818508 -0.124355 4.89096
-0.259169 -0.00407926 6.43702
-0.13571 -0.0382414 5.59348
-0.983128 0.0487301 10.4012
-0.0709431 0.0429573 5.56678
0.19261 0.253929 4.60599
0.167433 0.22459 4.47993
0.0439404 -0.131655 5.09529
0.184377 0.192426 4.51679
0.179807 0.160811 4.68611
0.14695 -0.127963 4.71528
-0.376869 0.0193691 6.66373
-0.414432 -0.100095 6.92255
-0.83432 -0.249181 6.28317
-0.773639 0.247375 8.12014
-0.0773242 0.331671 5.55952
-0.00496887 0.20862 5.35739
-0.0502509 0.199023 5.60319
-0.580165 0.463233 7.46433
-1.04106 0.4546 9.42648
-0.491569 -0.171497 7.16454
-0.293713 -0.273727 6.56646
-0.518182 -0.244909 7.24033
0.0179581 0.0350955 5.28593
0.575421 0.120311 4.45543
0.477415 0.140109 4.44693
0.684436 0.130094 4.46198
0.350723 0.146059 4.43207
0.452085 0.115904 4.48202
0.316188 0.267799 4.32959
0.672284 -0.0188833 4.46809
0.409772 -0.104541 4.44555
0.449914 0.0770798 4.49215
0.222797 0.158191 4.58006
0.123814 0.320105 4.59709
0.02673 0.286042 4.45993
0.138829 0.271165 4.13072
-0.248029 0.272065 6.50733
-0.0972798 0.283321 4.08664
0.0643602 -0.127071 5.06494
-0.274583 -0.121008 6.57501
-0.0764422 -0.208039 5.44214
-0.261184 0.154578 6.46859
-0.207367 0.265781 3.88774
-0.234614 0.291168 4.35547
-0.879043 0.212848 4.79808
-0.979596 0.370902 5.51371
-0.362959 0.292118 3.95917
-1.01333 -0.366767 6.1598
-1.3603 -0.431043 11.939
-1.96068 0.217963 13.2592
-0.986112 -0.165468 5.32952
-0.921303 0.282715 4.61464
-1.23051 0.219729 4.63602
-0.986079 0.0189435 4.37663
-0.898174 -0.0510019 4.32444
-0.317827 -0.421264 6.61078
-0.0389255 0.0887015 5.4647
-1.1445 -0.0223503 4.47248
-0.390929 -0.0976913 6.82482
-0.482448 -0.0536778 7.13108
-0.828063 -0.280872 6.46136
-0.780417 -0.336194 6.33539
-0.804197 -0.316835 6.03772
-1.10494 0.503773 7.86982
-1.0539 0.0352349 10.3926
-0.874573 -0.21741 6.25637
0.0399843 0.236231 4.79471
0.027607 0.204472 5.30203
0.0204948 -0.126048 5.26057
0.211699 0.105098 4.58537
0.119516 0.179321 4.9166
0.0868486 0.162957 4.95865
-0.93315 0.504443 8.48703
-1.1422 0.584207 8.89995
0.0943656 0.0195062 4.90455
0.206955 0.034137 4.58953
0.173728 0.0249916 4.63236
0.107543 -0.119136 4.77721
0.145012 -0.154101 4.77134
0.280145 -0.299235 5.88868
-0.137245 0.0192335 5.63809
-0.0600736 0.0686515 5.39283
-0.100118 -0.0298268 5.64726
0.098424 -0.143951 4.89001
0.0606959 -0.190478 5.06987
-0.585025 0.46401 7.52709
-0.303542 -0.119374 6.6725
-0.0213047 0.27283 5.33147
-0.0415982 0.213914 5.45105
0.681985 0.131279 4.45613
0.405124 0.122247 4.34215
0.376144 0.126041 4.45817
0.460221 -0.011464 4.43637
0.652798 0.0681165 4.5056
0.670232 -0.0185059 4.4654
0.297118 -0.00323794 4.41976
0.262185 -0.000169445 4.37589
0.044353 0.262012 4.57595
0.237804 0.195535 4.47606
0.0276244 0.286795 4.46347
0.184285 0.267784 4.55789
-0.125962 0.314673 4.96525
-0.191706 0.362991 6.28976
-0.462839 0.432639 7.12738
-0.100595 0.282289 4.08016
-0.282023 -0.121186 6.62013
-0.0556224 -0.0855687 5.34244
0.0423256 -0.132853 5.11471
-0.0538365 -0.183871 5.52122
-0.391604 0.18182 6.93911
-0.450747 0.342765 4.93037
-0.269846 0.28078 3.95971
-0.301756 0.284944 3.95831
-0.873643 0.216149 4.78827
-0.975167 0.370456 5.51069
-0.915707 -0.0918945 6.20697
-1.3603 -0.431043 11.939
-2.25274 0.276224 16.5754
-0.986112 -0.165468 5.32952
-0.869873 0.189997 4.77814
-0.882902 0.0710526 4.80391
-1.06345 0.252435 5.94045
-1.00056 0.21882 5.54801
-0.862211 0.319223 4.6344
-0.908481 0.245141 4.61059
-0.898763 -0.0514002 4.32357
-1.1662 0.140132 4.6961
-1.21783 0.0927743 4.63257
-0.241799 0.304044 4.43937
0.353634 0.144526 4.43934
0.170901 0.160233 4.61798
-0.59124 0.332011 5.77824
-0.986252 0.515069 8.73068
-0.859748 -0.0592721 8.54661
-0.510707 -0.16379 7.31132
-0.349114 -0.191158 6.77078
-0.558968 -0.303042 7.83004
-0.163109 0.0521443 5.61748
-0.133859 -0.041445 5.63421
-0.275666 -0.000661737 6.41331
0.105036 0.144445 4.86901
0.110509 0.0395451 5.00739
0.118099 0.178833 4.90395
-0.405562 -0.379479 6.8807
-1.4396 0.355655 12.732
-0.0473617 0.280464 5.46034
-0.804056 -0.275056 6.28793
-0.862643 -0.233279 6.27538
-0.782633 -0.333589 6.3153
-0.807995 -0.31591 6.14247
-0.00503612 0.0399055 4.99161
0.202158 0.0354848 4.5799
0.178223 0.0110585 4.70041
-0.860847 0.318287 4.62672
-0.866868 0.278665 4.71146
0.0947383 0.293637 4.43587
0.47703 0.139771 4.44987
-0.613515 -0.268932 6.16554
-0.991808 -0.0381047 5.38611
-0.981523 -0.16092 5.31885
-1.05963 0.397795 5.96354
-0.931148 0.353914 5.38701
0.575413 0.118648 4.45364
-0.110115 0.267494 4.01675
0.433091 0.123548 4.41119
0.302049 -0.00250386 4.44117
0.238363 -0.103802 4.4226
-0.954696 0.0423322 4.35365
-1.06134 0.254761 5.92329
-0.965791 0.212331 5.44642
0.185928 0.269377 4.57499
0.513926 -0.0377687 4.43925
0.464579 -0.0108489 4.45212
-1.18436 0.145796 4.72924
0.398068 0.109033 4.35324
0.3709 0.0906553 4.44141
0.4359 0.048229 4.48124
0.564953 0.016791 4.44067
-0.571251 0.438522 7.3427
-1.1886 -0.0345412 7.36927
0.126617 -0.15117 4.82356
0.142551 0.290049 4.71709
-0.406745 0.00553976 7.01005
0.203357 0.00328153 4.53491
-0.915555 -0.0620137 6.33529
-0.465465 0.411113 7.11805
0.0291937 0.228564 4.70517
-2.00308 0.213741 13.5527
-0.0313329 0.088243 5.55357
0.337591 -0.00581204 4.42155
0.552494 -0.0126824 4.45564
0.666926 -0.0182892 4.45862
0.375993 0.302029 4.33496
0.245807 0.191023 4.42021
-0.55138 0.412837 7.10583
-0.560252 0.310329 7.30183
-0.0465009 0.275246 5.4138
-0.042462 0.205433 5.38077
-0.122525 0.328373 5.05789
-0.152385 0.320791 4.94596
0.115451 0.178389 4.90898
0.139289 0.176788 5.47919
-0.0628297 0.0556989 5.67752
-0.131535 0.0207624 5.39667
0.0709385 0.0651049 4.80204
-0.355349 -0.207803 6.84068
-0.594913 -0.329243 8.17013
-1.62353 -0.0734055 12.7811
-0.729575 0.35624 5.86979
-1.17221 0.448549 7.94993
0.108705 0.310212 4.5451
0.30242 0.0224751 4.45344
-0.949678 -0.0353959 5.26756
0.574586 0.115678 4.44186
0.556451 0.132927 4.44008
0.477532 0.139113 4.45761
-0.380873 0.320673 4.72553
0.455077 0.125336 4.4767
0.480556 0.136474 4.74294
-1.09958 0.010611 4.30173
-0.939742 0.323862 4.65375
-0.962215 0.0215788 4.3264
-1.12196 -0.0301056 4.38215
0.276659 -0.00200281 4.43521
-1.15351 0.380783 6.22173
-0.117325 0.279076 4.06792
-0.878913 0.0722976 4.79939
0.50891 -0.0297301 4.42214
0.457992 -0.00796023 4.43994
0.13579 0.267364 4.11748
0.20926 0.272674 4.44552
0.175092 0.261957 4.52713
-0.786767 -0.0551312 4.58271
-1.07002 0.0857939 4.65966
-0.273584 0.161223 6.56053
-0.410618 -0.0195708 7.03432
0.118667 -0.150057 5.00124
-0.890767 0.0317595 4.34487
-0.892212 -0.0182553 4.40447
-0.91312 -0.00530431 4.31199
-0.0114352 -0.118777 5.49491
-0.0508832 -0.0928335 5.45001
0.021789 -0.123939 5.23337
-1.18694 -0.0387748 7.35437
0.646533 0.0649954 4.49315
0.577531 0.0805801 4.4569
0.461971 0.10929 4.50719
0.440331 0.0528487 4.49782
0.383643 0.0243988 4.50113
0.234299 0.193895 4.46083
0.210181 0.207962 4.60539
0.212231 0.154385 4.53201
0.178808 0.161626 4.65109
0.10467 0.146941 4.91007
-0.898298 -0.124811 6.24512
0.0636968 0.282194 4.65789
-0.434592 0.336372 4.88077
0.210572 0.104097 4.57968
-0.311625 -0.294424 6.63416
-0.388048 -0.28595 6.63339
-0.0769789 0.323055 5.59314
-1.21871 0.09596 4.64421
-0.617907 -0.272062 6.1984
0.345138 -0.00646218 4.44745
0.0170391 0.0765137 5.15576
0.115808 0.0491206 5.05938
0.109991 0.0169064 4.89733
-1.13205 0.5279 8.21055
-1.46779 0.539965 9.06704
0.0326243 0.184736 4.94691
-1.00924 0.00971109 4.36374
0.201887 0.00921 4.55094
0.342271 -0.00522505 4.43443
-0.99828 -0.283542 9.43841
-0.415103 0.327157 4.79945
0.73437 0.117339 4.64139
0.231521 -0.0126973 4.43874
0.215877 0.274694 4.47375
0.156746 0.241004 4.43058
-1.00814 0.372909 5.61834
-1.04449 0.392361 5.9212
-1.11073 0.262592 6.0686
-1.17064 0.186458 4.75208
-1.13545 0.146418 4.64754
-0.855547 0.313618 4.61363
-0.912365 0.296795 4.61551
0.427334 0.121684 4.42865
0.352777 0.140966 4.43078
0.0623824 0.28376 4.73541
0.109536 0.176753 4.8922
0.496332 -0.0323876 4.39612
0.451851 -0.00672905 4.42975
0.38377 0.0893954 4.48191
0.346172 0.0617693 4.27305
-1.30825 0.348053 8.35109
-0.126187 -0.0460659 5.68163
0.0316179 -0.131654 5.19688
0.584061 0.103555 4.36511
0.671612 0.0786447 4.62415
0.561572 0.050146 4.4258
-0.919126 -0.0888105 6.07841
-0.863813 -0.229572 6.27271
-0.902367 -0.138416 6.1415
-0.281548 0.164669 6.54133
0.246989 0.188319 4.4662
0.184217 0.196606 4.47515
-0.062163 0.0643516 5.58416
-0.311625 -0.294424 6.63416
-0.67469 -0.36688 8.87674
0.213942 0.118574 4.61733
0.177283 0.0197823 4.69776
-0.186558 0.363813 6.33604
-0.0468277 0.292556 4.43798
0.56035 -0.0121777 4.46927
0.238601 0.187925 4.40738
