0.241401 0.104827 4.40749
-0.969046 -0.163557 5.28089
-0.869158 -0.245662 6.32589
-1.18102 0.0119247 4.39886
-1.15621 -0.0179972 4.35893
-0.25605 0.154225 6.61947
-0.385559 0.2082 4.37155
-1.3653 0.485858 8.32098
-0.856202 0.320616 4.62676
-1.0339 -0.000741222 4.37733
-0.65951 0.208162 7.63555
-0.664413 0.127575 7.6747
-0.384123 -0.102193 6.83059
-0.0453569 0.351201 5.64109
0.206248 0.273598 4.43576
0.331157 0.256924 4.13508
0.149073 -0.196709 5.4051
0.175901 0.190454 4.47434
-0.775915 -0.375252 5.90162
0.230558 0.19554 4.44842
0.437183 0.0305164 4.46404
0.524533 -0.0322925 4.44641
0.321587 -0.0878567 4.42956
0.360667 -0.103053 4.44708
0.124621 -0.14674 4.77541
-0.977658 0.327335 5.48915
-0.98537 -0.0351649 5.38879
-0.825617 0.336016 4.30132
-1.06424 0.0842457 4.66299
-0.4765 -0.0475573 7.13523
0.378527 0.271092 4.19517
0.364097 0.0503415 4.44243
0.187666 0.276331 4.22961
-1.05908 -0.00216768 4.41057
-0.649197 0.212216 7.52299
-0.308696 -0.389955 6.5921
-0.331837 -0.396325 6.72367
-0.341283 -0.49563 6.6748
-0.928271 -0.00150562 4.35141
-0.0727231 0.0377477 5.50527
0.00402573 0.294577 4.39699
-0.20734 0.343497 6.43548
-0.240765 0.268224 6.45337
-0.360184 0.294628 6.85563
-0.82444 -0.372751 5.97711
-1.15498 -0.0385874 4.3773
0.0953177 -0.139086 4.94857
-0.873596 0.320251 4.62451
-0.916639 -0.0922029 6.21123
-0.910604 -0.0694491 5.98834
-0.25626 -0.00749679 6.56173
-0.407905 0.0236076 6.89163
-0.266747 -0.12019 6.49589
-0.320994 -0.267016 6.62181
-0.500832 0.282021 7.19155
-0.0210649 0.0854726 5.41649
-0.874941 -0.217715 6.25776
-0.959064 0.414271 8.85751
-0.781066 -0.339981 6.36613
0.167609 -0.153866 4.69398
-0.0498265 -0.191244 5.53498
-2.03574 0.238224 13.6846
0.189103 0.223691 4.50241
0.188203 0.193714 4.53044
-0.0113918 -0.0253929 4.49307
0.0582512 -0.135075 5.15784
0.407711 0.115028 4.37828
0.242943 0.194353 4.40292
0.220262 0.167837 4.43105
0.342942 0.146503 4.41
0.395662 0.231977 4.41498
0.455631 -0.106835 4.43614
0.567417 -0.149301 4.45047
0.501333 -0.0112028 4.44098
0.546675 -0.0141103 4.44437
0.231906 -0.0150781 4.40618
0.353445 -0.00967638 4.46886
0.118189 0.181582 4.87469
0.123915 -0.147452 4.78574
0.194485 -0.0466293 4.58526
0.16414 0.074677 4.62103
0.199632 0.00364141 4.51843
-0.370445 0.174358 6.82808
-0.0604361 -0.0800539 5.58086
-0.255129 0.285112 3.98056
-0.362929 0.290797 3.95648
-1.33532 -0.433166 11.7734
-0.977925 -0.165343 5.30588
-0.888986 0.0689493 4.81236
-1.23902 0.209072 4.68133
-0.908377 0.0391186 4.34182
-1.09748 -0.0229774 4.37865
0.106605 0.0551425 4.92434
-0.198891 0.344427 5.38526
0.204533 0.00250126 4.54322
0.34517 0.0742494 4.33158
0.403771 0.0719013 4.46442
0.44774 0.271127 4.25086
-0.673519 0.124939 7.72177
0.218888 0.107028 4.62111
-0.476211 -0.0479264 7.06067
-0.639304 0.040491 7.58477
-0.50043 -0.174841 7.25924
-0.338988 -0.485104 6.62523
-0.866214 -0.241542 6.31519
0.160927 0.313338 4.92894
0.00532122 0.296258 4.40926
0.0457814 0.315968 4.64292
-0.945211 0.0013858 4.41666
-0.934128 -0.00197303 4.36161
-0.906944 -0.00456205 4.3024
0.024119 -0.0263073 4.45375
0.0425371 -0.0667429 4.42732
0.164324 -0.128822 4.59281
0.173939 -0.149814 4.61608
-0.298722 0.000959158 6.67038
-0.319707 -0.271745 6.6642
-0.164709 0.048575 5.59916
-0.0987954 -0.0304091 5.68742
-0.930834 -0.0737083 6.07603
-0.806421 -0.318364 6.04958
-0.781544 -0.380746 5.94031
-0.00514927 0.208549 5.35448
-0.681497 0.363447 7.77595
-1.96285 0.218314 13.2713
-0.0534501 -0.0861123 5.43187
0.0273771 0.05887 5.45092
-0.853362 -0.143946 6.09481
-0.993155 -0.146008 6.29082
-0.889077 -0.196827 6.28926
0.174314 -0.161699 4.74369
0.132709 -0.186251 4.79735
0.0142123 -0.112741 5.19768
0.476087 0.139815 4.43804
0.566069 0.121033 4.43806
0.231999 0.195245 4.45399
0.400371 0.217878 4.48317
0.138679 0.269035 4.1256
0.316214 0.268405 4.32894
0.446259 0.0780211 4.4799
0.464514 -0.0120235 4.44568
0.444093 0.0302296 4.48264
0.261406 -0.0975795 4.43224
0.395345 -0.079554 4.44504
0.338343 -0.0815139 4.45411
0.236919 0.064106 4.40013
0.288084 -0.0060119 4.47649
0.341674 -0.00785942 4.43719
0.122561 0.180041 4.92137
0.182751 0.147944 4.6446
-0.0489595 0.300236 4.48546
0.18111 0.00782592 4.71985
-0.22288 -0.270148 6.34038
-0.401802 0.179505 6.90113
-1.41064 0.499628 8.54485
-1.08551 0.32626 6.24018
-0.338698 0.289398 3.95584
-0.269324 0.280216 3.95714
-0.885672 0.330317 4.68912
-0.876207 0.194318 4.79219
-0.858632 0.238919 4.59438
-0.967372 0.369716 5.47689
-1.07044 0.251843 5.97367
-0.580557 -0.250326 5.96662
-1.34661 -0.440366 11.8444
-0.981768 -0.0356619 5.37194
-0.963516 -0.0530953 5.07377
-1.0047 0.221311 5.55732
-1.26926 0.21221 4.72173
-0.922234 0.261164 4.61712
-1.04517 0.210013 4.6459
-0.953033 0.0228705 4.33185
-0.888339 0.0395938 4.31458
-1.22973 0.091755 4.64436
-0.255062 0.152004 6.45411
-0.374382 0.174256 6.78315
-0.222433 0.0908352 6.45325
0.123382 0.31938 4.59262
0.17235 -0.147343 4.60507
-0.870735 0.316639 4.61136
-0.874796 0.281036 4.60108
-0.197489 0.346675 5.40111
0.0321054 0.0134951 4.49897
0.0254822 0.213511 4.56785
-0.482792 -0.0537697 7.1367
-0.0284175 0.299131 5.44559
0.0988931 -0.144594 4.89454
-0.24792 0.271721 6.49968
-0.368848 0.296442 6.91178
-0.0886492 -0.012129 5.51917
-0.780572 -0.335675 6.33336
-0.953846 0.0427306 4.35237
0.0123505 0.0592647 5.19253
-0.0501074 0.0928209 5.57504
0.21556 0.138685 4.60157
0.0984343 0.172358 5.08584
-0.343975 -0.181647 6.66911
-0.294217 -0.277525 6.61651
-0.0534969 -0.0902206 5.41698
-0.0271645 -0.139555 5.42642
-1.1189 -0.0288246 4.37479
-0.763673 0.241064 8.0386
-1.96285 0.218314 13.2713
-0.891466 -0.0589803 6.26211
-1.29263 0.590155 8.86757
-0.00651446 0.0153199 4.48996
-0.014277 -0.0215664 4.42988
0.0426708 -0.13017 5.07412
-0.00514927 0.208549 5.35448
-0.0411592 0.214051 5.45926
-0.873527 -0.145684 6.13073
-0.910538 -0.0889896 6.16234
-0.581892 0.46454 7.48363
-0.516536 0.284824 7.29849
-0.295358 0.000557732 6.591
-0.274621 -0.12111 6.57673
-0.384694 -0.0977061 6.77533
-1.04097 0.454227 9.42434
0.174084 0.240852 4.49786
0.188291 0.204009 4.45871
0.182603 0.191657 4.505
0.47753 0.140274 4.44305
0.446912 0.115205 4.46538
0.574436 0.119774 4.45231
0.561167 0.135589 4.45357
0.233497 0.194133 4.46347
0.370167 0.129361 4.44806
0.350558 0.146061 4.43065
0.237162 0.28991 4.54476
0.31556 0.267325 4.32624
0.459879 -0.108062 4.44989
0.512178 -0.0302324 4.42701
0.548712 -0.109478 4.4639
0.445654 0.0768261 4.47956
0.329517 -0.00490629 4.40417
0.178549 0.160637 4.67681
0.025285 0.283876 4.44237
-0.146388 0.275004 4.00349
-0.0610275 0.277307 4.07202
-0.100428 0.282208 4.0798
-0.130477 0.310256 4.63061
0.176378 0.0246036 4.64856
-0.544116 -0.262545 7.53718
-0.0764452 -0.210649 5.46556
-0.45313 0.345726 4.94899
-0.860516 0.277692 4.69494
-0.874874 0.212 4.78797
-0.886887 0.249504 4.62638
-0.982793 0.372145 5.52461
-0.966708 -0.399787 6.28223
-1.34964 -0.428204 11.8533
-0.835315 -0.249567 6.2892
-0.989006 -0.166454 5.33783
-0.871225 0.0708501 4.77807
-0.991145 0.100879 5.38789
-1.21068 0.333666 4.64941
-1.23286 0.220862 4.6406
-0.923003 0.283485 4.62078
-0.90852 0.245042 4.6103
-0.988555 0.0185483 4.38008
-0.890479 0.0317616 4.35279
0.407582 0.256925 4.17077
-0.00199526 0.259485 5.08428
0.212481 0.105163 4.58894
0.120183 0.179285 4.92138
-1.12362 -0.0302228 4.38413
-1.14822 -0.0396274 4.3664
-1.43917 0.354878 12.7095
-2.00994 0.214335 13.5923
-0.0583058 0.125112 5.63815
-0.038776 0.0886432 5.46727
-0.125916 0.314683 4.9656
-0.0770052 0.332132 5.56657
-0.137292 0.0190871 5.64158
-0.135523 -0.0383395 5.58931
-0.577421 0.325673 5.70442
-0.326524 -0.387629 6.65378
-0.31776 -0.421263 6.60916
-0.349006 -0.191167 6.76819
-0.293448 -0.273626 6.56203
0.20656 0.0341439 4.58629
-0.0161871 -0.112079 5.43877
-0.782904 -0.333375 6.31545
-0.913894 -0.0618616 6.327
-0.0249514 -0.0257025 4.48892
0.0423691 -0.132995 5.11511
0.220838 0.146301 4.61462
-0.376635 0.0197332 6.65219
-0.281582 -0.121128 6.61067
0.00493345 -0.023582 3.89393
-0.0210872 0.273009 5.33503
-0.898803 -0.12511 6.24721
-0.949767 -0.0911016 6.28965
-0.464261 0.433995 7.15225
-0.58302 0.46155 7.49587
0.195039 0.255941 4.61751
0.200501 0.208883 4.51872
-0.234632 0.291471 4.35778
-1.16817 0.140711 4.69873
0.237998 -0.0156734 4.43458
0.237772 -0.103534 4.4186
-0.908539 -0.0531489 4.34236
0.409052 -0.104102 4.44213
0.262128 -0.000156121 4.37449
0.291359 0.263441 4.13059
-0.857484 0.276527 4.688
-0.883508 0.215638 4.80985
-1.0009 0.218632 5.54875
0.476675 0.139827 4.44403
0.431841 0.112454 4.43348
-0.989006 -0.166454 5.33783
-0.980504 0.372319 5.52648
-1.06103 0.252362 5.93187
-0.877666 0.188102 4.79522
0.149177 0.279159 4.17201
0.246801 0.19329 4.41882
0.239155 0.195902 4.4811
0.219395 0.169937 4.4374
0.459776 -0.0114128 4.43428
0.443639 0.0321751 4.48061
0.564707 0.0167599 4.43932
0.294843 -0.00259812 4.41005
-0.109967 0.268268 4.02091
-0.0465267 0.294132 4.43604
-1.16365 0.00758868 4.37696
-1.08271 -0.0171711 4.38929
-0.220117 -0.274082 6.36149
-0.0539969 -0.183394 5.50989
-1.34964 -0.428204 11.8533
-0.924989 -0.270594 6.40025
0.172226 0.0100008 4.66752
-0.516193 -0.24348 7.21655
-0.174655 0.0922572 5.85741
-0.0707984 0.0429183 5.57048
-0.993751 0.0408396 10.5006
-0.191462 0.362243 6.2807
0.0942335 0.01945 4.90212
-0.938215 0.285003 4.60887
0.11908 0.178515 4.92192
-0.132084 0.021287 5.40621
-0.163431 0.0514554 5.62339
-0.133859 -0.0414748 5.63127
0.11432 0.016174 4.90286
0.0139961 0.275074 5.3208
-0.355358 0.27059 6.50429
-0.285332 -0.352186 6.59807
0.149024 -0.140582 4.64
0.126371 -0.150986 4.82021
-0.35538 -0.207967 6.84087
-0.312467 -0.296383 6.66613
-1.17299 0.448902 7.95475
0.191506 0.221967 4.50181
0.197923 0.202068 4.54296
-0.465394 0.410904 7.11632
-0.573387 0.440479 7.37407
-0.0291881 0.0647778 5.30166
-0.0638962 0.0551119 5.64634
-0.0478789 0.279186 5.44305
0.204837 0.00305873 4.54266
0.166858 0.0134882 4.63259
-1.12969 0.328316 9.87011
-0.922167 -0.0755628 6.04254
-0.862901 -0.233747 6.27799
-0.824512 -0.118386 5.62841
0.57339 0.118321 4.44758
0.375931 0.125959 4.45664
0.383645 0.22758 4.3792
-0.998369 -0.0386963 5.40378
-0.984083 -0.161589 5.32711
0.0282192 0.287651 4.47061
-0.977069 0.213813 5.48253
0.142094 0.234939 4.18516
0.510534 -0.0299499 4.42532
-1.15737 0.144423 4.68423
0.552461 -0.012757 4.45493
0.506023 -0.0135157 4.44957
-0.879494 0.282853 4.61425
-0.867411 0.214831 4.7729
-1.34964 -0.428204 11.8533
0.47684 0.139613 4.44865
-1.0371 -0.036854 4.35949
0.33831 -0.00595341 4.42365
0.300836 -0.00263644 4.43603
0.0942226 0.293233 4.4316
0.245395 0.191093 4.41842
0.23404 0.193692 4.4586
0.222016 0.157816 4.5748
0.464765 -0.0108213 4.45204
0.437965 0.036393 4.46555
-0.987859 -0.0209407 6.55752
0.17654 0.162227 4.65381
0.02162 -0.126996 5.27819
0.117656 -0.158429 5.05888
-0.391515 0.181868 6.93698
-0.645006 0.203122 7.69398
-0.391345 -0.0979392 6.83443
0.043909 0.259717 4.56279
0.0398809 0.23579 4.79082
-0.858587 -0.0583191 8.5287
-0.0313957 0.0880631 5.54967
-0.98186 0.512819 8.68914
-0.834768 0.407829 7.67867
-0.907933 -0.140005 6.16866
0.0324571 0.064804 5.55228
0.0859212 0.0612971 4.8898
0.201813 0.0354962 4.57683
-0.00504928 0.0398439 4.98975
-0.0423617 0.205547 5.38604
-0.12274 0.330732 5.08922
-0.0768324 0.324285 5.61319
0.106212 0.174773 4.85513
0.0980951 0.188065 5.07959
0.127207 0.143058 5.07559
0.132564 0.173583 5.39665
0.450747 -0.00662304 4.42537
0.573865 0.115847 4.43932
0.352423 0.144274 4.43353
-0.953627 -0.0362837 5.27796
0.344819 -0.00639254 4.44521
0.278913 0.00131698 4.36659
-0.852627 0.0713454 4.73121
-0.732141 0.358654 5.88944
-1.20059 0.446898 7.91131
0.576349 0.0806034 4.45327
-0.0460398 0.29089 4.42444
-0.939846 0.323808 4.65368
0.108438 0.309649 4.54162
-1.10156 -0.319903 10.0925
-0.616644 -0.270541 6.18327
-1.07238 0.180322 4.66143
-1.2276 0.0952571 4.65743
0.195286 0.280601 4.24208
0.206216 0.270607 4.42799
0.475271 0.138691 4.44943
0.383562 0.0906307 4.47732
0.384576 0.0237576 4.49253
0.299421 0.0229023 4.43613
0.511923 -0.0363427 4.43211
-1.04608 0.392706 5.92565
-1.05881 0.254318 5.91454
-0.864419 -0.229716 6.27653
0.213161 0.154641 4.53725
-1.18564 -0.03629 7.35362
-0.891007 0.0316403 4.34515
-0.969941 0.0209734 4.3386
0.0340079 -0.130222 5.0783
0.212894 0.104429 4.5933
-0.557169 -0.301652 7.80007
-0.312467 -0.296383 6.66613
-0.150401 0.139217 6.27537
-0.0619507 0.0642219 5.58188
-0.551484 0.416633 7.12403
-0.273552 0.161183 6.55976
-0.40543 0.00534433 6.9815
0.0269335 0.229995 4.73128
0.0326601 0.184613 4.946
-0.04649 0.275155 5.41301
-0.0111785 0.0555487 4.00117
-1.07058 0.0856403 4.66039
-0.434597 0.336569 4.88151
0.127436 -0.152345 4.84454
-0.241443 0.303516 4.43575
-1.13752 0.529452 8.2426
-1.48096 0.543786 9.12933
0.0355585 0.193358 5.10592
-0.921197 -0.089437 6.088
-0.860858 0.274145 4.69785
0.351448 0.140781 4.42419
0.230886 -0.0126541 4.43325
-0.812643 -0.280527 6.3334
-1.10625 -0.0281426 4.41518
-0.415128 0.327144 4.79983
-0.242101 0.307018 4.46463
0.341154 -0.0049853 4.42827
0.278913 0.00131698 4.36659
-1.15623 0.147223 4.68327
0.0224937 0.277116 4.41656
0.0700351 0.287866 4.73918
0.182824 0.195991 4.46561
0.178134 0.161365 4.64511
0.201411 0.00926352 4.5464
0.15537 0.240666 4.42135
0.554221 -0.00839254 4.44546
0.499505 -0.0345766 4.40299
0.244562 0.272065 4.50444
0.213848 0.273352 4.46005
0.467742 0.126109 4.51129
0.175159 0.0199954 4.68043
-0.0508367 -0.0927259 5.44392
-0.126365 -0.0460054 5.67093
-0.214905 -0.278489 6.37202
0.397836 0.0292541 4.35577
-1.00487 0.371811 5.60595
-1.10866 0.262193 6.06012
0.36749 0.0304862 4.44151
0.237762 0.187843 4.40231
0.214853 0.17131 4.43047
-0.161577 0.0585058 5.39269
-0.0104135 0.0162448 4.40805
0.0319724 -0.132061 5.20799
-0.670785 -0.36418 8.82585
-0.877796 0.113679 5.65933
-1.19099 -0.0406182 7.37432
-0.994007 0.0415012 6.35752
-0.281555 0.164799 6.54029
0.0681144 0.0929257 5.1231
0.110413 0.0167931 4.90099
0.115025 0.178021 4.90344
0.455836 -0.00782182 4.4322
0.551455 0.132145 4.42577
