0.266735 0.0457793 0.734743
0.245457 -0.0612311 1.47452
0.268235 0.158155 1.28096
0.28518 -0.025393 1.10863
0.281967 -0.0468161 1.07642
-0.00024891 0.182373 1.02139
0.269812 0.160586 0.961467
0.254694 0.073411 1.48744
0.254785 0.054662 1.48755
0.259526 0.166369 1.48007
0.277939 0.0699103 1.11434
0.299844 0.0220578 1.09352
0.2053 -0.192309 1.48639
0.228809 -0.226951 1.48528
0.115554 0.189159 1.19034
0.271991 0.118612 0.800026
0.264072 0.161101 1.02544
0.303838 0.00982621 1.04832
0.305809 -0.422396 3.02222
-0.644184 -0.240845 1.59472
-0.673274 0.042413 1.30539
-0.656966 -0.0747781 1.47576
-0.640703 -0.118551 1.02438
0.121327 0.188303 1.19559
0.116985 0.190207 1.20156
0.264847 0.123044 0.960171
0.279245 0.0366548 1.45918
0.266736 0.122957 0.93977
0.282037 -0.0256124 1.09947
0.274356 0.0689042 0.973552
0.301707 0.022035 1.09812
0.287295 0.019833 1.11208
0.286102 -0.000669022 1.09408
0.322544 -0.0167779 0.961347
0.213016 -0.17786 1.50795
0.267796 -0.141076 1.2922
0.26443 0.173659 1.99261
0.251389 0.175468 1.77789
0.238366 0.145596 1.70306
0.272772 -0.127099 1.26547
0.310357 0.0457518 1.45292
0.277101 0.0673006 0.933543
0.252799 -0.106695 1.30767
0.308653 0.0290933 1.00419
0.249184 -0.13586 1.51329
0.272512 -0.0533819 1.23982
0.270309 0.11145 0.782956
0.24923 -0.0373768 0.736334
0.248423 0.0637975 1.48449
0.251584 0.106382 2.19563
0.193413 0.168728 1.04836
0.260197 0.153544 1.33328
0.072879 0.127967 1.50621
-0.0649591 0.188941 1.43772
0.257652 -0.187766 1.34621
-0.340733 0.218513 1.89948
-0.637455 0.0489918 1.59383
-0.731152 -0.269635 2.11648
-0.643976 -0.230482 1.79702
-0.628243 -0.194924 2.06653
-0.64847 -0.0729408 1.82681
-0.66407 -0.0904961 1.62221
-0.641392 0.119411 1.08927
-0.660325 -0.0890156 1.25975
-0.671733 -0.1751 1.30478
-0.653326 -0.1707 1.248
-0.649585 -0.0281521 1.30442
-0.666446 -0.0148748 1.25483
-0.642603 -0.0531767 1.31831
-0.711694 -0.0769605 1.60116
-0.638282 -0.0792943 1.14619
-0.632498 0.0195002 1.03488
-0.634691 -0.0172745 1.1421
0.260384 0.0547998 1.51889
0.221256 -0.175197 1.48407
0.206816 -0.174992 1.48934
0.195226 -0.182931 1.44314
0.295671 0.0431218 1.40008
0.245882 -0.0961515 1.38674
0.465526 -0.578302 3.45006
0.285979 0.0210556 1.11054
0.277395 0.0656784 0.892489
0.284818 0.0589152 0.885636
0.314019 0.0390038 0.943943
0.314317 0.0206249 0.953982
0.288753 0.0328106 1.16205
0.263248 -0.118313 1.32273
0.313062 0.029386 1.01619
0.252796 -0.138396 1.53507
0.281575 0.0328463 1.0637
0.307477 -0.0229443 0.955501
0.280197 0.0617746 0.962274
0.279628 -0.0240083 1.24761
0.270669 -0.0522757 1.24376
0.253645 -0.0576191 1.29465
0.262699 -0.0557138 1.48238
0.26063 -0.0788364 1.49082
0.293639 0.00950922 1.29336
0.279641 -0.0226132 1.31817
0.308968 0.0298674 0.897699
0.272247 0.102149 0.806929
0.269095 0.100803 0.800979
0.262864 0.160169 1.02263
0.24943 0.166522 1.06624
0.256956 0.160969 1.15409
0.269733 0.139619 0.936329
0.259443 0.12037 0.948341
0.237383 -0.0734871 0.752871
0.248967 -0.0850069 0.814245
0.250222 -0.0377738 0.738339
0.245168 -0.0449235 0.733721
0.276533 -0.111363 1.21794
0.292367 -0.0647739 1.0292
0.291395 -0.0420846 1.22368
0.303847 0.00930058 1.04867
0.296537 -0.0250373 1.05051
0.241204 0.190721 2.30197
0.270145 0.120605 1.48075
0.139896 0.177971 1.1105
0.204497 0.17937 1.50666
0.145279 0.181795 1.36048
0.198547 0.173045 1.0691
0.256447 0.148893 1.28954
0.253916 -0.0915793 1.52119
-0.561609 0.129058 1.61608
-0.662239 -0.236598 1.84257
-0.662204 -0.319673 2.15529
-0.657688 -0.0905364 1.60473
-0.673253 -0.0222577 2.29556
-0.644846 0.0335045 1.94276
-0.643676 -0.0617594 2.05816
-0.654888 0.0404347 1.27513
-0.617561 0.1741 1.12486
-0.655398 -0.170002 1.27865
-0.650224 -0.047618 1.34643
-0.66244 -0.0812133 1.47577
-0.653046 -0.00140589 1.01626
-0.632797 -0.0173416 1.13988
-0.640835 -0.0339877 1.15157
0.274177 0.0566003 0.84286
0.276634 -0.0496825 1.10638
0.252014 0.0964142 1.48159
0.272255 -0.0436398 1.27044
0.253238 -0.0563696 1.29182
0.294132 -0.00135443 1.1148
0.243005 -0.11412 1.37341
0.278425 0.0650162 0.873031
0.280506 0.0583107 0.877653
0.291722 0.0417791 1.24711
0.298252 -0.0422421 0.938071
0.280597 -0.0313285 1.50407
0.291773 0.00871899 1.29071
0.269647 0.0463316 0.751076
0.275182 0.0687397 1.10742
0.275025 0.0689186 0.976629
0.265079 0.160779 1.06829
0.26752 0.139039 0.931462
0.264555 0.108818 1.00232
0.28026 -0.0648713 1.04704
0.306911 -0.1615 1.25095
0.287922 -0.0645388 1.01764
0.294696 0.00774843 1.03086
0.296789 -0.024699 1.05377
0.262141 0.119995 1.21753
0.132018 0.172591 1.08314
0.199598 0.175341 1.48155
0.115202 0.192525 1.34525
-0.0397568 0.191836 1.40461
-0.0655251 0.180485 1.39835
0.0159658 0.185043 1.22161
0.214402 -0.148346 1.49827
0.268152 -0.141745 1.29507
0.24796 -0.149672 1.36738
0.305571 -0.424869 3.03184
-0.690726 -0.258455 2.00195
-0.64915 -0.242488 1.59935
-0.746423 -0.203154 2.51715
-0.647189 -0.194952 2.12859
-0.64304 -0.303258 2.10231
-0.65417 -0.0736795 1.84072
-0.669047 -0.0198832 2.28431
-0.647515 -0.0613497 2.06278
-0.656175 0.0850983 1.21772
-0.622162 0.0318907 1.08252
-0.651547 -0.0891896 1.24743
-0.654773 -0.170879 1.25072
-0.665051 -0.0145443 1.25132
-0.639362 -0.0464841 1.3251
-0.691407 -0.0732976 1.55944
-0.642493 -0.0793784 1.15335
-0.640836 -0.0161261 1.15027
-0.635166 -0.0341529 1.14205
-0.629124 0.0195797 1.0286
-0.654759 -0.104137 1.01364
-0.648414 -0.0978642 1.3937
0.270614 -0.0525754 1.23979
0.27444 0.0545129 1.05554
0.287254 0.0333359 1.08274
0.269226 -0.0289165 1.45568
0.248688 -0.0626533 1.48161
0.288913 0.00824906 1.28514
0.287566 -0.0128565 1.34269
-0.660178 -0.104732 1.01913
-0.651135 -0.0714864 1.83689
-0.189307 0.208038 1.63972
-0.629124 0.0195797 1.0286
-0.649803 -0.00219493 1.01059
-0.283819 0.215795 1.8131
0.162369 -0.0664041 1.69479
-0.640364 -0.0795179 1.1512
-0.0396561 0.202552 1.45863
-0.0726001 0.190388 1.45331
-0.654219 -0.169939 1.25049
-0.320964 0.20687 1.81439
-0.639362 -0.0464841 1.3251
-0.661852 -0.0753182 1.29441
-0.683359 -0.25606 1.97706
-0.618056 -0.0174315 2.13469
0.24415 0.163313 1.05064
0.308172 0.0135927 1.00655
0.256797 0.149153 1.29024
0.132625 0.173581 1.0835
0.110416 0.187695 1.31572
0.143092 0.177603 1.33923
0.290329 -0.401735 2.88862
0.252115 0.106459 2.20623
-0.769237 -0.211005 2.5835
-0.683528 -0.328751 2.22076
0.292748 -0.0648319 1.02922
0.277438 -0.0874699 1.01572
0.255827 0.11225 1.41288
-0.649119 -0.0890819 1.58423
0.19793 -0.187244 1.45266
0.243598 -0.114861 1.37515
0.307715 0.0295685 0.999173
0.301191 0.0333965 1.08754
0.311359 0.0212528 0.94888
-0.640367 -0.0341813 1.1504
-0.646078 -0.097254 1.38815
-0.63668 0.0365238 1.37082
0.236534 -0.072702 1.3176
0.246782 0.00286358 1.19354
0.105217 0.0924427 1.48263
-0.635294 -0.0142675 1.14353
-0.629124 0.0195797 1.0286
-0.658911 -0.0031115 1.01902
-0.643258 -0.0692301 1.82446
0.243657 -0.044879 0.731735
-0.6518 -0.0492951 1.34086
0.277404 0.145027 1.06206
0.258422 0.161968 1.12025
-0.64368 -0.00241525 2.46351
-0.669047 -0.0198832 2.28431
-0.650138 -0.0604841 2.0594
0.295779 0.00720104 1.03335
0.107077 0.17959 1.22647
0.195264 0.173262 1.47202
0.143904 0.180465 1.35092
0.264441 0.13094 0.984949
0.265323 0.106778 0.973304
-0.794754 -0.220277 2.65183
-0.652129 -0.221233 2.00957
0.281119 -0.0885479 1.02526
0.217151 -0.181769 1.54753
0.298133 -0.0572519 0.951704
0.275148 0.125054 1.26231
0.257072 0.0958878 1.5126
0.260048 0.06541 1.52801
0.284885 0.0648731 0.972708
0.304218 0.0341692 1.09554
0.290822 0.0336752 1.0916
0.260444 -0.097162 1.29297
0.261746 -0.116778 1.30876
0.289838 -0.00161355 1.10276
0.284529 -0.0251872 1.10697
0.283694 0.0655918 0.860744
0.308177 0.029533 0.895989
0.273657 -0.0287598 1.477
-0.651803 -0.0982498 1.40015
-0.0397207 0.209658 1.48527
0.00330093 0.149976 1.44445
-0.327129 0.212545 1.86908
-0.628426 0.114987 1.04955
-0.65186 -0.0936372 1.21679
-0.645237 -0.0729075 1.14805
0.252091 0.130086 0.962984
0.269093 0.111668 1.01385
0.184059 0.175891 1.2658
0.109472 0.200069 1.38353
0.197779 0.177241 1.49649
0.145818 0.182442 1.35976
0.313339 0.0146835 1.0205
0.293355 0.00734811 1.02785
0.266227 0.145999 1.26049
0.262726 -0.0712054 1.2182
0.278405 0.0619906 0.808755
0.289885 -0.0654625 1.0225
0.211625 -0.177635 1.53037
0.309222 -0.0169331 0.929863
0.331558 -0.0209497 0.994789
0.241481 0.0918279 1.44952
0.272615 0.066585 1.41925
0.248909 0.0635206 1.47719
0.229357 -0.119867 1.45445
0.318 0.0230243 0.849866
0.310629 0.0307128 1.00573
0.305014 0.0339414 1.09738
0.289256 -0.00190482 1.09915
0.293052 0.00942454 1.30321
0.275121 -0.0257994 1.08375
0.0135479 0.0106956 0.987861
0.27755 0.0576307 0.870614
0.311177 0.0194454 0.949187
0.2168 -0.00207076 1.16347
-0.645398 -0.0966026 1.39018
-0.666918 -0.0780173 1.29257
-0.64938 -0.0695198 1.83481
-0.59117 -0.201599 1.95314
-0.675008 -0.0621501 2.11736
0.268832 -0.0531782 1.23659
0.270754 0.0762911 1.23033
0.257318 0.0378156 1.07136
0.108028 0.196652 1.33172
0.190317 0.173728 1.47221
0.310753 0.0204471 0.947485
0.30399 -0.0167935 0.919196
0.259609 0.158958 1.29909
0.245764 0.151978 1.43156
0.233199 0.0855363 1.41703
0.275498 0.0683996 1.42273
0.248909 0.0635206 1.47719
0.296196 -0.0301119 1.56534
0.250438 -0.056045 1.27356
0.254401 -0.114334 1.28082
0.24648 -0.129677 1.55031
0.263418 0.062987 0.953096
0.291443 0.0351544 1.0996
0.291691 -0.0425028 1.22297
0.268532 0.0562656 0.853742
0.283809 0.0192559 0.855558
0.28441 0.0262876 0.946256
0.075162 0.0834066 1.18249
0.0333443 0.10763 1.30867
-0.642256 -0.0340462 1.15291
-0.658332 0.0225952 1.05555
-0.635464 -0.0717864 1.13388
-0.632103 -0.0272222 1.268
-0.638864 -0.0748677 1.2459
-0.68353 -0.235678 2.0747
-0.336101 0.22208 1.96688
0.196001 -0.142134 1.48929
0.123124 0.158834 1.59786
-0.0869907 0.219419 1.67571
0.287327 -0.00168693 1.09623
