-1.15498 -0.0385874 4.3773
0.364097 0.0503415 4.44243
-0.977658 0.327335 5.48915
0.446684 0.0459727 4.49943
0.331157 0.256924 4.13508
-1.15621 -0.0179972 4.35893
0.00402573 0.294577 4.39699
-1.0339 -0.000741222 4.37733
0.175901 0.190454 4.47434
-0.385559 0.2082 4.37155
-1.3653 0.485858 8.32098
-0.65951 0.208162 7.63555
-0.664413 0.127575 7.6747
-0.874941 -0.217715 6.25776
-0.443938 -0.29263 6.88806
0.0190106 -0.132583 5.27391
-0.775915 -0.375252 5.90162
0.242943 0.194353 4.40292
0.524533 -0.0322925 4.44641
0.567417 -0.149301 4.45047
0.199632 0.00364141 4.51843
-0.867615 0.325417 4.65372
-0.873596 0.320251 4.62451
-0.969046 -0.163557 5.28089
-1.23902 0.209072 4.68133
-0.240765 0.268224 6.45337
-0.906662 -0.0613001 4.91371
0.182751 0.147944 4.6446
-1.07044 0.251843 5.97367
0.220262 0.167837 4.43105
-1.09748 -0.0229774 4.37865
-0.25626 -0.00749679 6.56173
-0.266747 -0.12019 6.49589
0.188203 0.193714 4.53044
-1.33532 -0.433166 11.7734
0.206248 0.273598 4.43576
-0.0498265 -0.191244 5.53498
-0.407905 0.0236076 6.89163
-0.384123 -0.102193 6.83059
0.118189 0.181582 4.87469
-0.937539 -0.00347543 4.44635
-0.945211 0.0013858 4.41666
0.124621 -0.14674 4.77541
-0.360184 0.294628 6.85563
-0.399037 0.302359 6.94245
-0.853362 -0.143946 6.09481
-0.827112 -0.266498 6.3496
-0.869158 -0.245662 6.32589
-0.25605 0.154225 6.61947
-0.649197 0.212216 7.52299
0.164324 -0.128822 4.59281
0.173939 -0.149814 4.61608
0.167609 -0.153866 4.69398
-0.878015 -0.360086 5.94124
-0.320994 -0.267016 6.62181
0.149073 -0.196709 5.4051
0.574436 0.119774 4.45231
0.395662 0.231977 4.41498
0.230558 0.19554 4.44842
0.395345 -0.079554 4.44504
0.455631 -0.106835 4.43614
0.437183 0.0305164 4.46404
0.546675 -0.0141103 4.44437
0.360667 -0.103053 4.44708
0.261406 -0.0975795 4.43224
0.231906 -0.0150781 4.40618
0.316744 -0.00218873 4.37071
0.302729 -0.00364646 4.43016
0.194485 -0.0466293 4.58526
0.18111 0.00782592 4.71985
-0.338988 -0.485104 6.62523
-0.308696 -0.389955 6.5921
-0.370445 0.174358 6.82808
-0.338698 0.289398 3.95584
-0.276652 0.288555 3.99067
-0.856202 0.320616 4.62676
-0.781066 -0.339981 6.36613
-0.977925 -0.165343 5.30588
-0.889049 -0.15552 4.79765
-0.888986 0.0689493 4.81236
-0.98537 -0.0351649 5.38879
-1.0567 0.212369 4.66778
-0.952484 0.0432551 4.34852
-1.06424 0.0842457 4.66299
-0.908377 0.0391186 4.34182
-1.12488 -0.027528 4.37993
-0.963516 -0.0530953 5.07377
0.17281 0.157421 4.64949
-0.891466 -0.0589803 6.26211
-0.928271 -0.00150562 4.35141
-1.00935 -0.00167874 4.38696
0.174084 0.240852 4.49786
0.0273771 0.05887 5.45092
-0.0284175 0.299131 5.44559
-0.0727231 0.0377477 5.50527
-0.0604361 -0.0800539 5.58086
-0.198891 0.344427 5.38526
-0.298722 0.000959158 6.67038
-0.50043 -0.174841 7.25924
0.160927 0.313338 4.92894
-1.13389 -0.0235491 4.43529
0.00532122 0.296258 4.40926
0.0457814 0.315968 4.64292
-0.255062 0.152004 6.45411
-0.164709 0.048575 5.59916
-0.222433 0.0908352 6.45325
-0.00514927 0.208549 5.35448
0.0484265 0.268168 4.63856
0.123915 -0.147452 4.78574
0.132709 -0.186251 4.79735
-0.890985 -0.117127 6.19514
-0.866214 -0.241542 6.31519
-0.645669 0.0384747 7.6511
0.122561 0.180041 4.92137
-0.284928 0.282701 6.6406
-0.500832 0.282021 7.19155
-1.41064 0.499628 8.54485
-2.03574 0.238224 13.6846
0.174314 -0.161699 4.74369
-0.319707 -0.271745 6.6642
-1.04097 0.454227 9.42434
-0.0113918 -0.0253929 4.49307
0.0142123 -0.112741 5.19768
0.0119939 -0.120675 5.14805
0.0872774 -0.110105 4.85765
0.0582512 -0.135075 5.15784
0.189103 0.223691 4.50241
0.20631 0.180372 4.48115
-0.0210649 0.0854726 5.41649
-0.806421 -0.318364 6.04958
-0.781544 -0.380746 5.94031
0.566069 0.121033 4.43806
0.476087 0.139815 4.43804
0.231999 0.195245 4.45399
0.138679 0.269035 4.1256
0.459879 -0.108062 4.44989
0.409052 -0.104102 4.44213
0.446259 0.0780211 4.4799
0.464514 -0.0120235 4.44568
0.501333 -0.0112028 4.44098
0.218888 0.107028 4.62111
0.204533 0.00250126 4.54322
0.353445 -0.00967638 4.46886
0.301995 -0.00419131 4.43072
0.0793072 0.271647 4.10384
0.0738001 0.283875 4.35548
-0.102296 0.30874 4.66595
0.0953177 -0.139086 4.94857
-0.338988 -0.485104 6.62523
-0.294217 -0.277525 6.61651
-0.401802 0.179505 6.90113
-1.34661 -0.440366 11.8444
-0.269324 0.280216 3.95714
-0.885672 0.330317 4.68912
-0.874874 0.212 4.78797
-0.922234 0.261164 4.61712
-0.967372 0.369716 5.47689
-0.580557 -0.250326 5.96662
-0.953168 -0.188277 5.0753
-0.981768 -0.0356619 5.37194
-0.953846 0.0427306 4.35237
-0.888339 0.0395938 4.31458
-1.04517 0.210013 4.6459
0.219411 0.0954287 4.68876
0.024119 -0.0263073 4.45375
0.0643229 -0.12708 5.06354
-0.913894 -0.0618616 6.327
-0.0271645 -0.139555 5.42642
0.182603 0.191657 4.505
-0.414011 0.296608 7.15609
-0.0365457 0.0502919 5.23309
-0.0707984 0.0429183 5.57048
-0.0987954 -0.0304091 5.68742
-0.856313 0.0413909 4.25077
-0.953033 0.0228705 4.33185
0.0123505 0.0592647 5.19253
0.106388 0.0572467 4.94373
-0.00514927 0.208549 5.35448
0.178549 0.160637 4.67681
-0.0411592 0.214051 5.45926
-0.780572 -0.335675 6.33336
-0.807251 -0.318684 6.05332
-0.763673 0.241064 8.0386
-1.05904 0.0451927 10.4002
0.0321054 0.0134951 4.49897
-0.00651446 0.0153199 4.48996
-0.295358 0.000557732 6.591
-0.384694 -0.0977061 6.77533
-0.835315 -0.249567 6.2892
-1.14822 -0.0396274 4.3664
-1.29263 0.590155 8.86757
-0.137292 0.0190871 5.64158
-0.259211 -0.00431103 6.44578
-0.274621 -0.12111 6.57673
-0.0583058 0.125112 5.63815
-1.96285 0.218314 13.2713
-0.343975 -0.181647 6.66911
-0.516193 -0.24348 7.21655
-0.436775 -0.292875 6.81834
0.120183 0.179285 4.92138
0.0984343 0.172358 5.08584
0.0426708 -0.13017 5.07412
-0.581892 0.46454 7.48363
0.17235 -0.147343 4.60507
0.561167 0.135589 4.45357
0.47753 0.140274 4.44305
0.291359 0.263441 4.13059
0.44774 0.271127 4.25086
0.21556 0.138685 4.60157
0.512178 -0.0302324 4.42701
0.548712 -0.109478 4.4639
0.445654 0.0768261 4.47956
0.237998 -0.0156734 4.43458
0.341674 -0.00785942 4.43719
0.294843 -0.00259812 4.41005
-0.0610275 0.277307 4.07202
0.025285 0.283876 4.44237
-0.0489595 0.300236 4.48546
-0.24792 0.271721 6.49968
-0.0976323 0.290144 4.11887
-0.130477 0.310256 4.63061
-0.293448 -0.273626 6.56203
-0.0764452 -0.210649 5.46556
-0.374382 0.174256 6.78315
-1.34964 -0.428204 11.8533
-0.261439 0.15502 6.48682
-0.923003 0.283485 4.62078
-0.876207 0.194318 4.79219
-0.967372 0.369716 5.47689
-0.910538 -0.0889896 6.16234
-0.989006 -0.166454 5.33783
-0.871225 0.0708501 4.77807
-1.23286 0.220862 4.6406
-1.08271 -0.0171711 4.38929
-0.930987 0.041689 4.34398
-1.22973 0.091755 4.64436
0.316214 0.268405 4.32894
0.0988931 -0.144594 4.89454
0.0607643 -0.190526 5.06891
-0.376635 0.0197332 6.65219
-0.391345 -0.0979392 6.83443
-0.482792 -0.0537697 7.1367
0.191506 0.221967 4.50181
-0.987859 -0.0209407 6.55752
-0.870735 0.316639 4.61136
-0.879494 0.282853 4.61425
-0.915823 0.296642 4.61972
-1.12969 0.328316 9.87011
-2.27067 0.27777 16.7112
-1.96285 0.218314 13.2713
-0.038776 0.0886432 5.46727
-0.934541 0.504955 8.4962
-0.577421 0.325673 5.70442
-0.163431 0.0514554 5.62339
-0.133859 -0.0414748 5.63127
0.08781 0.163304 4.96885
-0.782904 -0.333375 6.31545
-0.805704 -0.314696 6.12679
-0.544116 -0.262545 7.53718
0.0172846 0.0352773 5.26654
-0.156934 0.327654 5.00879
-0.464261 0.433995 7.15225
-0.297317 0.310554 7.24855
-0.516536 0.284824 7.29849
-1.43917 0.354878 12.7095
-0.0249514 -0.0257025 4.48892
-0.0161871 -0.112079 5.43877
-0.58302 0.46155 7.49587
0.446912 0.115205 4.46538
0.370167 0.129361 4.44806
0.246801 0.19329 4.41882
0.219395 0.169937 4.4374
0.149177 0.279159 4.17201
0.237162 0.28991 4.54476
0.443639 0.0321751 4.48061
0.360412 0.0267739 4.4192
0.552461 -0.012757 4.45493
0.212481 0.105163 4.58894
0.043909 0.259717 4.56279
0.195039 0.255941 4.61751
0.0282192 0.287651 4.47061
-0.0465267 0.294132 4.43604
-0.234632 0.291471 4.35778
-0.0929462 0.300017 4.56466
0.0423691 -0.132995 5.11511
-0.0166291 -0.170574 5.31974
0.172226 0.0100008 4.66752
-1.34964 -0.428204 11.8533
-0.326524 -0.387629 6.65378
-0.0534969 -0.0902206 5.41698
-0.0539969 -0.183394 5.50989
-0.31776 -0.421263 6.60916
-0.391515 0.181868 6.93698
-0.634304 0.0506656 7.51921
-1.06103 0.252362 5.93187
-0.45313 0.345726 4.94899
-0.883508 0.215638 4.80985
-0.886887 0.249504 4.62638
-0.980504 0.372319 5.52648
-0.949767 -0.0911016 6.28965
-0.998369 -0.0386963 5.40378
-0.989006 -0.166454 5.33783
-1.0009 0.218632 5.54875
-0.991145 0.100879 5.38789
-1.21068 0.333666 4.64941
-0.915607 -0.0550008 4.35225
-1.16817 0.140711 4.69873
-1.21789 0.0926874 4.63227
-1.16365 0.00758868 4.37696
-1.12362 -0.0302228 4.38413
0.31556 0.267325 4.32624
0.350558 0.146061 4.43065
0.476675 0.139827 4.44403
-2.00994 0.214335 13.5923
-0.465394 0.410904 7.11632
-0.273651 0.269025 6.51515
-0.355358 0.27059 6.50429
-0.996644 0.500903 8.65307
0.048703 0.0844784 4.73967
-0.0099896 0.0649186 4.84628
0.510534 -0.0299499 4.42532
-1.17299 0.448902 7.95475
-0.35538 -0.207967 6.84087
-0.512412 -0.165067 7.33032
-0.557169 -0.301652 7.80007
-0.00504928 0.0398439 4.98975
0.02162 -0.126996 5.27819
-0.573387 0.440479 7.37407
-1.15737 0.144423 4.68423
0.383645 0.22758 4.3792
-1.21758 0.218622 4.62127
0.237772 -0.103534 4.4186
-0.877666 0.188102 4.79522
-0.882098 0.0708301 4.80072
0.33831 -0.00595341 4.42365
0.262128 -0.000156121 4.37449
0.0239646 0.280483 4.42734
-1.04608 0.392706 5.92565
-1.05881 0.254318 5.91454
0.431841 0.112454 4.43348
-0.959213 0.362868 5.46825
0.17654 0.162227 4.65381
0.11908 0.178515 4.92192
-0.881211 -0.0173796 4.38598
-0.938215 0.285003 4.60887
-0.977069 0.213813 5.48253
-0.913575 0.0984113 5.18043
-0.281582 -0.121128 6.61067
-0.285332 -0.352186 6.59807
-0.984083 -0.161589 5.32711
0.177224 0.0112349 4.69111
0.11432 0.016174 4.90286
0.117656 -0.158429 5.05888
0.142094 0.234939 4.18516
-0.862901 -0.233747 6.27799
-0.613338 -0.268952 6.16401
0.383562 0.0906307 4.47732
0.437965 0.036393 4.46555
0.384576 0.0237576 4.49253
0.204837 0.00305873 4.54266
-0.857484 0.276527 4.688
-0.883508 0.215638 4.80985
-1.34964 -0.428204 11.8533
-0.312467 -0.296383 6.66613
-0.0478789 0.279186 5.44305
-0.125916 0.314683 4.9656
0.245395 0.191093 4.41842
-0.275875 -0.00048188 6.41352
0.0139961 0.275074 5.3208
0.107212 0.143695 4.8883
-0.241443 0.303516 4.43575
0.459776 -0.0114128 4.43428
0.352423 0.144274 4.43353
0.47684 0.139613 4.44865
0.206244 0.20085 4.65679
-0.551484 0.416633 7.12403
-1.14435 0.52421 8.1822
-1.20059 0.446898 7.91131
-0.12274 0.330732 5.08922
-0.0768324 0.324285 5.61319
0.0355585 0.193358 5.10592
0.028022 0.20558 5.31677
-0.852627 0.0713454 4.73121
-1.07238 0.180322 4.66143
-0.434597 0.336569 4.88151
-1.16263 0.148575 4.69192
-1.2276 0.0952571 4.65743
0.300836 -0.00263644 4.43603
-0.939846 0.323808 4.65368
0.0942226 0.293233 4.4316
-0.242101 0.307018 4.46463
-0.921197 -0.089437 6.088
-1.10866 0.262193 6.06012
-0.953627 -0.0362837 5.27796
-0.941893 -0.038018 5.04069
0.106212 0.174773 4.85513
0.213848 0.273352 4.46005
0.177541 0.263143 4.54362
-0.616644 -0.270541 6.18327
0.127207 0.143058 5.07559
0.110413 0.0167931 4.90099
0.499505 -0.0345766 4.40299
0.464765 -0.0108213 4.45204
-1.18564 -0.03629 7.35362
-0.989535 0.0121423 4.33836
-0.916855 -0.00592184 4.31743
-0.312467 -0.296383 6.66613
-0.589233 -0.32531 8.09218
-1.10156 -0.319903 10.0925
-0.389 -0.287169 6.65143
0.462928 0.0745089 4.51749
-0.732141 0.358654 5.88944
-0.402413 0.192703 7.11877
-0.40543 0.00534433 6.9815
-0.0313957 0.0880631 5.54967
-0.273552 0.161183 6.55976
0.213161 0.154641 4.53725
0.0213837 -0.122923 5.21914
-0.00149904 -0.146102 5.29439
-0.0423617 0.205547 5.38604
0.0764389 0.239087 4.83423
0.132564 0.173583 5.39665
0.344819 -0.00639254 4.44521
0.475271 0.138691 4.44943
-1.13752 0.529452 8.2426
-1.20059 0.446898 7.91131
0.0326601 0.184613 4.946
-0.670785 -0.36418 8.82585
-0.850155 0.353295 8.36446
-1.15623 0.147223 4.68327
0.511923 -0.0363427 4.43211
0.450747 -0.00662304 4.42537
0.397836 0.0292541 4.35577
0.108438 0.309649 4.54162
-0.864419 -0.229716 6.27653
-0.860858 0.274145 4.69785
-0.861481 0.315029 4.62667
-0.819328 -0.0611552 4.65619
-1.00487 0.371811 5.60595
0.0224937 0.277116 4.41656
-0.0460398 0.29089 4.42444
0.0700351 0.287866 4.73918
0.278913 0.00131698 4.36659
0.230886 -0.0126541 4.43325
0.206216 0.270607 4.42799
0.178134 0.161365 4.64511
0.115025 0.178021 4.90344
-0.061535 0.137884 5.49051
-0.281555 0.164799 6.54029
-0.0619507 0.0642219 5.58188
-0.877796 0.113679 5.65933
-1.19099 -0.0406182 7.37432
0.416297 0.129844 4.55769
0.427029 0.0517595 4.46255
0.36749 0.0304862 4.44151
-0.126365 -0.0460054 5.67093
-1.1637 0.135338 8.78529
0.212894 0.104429 4.5933
0.201411 0.00926352 4.5464
0.175159 0.0199954 4.68043
0.0859212 0.0612971 4.8898
0.214853 0.17131 4.43047
-0.0104135 0.0162448 4.40805
0.0319724 -0.132061 5.20799
-0.18653 0.363971 6.34121
0.0681144 0.0929257 5.1231
0.026463 0.286994 5.4845
-0.91246 0.296714 4.61535
-0.415128 0.327144 4.79983
0.299421 0.0229023 4.43613
0.341154 -0.0049853 4.42827
0.237762 0.187843 4.40231
