-0.869036 0.326339 4.65724
0.206725 0.273584 4.43613
0.431601 0.0471516 4.4633
-0.401591 0.17944 6.89654
0.189222 0.17329 4.67769
-0.681844 0.076788 4.50512
-0.751696 0.0268125 4.6418
-0.4369 -0.459101 6.86763
-0.0786145 0.316043 4.65898
-0.624786 0.216879 7.62114
-0.66005 0.208384 7.64236
-0.665725 0.127896 7.69015
-0.971506 -0.380631 10.3967
-1.10632 -0.0260442 4.42049
-0.0499044 -0.189858 5.52092
-0.932741 -0.0973885 6.06513
-0.00458214 0.26367 5.22059
0.211288 0.13891 4.59015
-0.386754 0.207893 4.37586
-1.36984 0.48749 8.34363
0.112234 0.126149 4.91233
-0.399596 -0.0884628 6.69323
-0.912018 -0.0696733 5.99419
-0.444088 -0.292572 6.88881
0.0203527 0.0233017 4.36946
-2.03206 0.237667 13.6648
-0.878055 -0.359719 5.94055
0.0554622 -0.131584 5.12017
0.236934 0.192413 4.38054
0.45361 -0.10627 4.43096
0.463115 -0.0118787 4.4416
-0.869054 0.195986 4.78126
-0.982105 -0.166883 5.31397
-1.02954 0.146004 6.11742
-0.980485 -0.0342908 5.37598
-1.24211 0.209885 4.68646
-0.952794 0.0433076 4.34902
-1.05916 0.0851716 4.65717
0.196267 0.00433052 4.5019
0.10418 0.302137 4.75619
0.0218028 0.194985 4.46675
-0.877194 0.327455 4.67002
-0.893873 -0.157046 4.80963
-0.240988 0.268701 6.46509
-0.942291 -0.0500265 5.02528
-0.929683 -0.0656671 4.96693
0.172364 -0.148517 4.60355
-0.164903 0.0487213 5.60744
-0.25638 -0.0073244 6.5613
-0.26664 -0.120093 6.49369
0.0230456 0.0361762 5.2235
-0.256029 0.154192 6.61829
-0.0516744 -0.0934853 5.41203
-1.31767 -0.426369 11.6314
-0.407757 0.023521 6.89059
-0.933214 -0.00195988 4.3594
-0.360363 0.294868 6.85927
-0.399671 0.303091 6.9566
0.00273538 0.289297 4.37048
-0.858102 -0.145477 6.11701
-0.827268 -0.266607 6.35078
-0.869334 -0.245793 6.32704
0.176613 0.174381 4.48766
0.123216 -0.145345 4.7632
-0.960076 0.414859 8.8661
-1.02631 -0.0975139 6.38729
-0.652494 0.213079 7.56317
0.158343 -0.15216 4.71691
-0.321347 -0.267777 6.63186
-0.888389 -0.116265 6.18125
0.177599 0.243006 4.51442
0.18395 0.193054 4.50992
0.0178728 -0.130827 5.25217
-0.772218 -0.328259 6.04525
-0.806655 -0.31842 6.05055
-0.78244 -0.381339 5.94566
-0.012126 -0.0245733 4.47881
0.357789 0.205868 4.37092
0.340348 0.146031 4.40192
0.227988 0.194434 4.43711
0.185169 0.275293 4.22158
0.247867 0.298742 4.57102
0.35123 -0.0994967 4.41823
0.443175 -0.0978579 4.42875
0.340244 -0.00748915 4.43144
0.302335 -0.00401221 4.43084
0.23287 -0.0151971 4.40924
0.255254 -0.0929112 4.40756
0.201907 -0.0892059 4.49749
0.1573 0.30987 4.90129
0.122193 0.183374 4.90507
0.0959793 -0.139825 4.95502
-0.979817 0.37246 5.51132
-0.908395 0.275132 4.56136
-0.97899 -0.165472 5.30878
-1.07174 0.25211 5.97826
-0.746355 0.0273848 4.6287
-0.88963 0.069049 4.81401
-1.03749 -0.0009205 4.38273
-1.12803 -0.0283507 4.38408
-0.90901 0.0392379 4.343
-1.06608 0.084379 4.66661
0.260193 -0.0970766 4.42702
0.239298 -0.104994 4.43586
-1.06649 -0.00099663 4.42183
-0.115492 0.304034 4.2195
-0.835609 0.0736746 4.76161
0.208894 0.0971464 4.64619
0.078098 0.288851 4.38593
0.204895 0.00231777 4.54461
0.203309 0.268507 4.41101
0.0469192 0.265158 4.61582
0.0253229 0.213027 4.56267
0.190856 0.271238 4.59723
-0.370519 0.174491 6.82984
-0.255039 0.15187 6.45217
-0.222394 0.0908018 6.45618
0.16473 -0.128834 4.59381
-0.0277133 0.300126 5.4572
0.00383485 0.294197 4.39293
-0.07237 0.0375517 5.52729
-0.865894 -0.241531 6.3133
-1.33094 -0.434315 11.7211
-1.29942 0.593593 8.90777
-1.40874 0.4987 8.53458
-0.284994 0.282973 6.64698
-0.298601 0.000977943 6.66642
-0.38397 -0.102063 6.82758
0.221043 0.156988 4.56826
0.215073 0.139314 4.60549
0.166535 -0.152374 4.68513
0.0309139 0.0141193 4.48336
-0.00501727 0.0144005 4.50422
-0.692972 0.224469 8.11474
-0.0497052 0.0928882 5.5815
0.0237107 0.0590073 5.37449
-0.00603415 0.207848 5.33242
-2.28653 0.278899 16.8105
-1.97139 0.219654 13.3291
-0.318856 -0.270338 6.64409
-0.932447 -0.073958 6.08264
0.025148 -0.0289201 4.46801
0.0420305 -0.129192 5.06193
-0.785495 -0.342597 6.38884
0.0128703 -0.122031 5.16541
-0.501462 0.282199 7.20072
0.192221 0.225296 4.51547
0.188839 0.193828 4.53226
0.373662 0.210714 4.41298
0.396193 0.232371 4.41573
0.233865 0.195642 4.4599
0.221007 0.168118 4.43358
0.0786253 0.269829 4.09381
0.19409 0.27807 4.24754
0.136511 0.267379 4.11593
0.410174 -0.10322 4.44066
0.299798 -0.00320386 4.42008
0.446318 0.0780796 4.47939
0.435472 0.0304659 4.45909
0.236089 -0.0151169 4.42444
0.17641 0.00912182 4.6902
0.235944 0.0641403 4.39539
-0.102251 0.315599 4.71103
0.104769 0.0553513 4.9046
-0.294145 -0.277662 6.61792
-0.34001 -0.487805 6.64034
-0.979817 0.37246 5.51132
-1.08624 0.326585 6.24328
-0.99238 0.329062 5.50033
-0.9243 0.261761 4.62181
-0.88423 0.195223 4.81032
-1.0059 0.221617 5.56114
-1.13507 0.255524 4.25512
-0.948635 0.00124342 4.42284
-0.989767 0.018535 4.38209
-1.24642 0.0925589 4.66883
-0.247987 0.272188 6.50819
0.0253939 0.283843 4.44141
-0.934163 0.0418777 4.35065
-0.95368 0.0227213 4.33304
-1.14896 -0.0395045 4.3674
-0.917214 -0.0922665 6.21403
-0.886498 -0.154249 6.24274
-0.0212435 0.0853598 5.40597
-1.11974 -0.0288361 4.37602
-0.886498 -0.154249 6.24274
-0.0411189 0.214326 5.46002
-0.201008 0.349694 5.43342
-0.0735947 0.339231 5.61253
-0.00948921 0.0176257 4.44167
-0.2593 -0.00500337 6.48644
0.0269532 0.18036 5.23604
-1.06122 0.0507128 10.409
0.187074 -0.187839 5.22265
0.099263 -0.144823 4.89693
0.123809 -0.147298 4.78383
0.0125915 0.0584329 5.20921
-0.295525 0.000629275 6.59513
-0.385203 -0.0978144 6.78554
-0.482747 -0.0532178 7.12975
-0.740658 0.396699 6.95739
-0.639558 0.0497543 7.59028
-1.80251 -0.488776 14.9012
-0.0271448 -0.13959 5.42618
-0.464425 0.439824 7.18416
-0.36904 0.296762 6.91706
-1.97139 0.219654 13.3291
-0.86101 0.322439 4.63771
-0.928522 0.322676 4.61361
-0.882928 0.282635 4.61827
-0.92282 0.283411 4.62008
-0.345287 -0.182681 6.69844
-0.515192 -0.242489 7.20503
-0.436209 -0.292848 6.81578
-0.782117 -0.335894 6.34042
-0.0999123 -0.0305222 5.59611
-0.584105 0.466485 7.50976
0.348409 0.145493 4.42221
0.446389 0.115132 4.46318
0.314377 0.267377 4.3212
0.396953 0.233073 4.41722
0.176482 0.158537 4.67147
0.222103 0.170013 4.44328
0.186659 0.275399 4.22463
0.348802 -0.00871488 4.45464
0.267273 -0.00146663 4.39443
0.296838 -0.104003 4.45299
0.407303 -0.103351 4.43594
0.359713 0.0925982 4.41594
0.443705 0.0322734 4.48007
0.169655 -0.13198 4.63388
0.239025 -0.103787 4.42361
0.224239 0.107249 4.64374
0.00712353 0.272463 5.26099
0.126445 0.182127 4.95407
-0.218669 0.330938 5.2408
-0.130046 0.308914 4.62098
-0.0532522 -0.0905051 5.42744
0.106714 0.124771 4.87325
-1.33982 -0.425464 11.7809
-0.581935 -0.250721 5.97656
-0.27438 -0.121115 6.57404
-0.261571 0.155311 6.49562
-0.995758 0.331227 5.51713
-0.908989 0.245266 4.61152
-0.874193 0.21192 4.78647
-0.976792 -0.0348321 5.35943
-0.987942 -0.166099 5.33463
-1.01999 -0.369271 6.18676
-1.00089 0.218647 5.54864
-1.0353 -0.026034 6.75184
-0.86562 0.070896 4.76612
-1.23446 0.22105 4.64343
-1.24144 0.341394 4.69321
-1.14669 -0.0227579 4.4755
-1.2203 0.0926789 4.63649
-0.768357 0.328986 4.08157
-0.464401 0.433605 7.15117
-0.35538 0.270053 6.49796
-0.415116 0.296052 7.17981
-0.376541 0.0200461 6.64591
-0.39103 -0.0977179 6.82589
-0.490362 -0.0564329 7.13646
-0.910525 -0.0888145 6.16192
-0.197429 0.347248 5.40592
-1.12617 -0.0302632 4.38779
-1.11022 -0.0468877 4.39576
-1.0353 -0.036682 4.35735
0.206144 0.0342041 4.58288
0.17584 0.0247115 4.64385
-0.0348115 0.287586 5.32597
-0.0769099 0.332256 5.56753
-0.34904 -0.191172 6.76917
-0.501382 -0.176166 7.25656
0.0880287 -0.130616 4.96288
0.0416745 -0.132124 5.10143
0.0600243 -0.188925 5.05361
-1.13517 0.331546 9.92077
-0.0206896 0.273365 5.3393
-0.00603415 0.207848 5.33242
-0.740407 0.397183 6.95657
-0.610271 0.343953 5.89615
-0.933123 0.507848 8.46183
-0.824444 -0.278697 6.43375
-0.0287512 0.064743 5.30568
-0.0707971 0.0428682 5.56568
-0.137809 0.018864 5.66367
-0.133789 -0.0410524 5.62638
-0.582727 0.461198 7.49103
-0.516884 0.285235 7.30452
0.315091 0.267059 4.32357
0.175767 0.160368 4.65812
0.245331 0.192653 4.41107
0.232749 0.193779 4.45913
0.174752 0.298419 4.75637
0.340244 -0.00748915 4.43144
0.294767 -0.00222008 4.40862
0.360923 0.0251051 4.42392
0.440339 0.0766762 4.46457
0.439437 0.0484852 4.48978
0.211096 0.10481 4.58041
0.170949 0.0104734 4.65786
0.119193 0.17914 4.91106
-0.0426219 0.307144 4.51538
0.0253939 0.283843 4.44141
-0.294473 0.305237 7.13121
-0.0532522 -0.0905051 5.42744
-0.0161098 -0.172728 5.3415
-0.0540188 -0.183045 5.50306
-0.0383843 0.0888723 5.4752
0.119771 0.138063 5.00552
0.0938794 0.0195648 4.89703
-1.33982 -0.425464 11.7809
-0.326872 -0.388043 6.66008
-0.374773 0.174618 6.79307
-0.982377 0.373126 5.53227
-1.07422 0.403635 6.02294
-0.452669 0.345783 4.94734
-0.861579 0.278077 4.6975
-0.882312 0.215869 4.80685
-0.994777 -0.0384078 5.39408
-0.987942 -0.166099 5.33463
-1.05788 0.252341 5.92118
-0.985505 0.100831 5.36882
-0.872286 0.187366 4.78374
-0.882553 0.07079 4.80211
-1.03905 -0.00168668 4.38165
-1.17259 0.141969 4.70583
-0.238299 0.297175 4.39236
-2.01424 0.215208 13.6176
-0.312476 -0.29598 6.66043
-0.451536 -0.354292 7.09354
-0.40546 -0.379373 6.878
0.182618 0.259048 4.34354
-0.948426 -0.0907948 6.28148
-0.829258 -0.112217 5.64955
-0.863089 -0.233522 6.2782
-0.805333 -0.313427 6.12098
-0.152884 0.318333 4.9218
-0.16287 0.0513779 5.62812
-0.275939 -0.000573075 6.42249
-0.293111 -0.0434097 6.74415
-1.43548 0.351658 12.6887
0.0309902 0.0648098 5.52403
-0.0766128 0.325058 5.62333
-0.573819 0.441039 7.37978
-0.568259 0.309466 7.45801
-1.17371 0.449038 7.95887
-1.23523 0.342638 4.69799
-1.33982 -0.425464 11.7809
-0.613295 -0.268905 6.16347
-0.862012 0.319056 4.63312
-0.934298 0.32219 4.63571
-0.985319 -0.161837 5.33106
-0.112088 0.308827 4.62656
-0.85674 0.276118 4.68524
0.338684 -0.00604074 4.42447
0.299918 -0.00255415 4.4312
0.446848 0.112061 4.46751
0.369261 0.129113 4.44414
-1.05543 0.254224 5.90342
-0.977525 0.213688 5.48378
-0.922718 0.0989943 5.2057
-1.15992 0.144832 4.68855
-0.971876 0.367245 5.50482
-1.05937 0.397784 5.96246
0.0279606 0.287115 4.46548
-0.955781 0.0422242 4.35513
0.0938081 0.2923 4.42659
0.440733 0.0771331 4.4674
0.361374 0.0908327 4.42151
0.440881 0.0359527 4.47244
0.38451 0.023742 4.49316
0.182192 0.191477 4.50147
-1.18042 -0.0368735 7.33269
0.244057 0.190547 4.41108
0.233545 0.193439 4.45545
0.0213982 -0.126719 5.27285
-1.16676 0.00766575 4.38149
0.119229 0.178628 4.92264
-0.281617 -0.121072 6.61007
0.109625 -0.149776 4.97535
-0.465232 0.411042 7.11475
-0.391872 0.182053 6.94546
-0.0313204 0.0880953 5.54735
0.109823 0.143871 4.91031
0.105365 0.0176924 5.01498
-0.241095 0.303071 4.43166
0.351652 0.144121 4.4297
0.0605834 0.0464461 5.22408
-0.0638463 0.0551361 5.64409
-0.131966 0.0212633 5.40909
-0.51542 -0.16488 7.35851
-0.355408 -0.206741 6.82565
-0.543216 -0.26223 7.52719
-0.123356 0.334552 5.12794
-0.0480981 0.279331 5.44
-1.00717 0.513377 8.76991
-0.554453 0.419509 7.16618
-0.950819 -0.0351054 5.26975
-1.10721 -0.322991 10.1451
-0.616592 -0.270214 6.18207
0.230073 -0.0125472 4.42673
0.206448 0.00277849 4.55144
0.343993 -0.00624347 4.4408
-0.865459 0.27569 4.70849
-0.246185 0.313619 4.50363
-0.434675 0.337122 4.88388
0.27881 0.0238942 4.42398
0.387347 0.230114 4.39185
0.466903 0.125993 4.50832
0.37576 0.125922 4.45532
0.129282 0.28334 4.64794
-0.882966 0.100709 5.10522
0.0449755 0.259865 4.569
0.177185 0.162461 4.65719
-1.07168 0.0857552 4.66247
-0.860955 0.0711245 4.75274
-0.940607 -0.037654 5.03666
-1.03857 0.39068 5.90079
-1.1071 0.262477 6.05416
0.211096 0.10481 4.58041
0.203309 0.268507 4.41101
-0.728133 0.36106 5.87849
-1.14693 0.525874 8.19968
-0.0123327 -0.117399 5.45589
-0.920135 -0.0892765 6.08291
-0.865948 -0.229957 6.28612
-0.273606 0.161276 6.56312
-0.40091 0.19193 7.08696
-0.404406 0.00519154 6.96116
0.454718 0.0745099 4.49749
0.376028 0.0906762 4.45513
0.429393 0.0524101 4.4677
0.0955761 -0.132858 4.95721
0.00265725 -0.0822357 4.67027
-1.19601 -0.0420792 7.39784
0.104091 0.173704 4.83184
0.218095 0.169629 4.42937
0.182337 0.195756 4.46173
0.21359 0.151849 4.54845
-0.312476 -0.29598 6.66043
-0.389927 -0.288354 6.67101
-0.058669 0.133458 5.54677
0.0309902 0.0648098 5.52403
0.119771 0.138063 5.00552
0.112732 0.0164857 4.88618
-0.0420341 0.205981 5.39683
-1.09484 0.193232 4.49505
-0.186358 0.365559 6.36575
0.0977483 0.187822 5.074
0.0352323 0.18632 4.98212
0.298127 0.0231402 4.42845
-0.864979 0.315339 4.63398
0.279588 0.00134637 4.36932
0.175943 0.160548 4.6274
-0.434675 0.337122 4.88388
0.399929 0.127765 4.51117
-1.07223 0.181659 4.65958
-1.15964 0.14749 4.68659
0.361293 0.0889957 4.40482
0.230073 -0.0125472 4.42673
-0.910003 0.117828 5.78122
-1.00837 0.373295 5.61862
-1.1442 0.375513 6.18618
0.0931758 0.29104 4.42706
0.179021 0.263125 4.55106
-0.829057 -0.0639617 4.67891
0.202902 0.261585 4.3691
0.211552 0.271981 4.44503
0.197521 0.20214 4.31305
0.0229294 0.277738 4.42209
0.0691207 0.286384 4.7242
-1.13892 0.530566 8.25089
-0.892905 -0.0955328 5.94242
-0.0118575 0.0182043 4.38004
0.0325696 -0.13271 5.2273
-0.050468 -0.0930053 5.4568
-0.126382 -0.0459613 5.66904
-0.00132378 -0.142661 5.26712
-0.0590329 0.140071 5.54221
-0.061457 0.0644451 5.58401
-0.28174 0.165392 6.55432
-0.998107 0.0413985 6.37362
-0.586661 -0.323222 8.05188
0.214739 0.171233 4.42901
0.213719 0.154911 4.54013
0.0564007 0.0906746 4.97079
0.107608 0.017342 4.86574
0.0746298 0.236904 4.80959
0.0269969 0.229959 4.73023
0.114424 0.17783 4.89645
0.176287 0.0114296 4.68289
