-0.691924 0.428196 1.108
0.0405642 -0.189922 0.429
0.501351 -1.60431 3.86
0.389058 -1.62044 3.8601
-0.892805 -0.534771 5.404
-0.78333 -0.448149 3.947
0.202325 -1.52322 3.818
0.118451 -1.17784 3.081
0.186457 -1.388 3.818
0.103509 -1.93882 5.243
-1.61971 -1.93478 4.391
-1.54058 -1.9341 4.562
-1.76811 -1.9436 4.562
-0.0161035 -1.96416 5.166
-0.248625 -1.94625 5.091
-0.683441 0.42245 1.136
-0.685115 0.424253 1.167
-0.124709 -1.96229 5.21827
-0.391054 -1.78244 5.018
-0.124732 -1.94976 4.446
-0.269191 -1.95308 4.391
-0.0692955 -1.94049 4.446
0.416454 0.426903 1.129
0.415297 0.421277 1.186
0.421292 0.426874 1.087
0.0311648 0.0353219 0.089
-0.787321 -0.778835 5.018
-0.349571 -0.435168 3.697
-0.703558 -0.684105 5.09101
0.365012 -0.794325 2.856
0.220545 -0.376978 1.527
0.175418 -0.378169 1.494
1.42384 -1.14594 3.86
1.26937 -1.16683 3.903
1.69398 -1.30846 3.818
1.55218 -1.3309 3.86
0.385054 -0.26765 0.848
1.5591 -1.20506 3.818
1.3148 -1.14176 4.232
0.549744 -0.564506 2.142
1.08336 -0.938143 3.737
0.726929 -0.740743 2.879
-0.416175 -0.246834 0.699
-0.734476 -1.95904 4.284
-0.939239 -1.95904 4.284
-0.811635 -1.96916 4.622
-1.70428 0.408234 2.903
-0.0853585 0.0195469 0.139
-0.401094 0.0982594 0.669
-1.98209 -1.16002 3.513
-2.00066 -1.12193 3.314
-2.02214 -1.14613 3.584
-1.40475 -0.686078 2.311
-1.24909 -1.97365 4.947
-1.515 -1.92981 4.812
-1.60031 -1.9308 5.404
1.43186 -1.53194 3.86
1.23133 -1.49979 3.86004
1.37661 -1.39596 3.818
1.23934 -1.43544 3.86
1.36867 -1.03006 3.818
1.29002 -1.16017 3.992
1.36074 -0.990294 3.818
1.33425 -1.01234 3.903
-0.383048 -1.92906 4.337
-0.67146 -1.9381 4.337
-0.526166 -1.95311 4.562
-0.715 -1.96991 4.812
0.00240025 0.00138542 0.01
0.753663 0.421516 2.545
0.664791 0.42078 2.509
1.78619 -0.766029 4.684
1.80896 -0.780281 5.166
1.74116 -0.687326 4.747
1.73628 -0.653385 5.018
-1.17989 -1.31072 3.41
-1.53572 -1.68236 4.284
-1.56466 -1.72207 4.60497
1.77075 -0.509314 4.747
1.1574 -0.351922 3.345
1.795 -0.295738 4.812
1.75713 -0.350215 5.018
0.00191708 0.00128437 0.009
0.338546 0.278424 1.951
0.183299 0.145739 0.869
0.0518838 0.0501448 0.299
0.294316 0.318656 2.266
0.0288934 0.0376865 0.299
0.322964 0.423799 2.527
0.0906068 0.119167 0.8
-0.501514 0.429064 2.527
-0.352229 0.211359 1.215
-0.596935 0.43349 2.03
-0.0848026 0.322265 1.898
-0.109171 0.128152 0.898
-0.00625623 0.420216 2.007
-0.182471 0.42396 2.066
-0.00210931 0.00109375 0.01
-0.00227244 0.000796875 0.009
-0.0214204 0.0546052 0.589
-0.549214 0.421983 3.85813
-0.196036 0.0482198 0.389
-1.17629 0.425404 2.116
-0.515988 0.22077 1.547
-0.812084 0.293927 2.03
-0.666956 0.41662 1.951
-0.87202 0.419533 1.984
-0.020905 0.00559271 0.059
-0.00423628 0.000853125 0.009
-0.2167 0.424658 1.048
-0.186747 0.428986 1.027
-0.249366 0.428094 1.03
-0.0555362 0.426842 1.048
-0.152223 0.421011 1.039
-0.0666396 0.423106 1.018
-0.299878 0.427878 1.527
-0.445851 0.427878 1.527
-0.214759 0.431913 1.268
-0.0928159 0.421081 1.514
-0.213691 0.430192 1.672
-0.191083 0.424648 1.286
-0.517251 0.423106 1.018
-0.607193 0.426847 1.027
-0.34166 0.423106 1.018
-0.458015 0.423106 1.018
-0.750393 0.424235 1.514
-0.88472 0.422274 1.507
-0.678746 0.420964 1.325
-0.683162 0.423814 1.547
0.00401184 0.00111563 0.009
0.904637 0.431234 2.509
0.765299 0.426229 1.996
1.46775 0.431234 2.509
0.00499792 0.00123958 0.01
0.848862 0.313353 1.527
0.00433292 0.00109375 0.01
0.00331463 0.000885417 0.01
0.174671 0.426007 2.509
0.276164 0.418313 1.94
0.00139339 0.000815625 0.009
0.166764 0.220485 2.326
0.00217893 0.000871875 0.009
0.0471457 0.0273948 0.289
0.534021 0.42554 1.198
0.421055 0.424084 0.949
0.325089 0.420215 1.006
0.653444 0.425391 1.125
0.557363 0.419894 1.058
0.539384 0.426061 0.949
0.531549 0.421468 1.009
0.64783 0.42315 1.488
0.540227 0.428553 1.507
0.526534 0.41985 1.296
0.532263 0.425452 1.366
0.765318 0.431081 1.494
0.772401 0.422716 1.241
0.656736 0.428878 1.377
0.108951 0.423106 1.018
0.0560619 0.423106 1.018
0.170186 0.221853 0.559
0.252908 0.426847 1.027
0.233768 0.423106 1.018
0.427484 0.428553 1.507
0.216174 0.280394 0.986
0.415648 0.422338 1.356
0.296446 0.379079 1.268
-0.841094 -1.61745 5.091
-1.6308 -1.94179 5.666
-0.851674 -1.20381 5.091
-0.365003 -1.58563 5.091
-0.798775 -1.59624 5.091
-0.787321 -1.18655 5.018
-1.12259 -1.96828 4.446
-0.872833 -1.80837 5.091
-0.00136118 -0.00369792 0.01
-1.72128 -1.04396 3.444
-1.81767 -0.991031 3.41
-2.03328 -0.874578 3.345
-1.88984 -1.85916 5.666
-1.5602 -1.16202 3.86
-0.138118 -0.103528 0.409
-0.314897 -0.188853 0.669
-0.847419 -0.726512 1.596
-2.18613 -1.67776 3.737
-1.55652 -1.1664 3.002
-1.53379 -1.66219 3.737
-1.53379 -1.48312 3.737
-0.308832 -0.579804 5.404
-0.40034 -0.237528 2.621
-1.00631 -0.977465 5.018
-0.839462 -0.747473 5.018
-0.370197 -1.16564 5.018
-0.641328 -1.08201 5.018
-0.375583 -0.790166 5.091
-1.82476 -0.777906 3.41
-2.08429 -0.779447 3.513
0.00363778 -0.00248438 0.009
1.60657 -1.61059 3.621
1.32287 -1.48799 3.377
1.54416 -1.53998 3.86
0.477286 -1.14594 3.86
0.185504 -1.88967 5.759
0.000779302 -0.00261458 0.01
0.995758 -1.15733 3.818
0.741936 -1.1378 3.85967
0.709819 -0.944771 3.85949
0.158485 -1.94028 4.622
0.591108 -1.46754 3.818
1.21527 -1.61235 3.86
0.64574 -1.64452 3.86
0.982647 -1.50781 3.86
0.845006 -1.55504 3.818
1.75294 -0.264802 4.622
1.41813 -0.697497 3.659
0.743081 -0.444857 2.527
0.412043 -0.526373 2.266
-0.371381 -0.170128 0.789
0.772081 0.25586 1.286
0.394108 0.133395 0.679
1.10287 0.376324 1.868
1.14763 0.426543 2.066
0.372694 0.427037 1.198
0.171115 0.22162 0.559
0.216466 0.280283 0.669
0.322562 0.416877 0.939
-0.000953865 -0.00118542 0.01
-0.701441 -0.679861 5.091
0.639675 0.416963 1.178
0.556044 0.419453 1.058
0.519426 0.412868 1.048
0.65651 0.427037 1.198
0.411041 0.267498 0.679
0.648914 0.423675 1.118
1.53053 -1.47391 3.818
1.53053 -1.42618 3.818
-0.00494389 -0.00218542 0.01
-1.82193 -0.779327 3.41
0.293597 -0.26935 0.967
1.12513 -1.15721 4.391
0.754243 -0.776142 3.002
-0.679096 -1.94976 4.446
-0.498507 -1.95761 4.622
-0.723 -1.9659 4.812
1.36448 -0.804971 3.86
1.45758 -0.721565 3.777
1.24759 -0.744174 3.947
0.653136 0.425056 1.41
0.521937 0.41661 1.286
-1.1515 -0.682335 1.93
1.773 -0.245613 4.812
1.78182 -0.238819 5.18701
0.00212656 0.00122812 0.009
0.219937 0.124677 0.749
0.661663 0.423916 2.509
-0.623774 0.152351 1.077
-1.80607 0.424658 3.002
-0.28216 0.0686889 0.469
-0.758296 -1.98052 4.391
-0.911929 -1.96087 4.446
-0.708191 -1.9436 4.562
1.42223 -1.52872 3.86
1.39724 -1.36891 3.818
1.22585 -1.40709 3.818
-1.71295 -1.15441 4.182
-1.34834 -0.815864 2.903
-2.26428 -1.39407 5.666
-1.95366 -1.15136 3.478
-2.06003 -1.15443 3.41
-2.43154 -1.19178 3.992
0.00403367 -0.00276042 0.01
1.78674 -0.966963 4.05364
1.81258 -1.03067 4.232
1.77839 -1.22957 3.86
1.53774 -1.28747 3.86
1.73048 -1.20665 3.818
1.56862 -1.15892 3.818
0.415085 0.422338 1.356
0.319685 0.412682 1.325
0.303255 0.391018 1.207
-0.219014 -1.87767 5.759
-0.371351 -1.58351 5.091
-0.853791 -0.768954 5.09101
-1.01409 -0.627089 5.404
-1.1763 -0.657492 5.666
0.533966 0.425452 1.366
0.422117 0.429245 1.325
1.36867 -1.04438 3.818
0.276235 -0.217245 0.787
0.335706 -0.419538 1.688
0.254897 -0.342176 1.405
0.737433 0.428878 1.377
0.649787 0.425452 1.366
0.651219 0.425116 1.245
0.645576 0.41985 1.296
-0.361089 -0.21629 0.679
-1.85901 -1.18756 3.818
-1.82193 -0.992452 3.41
0.416283 0.42276 1.186
0.422195 0.428233 1.087
0.375687 0.42088 1.118
1.4258 -1.27346 3.818
1.23538 -1.24483 3.818
1.41261 -1.14272 3.86
0.00245199 0.00268771 0.019
0.000869701 0.00113812 0.009
0.298299 0.392342 2.357
0.310667 0.412421 2.723
0.0019919 0.00116062 0.009
0.00152057 0.00113812 0.009
0.537877 0.429999 2.545
0.356266 0.299145 2.078
0.440171 -0.960073 3.478
0.480715 -1.05383 4.037
0.491091 -0.839002 3.41
0.335458 -0.800801 3.222
1.78424 -0.754319 4.684
1.77423 -0.768953 5.091
1.77273 -0.669525 4.747
1.73628 -0.682657 5.018
-0.968052 -0.565314 5.091
-0.836921 -0.474831 4.182
1.749 -0.426063 4.812
1.76131 -0.544662 5.018
1.77256 -0.274209 4.684
1.74879 -0.356487 5.018
-0.498308 -1.95261 5.091
-0.739528 -1.92716 5.091
-0.391054 -1.78662 5.018
-0.195579 -0.553181 1.501
-0.130972 0.0805677 0.499
-0.551238 0.431798 2.042
-0.00197631 0.00111458 0.01
-0.0685916 0.0239298 0.269
-0.000355361 0.000939583 0.01
-0.00125312 0.000789583 0.01
-0.35255 0.0866469 0.699
-0.00349751 0.000939583 0.01
-0.00413529 0.000845625 0.009
-0.185348 0.427388 1.058
-0.299213 0.422343 1.514
-0.121199 0.42039 1.507
0.0049813 0.00123958 0.01
0.00433292 0.00108958 0.01
0.00331047 0.000889583 0.01
0.221514 0.383726 4.084
1.06283 0.263323 3.444
0.0077899 0.00460396 0.049
0.541043 0.430245 1.207
0.417062 0.422729 1.009
0.53331 0.421572 0.939
0.531223 0.421472 1.006
0.648449 0.42253 1.488
0.540228 0.427925 1.507
0.764452 0.418334 1.527
0.77242 0.425452 1.366
0.422095 0.42625 1.488
0.320145 0.415431 1.463
0.296446 0.379079 1.268
-0.791492 -1.57335 5.018
-0.0323236 -0.0453198 0.139
-0.803007 -1.20169 5.091
-0.315971 -1.197 5.018
-1.12259 -1.96087 4.446
-0.991712 -1.78662 5.018
-0.0692955 -1.93864 4.446
-0.331553 -1.93229 4.879
-1.73556 -1.03901 3.697
-2.07845 -0.996082 3.513
-1.91368 -1.87767 5.759
-1.7836 -1.16521 3.903
-0.137948 -0.103699 0.409
-1.58316 -1.20879 2.977
-1.57252 -1.1765 3.028
-1.55006 -1.9322 4.562
-1.54 -1.66686 3.737
-1.25854 -1.11026 3.054
-0.00090399 -0.00111042 0.01
-1.10434 -1.0841 5.018
-0.295176 -1.09987 5.091
-0.320568 -0.781681 5.091
-2.08721 -0.785302 3.513
0.452674 -0.455517 1.027
1.46078 -1.64817 3.737
0.469223 -1.14262 3.85966
0.168749 -1.87767 5.759
0.00069015 -0.00234938 0.009
0.738791 -1.13307 3.86
1.15271 -1.39362 3.86
1.54958 -0.805757 3.818
0.158485 -1.94605 4.622
-1.72634 -0.826434 3.697
0.0552157 0.423955 1.018
-0.693087 0.429567 1.568
-0.32522 0.420206 1.009
-0.68193 0.429414 2.007
-0.181612 0.421378 2.066
1.66377 -0.997452 5.666
-0.708191 -1.93904 4.562
-0.767957 -1.96911 4.947
-2.0802 -0.787058 3.513
-0.144415 0.419315 1.514
-0.204774 0.418086 1.596
-0.000355361 0.000939583 0.01
-0.333266 -0.774049 5.09103
0.420081 0.424747 1.009
0.410744 0.420961 0.959
0.216877 0.397632 4.232
-0.186099 -0.214691 1.951
-0.832228 -0.580136 5.576
-0.698902 -0.682406 5.091
-1.73556 -1.03901 3.697
-1.82533 -0.774212 3.41
-0.529657 0.402819 3.697
1.10193 0.377258 1.868
1.13736 0.424651 2.042
1.32751 -0.798567 3.992
1.54785 -0.771235 4.037
1.24389 -0.738686 3.992
0.53323 0.423484 1.006
0.528781 0.427774 1.009
0.64433 0.41773 1.388
0.653729 0.42732 1.315
-0.233942 0.421897 1.507
-0.298458 0.423857 1.514
-0.00346758 0.000939583 0.01
0.15472 -1.84735 5.666
0.164977 -1.16716 3.903
-1.97228 -1.16004 3.314
0.643551 0.421153 1.228
0.520995 0.412868 1.048
0.744082 -0.958477 3.818
0.69442 -0.945736 3.85949
-0.416256 0.255803 1.514
-0.839044 -0.747891 5.018
-0.887415 -0.627089 5.404
-1.14071 -0.65186 5.09099
-0.00607107 0.00147958 0.01
-0.00191147 0.00111958 0.01
-0.00177419 0.00100762 0.009
0.386041 -0.268851 0.848
1.70382 -1.1532 3.818
-0.217503 0.4221 1.919
0.65783 0.428435 1.207
0.410702 0.267498 0.679
-0.511641 0.125562 0.989
0.350634 0.424747 1.009
0.257655 0.332136 0.789
0.320688 0.414999 0.939
-1.54985 -1.0407 3.7838
-1.1894 -0.687186 2.583
-1.16301 -0.711356 2.903
0.724005 0.413402 2.491
0.21316 0.123534 0.889
-0.186403 0.42633 1.058
-0.233869 0.424317 1.03
-2.01499 -1.17929 3.584
-2.06003 -1.15272 3.41
-2.12225 -1.06107 3.513
0.649845 0.422074 1.476
0.606258 0.426813 1.377
0.535674 0.42732 1.315
0.321725 0.417737 1.167
0.0857779 0.111846 0.329
0.322124 0.415717 1.097
-0.00444052 -0.00196238 0.009
-2.60323 -1.06422 5.09093
0.467393 -1.03809 3.992
0.315611 -1.04979 4.037
0.491091 -0.835592 3.41
0.544701 -1.38841 5.66602
0.0297595 -0.0193919 0.069
1.52619 -1.00376 3.86
0.963209 -0.87172 3.314
0.951957 -0.960565 3.737
1.6129 -1.4054 5.666
0.00218828 0.00126958 0.01
0.0015116 0.00114262 0.009
0.243217 0.168007 1.159
0.32104 0.272232 1.878
1.35293 -1.05008 3.86
1.29168 -1.05006 3.992
0.535004 0.422074 1.476
0.417619 0.42732 1.315
-1.82533 -1.08111 3.41
-0.568803 -0.362986 1.167
-1.82533 -0.989042 3.41
0.412888 0.421675 1.178
0.36706 0.421675 1.178
0.415984 0.427844 1.129
0.367981 0.428233 1.087
0.534619 0.42524 1.198
0.476341 0.421675 1.178
0.468976 0.416808 1.058
0.423279 0.428233 1.087
0.000865212 0.00114262 0.009
0.297123 0.391164 2.357
0.323216 0.427665 2.833
1.78191 -0.754319 4.684
1.78309 -0.6979 4.879
1.7588 -0.552189 5.018
1.76789 -0.276551 4.684
0.423579 0.425506 1.488
0.399697 0.42379 1.482
0.414409 0.420303 1.356
0.326262 0.421146 1.296
-0.957896 -0.560223 5.091
-1.11695 -0.5895 5.666
-1.08304 -0.487513 5.66601
1.22586 -1.2122 3.86
1.41068 -1.13114 3.86
0.453263 -0.39425 1.388
0.301051 0.18134 1.93
0.11238 -1.93681 4.622
-0.343501 -1.56081 5.018
-0.37897 -1.20169 5.09102
-0.614994 -1.93469 4.684
-0.6318 -1.81432 4.812
-0.194391 0.426157 1.416
-1.11593 -1.95643 4.446
-0.0202777 -0.040582 0.359
-0.851251 -1.58351 5.091
-1.32042 -1.83035 5.666
-0.778979 -1.15435 5.018
0.00447419 0.00111563 0.009
0.758386 0.423384 1.34
-1.10934 -1.07908 5.018
-1.58464 -1.21176 2.977
-1.58907 -1.17897 3.054
0.597342 -0.675024 1.534
1.2011 -1.57699 3.818
1.23741 -1.40906 3.86
0.32028 0.416012 1.048
-1.04052 -1.01334 3.108
-1.55855 -1.14992 3.697
-0.593143 -0.446097 1.756
0.551015 -1.16982 3.992
0.191728 -1.58397 5.759
0.729165 -1.13114 3.86
0.866583 -0.121784 2.296
0.324523 0.418357 1.463
0.052163 -0.0269664 0.129
0.661663 0.423916 2.509
0.541685 0.429999 2.545
-2.0802 -0.9873 3.513
-1.57505 -1.95068 4.622
-0.00259975 0.000909583 0.01
1.66377 -0.997452 5.666
-0.820782 -0.7771 5.09101
-0.851837 -0.610878 5.404
-1.1373 -0.640495 5.666
1.33135 -1.03636 3.818
1.29168 -1.05485 3.992
-0.00429509 -0.00195698 0.009
-2.90746 -1.19123 5.666
0.739488 0.422718 1.439
0.643499 0.41773 1.388
0.642391 0.41944 1.286
0.652921 0.425862 1.366
0.470665 0.424231 1.259
0.417924 0.425698 1.25
0.411127 0.418438 1.167
0.373791 0.420992 1.118
1.69253 -1.64529 3.86
1.52619 -1.65919 3.86
1.50694 -1.48754 3.777
0.00197484 0.00115342 0.009
0.00179925 0.00124558 0.01
0.586316 0.400589 2.81
0.433706 0.365519 2.564
-0.893136 -0.497711 5.666
-0.477454 -0.256349 2.422
-0.184014 0.421043 1.048
-0.232636 0.424935 1.03
-0.184413 0.423536 1.009
-0.220646 0.427169 1.009
1.41705 -1.14374 3.903
1.30601 -1.14108 3.992
-0.681374 0.418292 2.209
-0.684299 0.418334 2.168
-0.685866 0.418603 1.951
1.76436 -0.699866 4.812
1.80942 -0.705927 5.243
1.23232 -1.13201 4.284
0.954193 -0.960565 3.737
0.757034 0.42262 1.325
0.743186 0.427724 1.388
0.530291 0.422846 1.405
0.414688 0.422701 1.296
0.711861 -0.979545 4.037
0.47273 -1.06166 3.86
0.0968233 -0.304169 1.167
0.491091 -0.839684 3.41
0.551483 -1.39521 5.66602
0.417491 0.426157 1.416
0.336425 0.433079 1.439
0.421016 0.424554 1.394
0.324108 0.419315 1.345
0.351714 0.422546 1.254
0.331307 0.423995 1.245
0.323122 0.418438 1.167
-0.2198 0.425554 1.919
-0.19427 0.422744 1.356
-0.000319451 0.000921583 0.01
-0.00242057 0.000829425 0.009
1.13736 0.423426 2.042
-1.52097 0.371796 2.98492
-0.249408 0.0611575 0.429
-1.0036 -1.82177 5.091
-1.22184 -1.95166 5.243
-0.790992 -1.57887 5.018
-1.32042 -1.84395 5.666
-0.820781 -1.18031 5.091
0.000649751 0.000829425 0.009
-0.00376683 0.000921583 0.01
-0.00406885 0.000829425 0.009
-1.61904 -1.23616 3.028
-1.549 -1.15103 2.977
-1.14977 -0.683687 1.93
0.000973317 0.00128158 0.01
0.198544 0.264219 1.575
1.74979 -0.40466 5.018
1.76789 -0.259689 4.684
-0.340498 -1.57887 5.018
-0.345453 -1.19864 5.09102
-1.57505 -1.95345 4.622
-1.55429 -1.67767 3.903
-0.128514 0.0790673 0.569
-0.687898 0.424101 2.702
-0.688718 0.423925 2.527
-1.00144 -0.976976 3.002
-1.5647 -1.1588 3.85954
-1.5345 -1.15746 4.503
-1.16648 -0.71484 2.903
-0.726505 -1.93053 4.947
-0.656244 -1.91341 5.091
-3.17051 -1.08059 5.322
-0.345453 -0.777103 5.09103
-0.711091 -0.685463 5.09101
-1.30007 -0.742482 5.666
0.647665 0.422382 1.178
0.533688 0.423628 1.125
0.536632 0.423536 1.009
0.51974 0.413497 1.048
0.322255 0.420994 1.067
0.526939 0.41944 1.286
1.53701 -0.802703 3.818
1.78471 -0.748699 4.684
0.324937 0.417515 1.457
-1.89756 -1.17283 3.86
-1.82329 -0.986996 3.41
-1.71991 -0.821964 3.659
-2.0802 -0.789167 3.513
0.002302 0.00135358 0.01
0.586878 0.339151 2.066
0.540162 0.426945 2.545
1.19424 -1.57241 3.818
1.54005 -1.40906 3.86
1.2351 -1.42296 3.86
0.546237 -1.16982 3.992
0.144547 -1.84395 5.666
0.18524 -1.57878 5.666
0.526074 0.419872 1.171
0.419434 0.422277 1.006
0.176338 0.22625 0.539
0.722234 -1.13114 3.86
0.00762045 -0.00586084 0.02
1.52619 -1.00608 3.86
0.149147 -1.92809 4.562
1.78146 -1.2421 3.903
0.19008 0.11317 1.228
-0.298458 0.422948 1.514
-0.0518463 0.424908 1.039
-0.184921 0.431341 2.155
0.745056 -0.449406 2.527
0.41778 0.422021 1.277
0.420925 0.424926 1.178
0.376546 0.424499 1.136
-0.599961 -0.358418 3.85886
-0.934776 -0.488523 4.812
-1.82329 -1.08275 3.41
-1.03263 -0.55562 1.774
-1.85631 -0.989399 3.444
-2.02451 -0.984141 3.478
-1.76188 -1.07607 3.584
-0.860689 -0.51493 1.848
-0.801803 -0.747891 5.018
-0.428385 -0.295344 2.681
-1.12509 -0.624178 5.66601
0.144547 -1.82356 5.666
0.183665 -1.15498 3.903
0.193379 -1.57878 5.666
0.429993 0.433942 1.148
0.170837 0.220961 0.559
0.33445 0.42063 1.009
0.319495 0.410233 1.428
0.29385 0.427829 1.366
0.120074 -0.256528 0.998
0.000772565 -0.0022745 0.009
0.583509 -0.974374 3.992
0.568806 -1.40567 5.759
1.67685 -1.2123 3.818
1.49588 -1.2123 3.818
1.80068 -1.14721 4.182
0.341362 0.42695 1.259
0.177648 0.227369 0.688
0.336901 0.427812 1.186
1.78542 -0.68502 4.879
1.77525 -0.670799 5.091
-0.00336464 0.000928783 0.01
-0.00337722 0.000835905 0.009
1.13651 0.425322 2.03
-1.59177 -1.20248 2.977
-1.77356 -1.03198 3.164
0.136608 0.269626 2.903
-0.0529918 0.419984 1.018
-0.352764 -1.57252 5.091
-0.326082 -1.15977 5.018
-0.00452813 0.000928783 0.01
-0.736932 -1.94017 5.018
-0.747653 -1.90241 5.091
1.5456 -1.49244 3.86
1.19973 -1.55867 3.818
1.52878 -1.37724 3.818
-0.198565 0.4218 1.641
-0.105323 0.42353 1.52
-0.193296 0.424697 1.356
-0.703776 -1.96839 5.091
-0.637962 -1.88042 5.091
0.651474 0.422727 1.388
-0.352662 0.0860597 0.699
-0.00543307 0.00131758 0.01
-0.219204 0.427346 1.058
-0.228463 0.419984 1.018
-0.662439 0.410279 2.602
-0.680829 0.42328 2.545
-2.78538 -1.21163 5.666
0.420015 0.424554 1.394
1.77525 -0.384889 5.091
0.881247 -0.125608 2.326
-0.330826 -0.758772 5.091
-0.703778 -0.692794 5.09101
0.00103077 0.00131758 0.01
0.325813 0.420286 2.527
0.00209119 0.0012247 0.009
0.357468 0.300725 2.078
0.717832 0.420286 2.527
-1.13265 -1.09748 3.41
-1.54979 -1.03763 3.78254
-1.5345 -1.15746 4.503
-2.27264 -1.38297 5.666
-0.525601 -0.308586 2.342
-0.801803 -1.54997 5.018
-1.32042 -1.82356 5.666
-0.813468 -1.17664 5.091
0.332038 0.422602 1.118
0.713918 -1.10891 3.86
1.25386 -1.11967 4.284
0.327629 -0.445477 1.858
0.654433 0.424926 1.178
0.532658 0.420958 1.167
0.654077 0.425248 1.125
0.523504 0.414252 1.048
1.7948 -0.738581 4.684
0.25039 0.322223 1.058
0.324208 -0.677123 2.357
-1.74981 -0.743932 3.41
-1.83798 -0.773394 3.41
1.32321 -1.14683 3.992
1.51233 -0.981386 3.818
0.779315 -0.572544 2.155
0.537099 0.424995 1.286
0.410602 0.414252 1.048
0.125224 0.0751385 0.809
0.0030992 0.000755983 0.01
-0.691769 0.425322 2.03
-0.000305086 0.000928783 0.01
-0.00240765 0.000835905 0.009
-0.178252 0.435504 2.168
-0.677848 0.415322 1.672
0.367083 -0.216253 1.236
-0.489652 -0.290343 0.907
-0.671531 -0.377286 1.198
0.655363 0.424991 1.167
0.591054 0.42136 1.125
0.577738 0.418204 1.058
0.53971 0.428997 1.178
0.523504 0.414252 1.048
0.148303 0.133999 0.339
1.31289 -1.15373 3.992
1.35937 -0.99369 3.777
0.715083 0.422745 2.788
0.00202913 0.0012247 0.009
0.0392454 0.0506202 0.139
0.261103 0.339066 1.018
0.348957 0.425862 1.259
0.477533 0.418738 1.118
0.420603 0.42548 1.136
0.409699 0.414252 1.048
0.538843 0.425331 1.277
0.472703 0.422891 1.178
0.469476 0.428906 1.268
0.356002 0.426325 1.388
0.339767 0.431626 1.507
0.702089 0.422946 1.377
-0.814777 -0.773905 5.018
-0.877453 -0.609321 5.404
-0.628271 -0.356753 3.164
-1.86375 -1.16282 3.818
-1.42764 -0.850972 3.054
0.356912 -0.787644 3.054
0.325662 -1.04117 4.037
-0.471914 -0.276237 3.002
-0.930628 -0.49268 4.812
-0.347706 -0.747891 5.018
-0.27541 -0.638863 5.666
0.180041 -0.231952 0.978
0.558666 -0.80316 3.314
0.420012 0.424991 1.167
0.367734 0.42548 1.136
0.350086 0.414252 1.048
0.120907 0.157716 0.399
0.538918 0.427584 1.416
-0.889227 0.217479 1.73
-0.347706 -1.58032 5.018
-1.71706 -1.1436 4.182
-1.55378 -1.16709 4.52524
0.169947 0.212959 2.251
0.000444719 0.000946063 0.01
0.00101354 0.00130894 0.01
0.299832 0.394049 2.357
-0.814777 -1.58032 5.018
-1.35202 -1.84354 5.759
1.31885 -0.195779 3.513
1.75412 -0.409719 5.018
-1.12616 -0.669851 5.018
0.886713 -0.536294 2.977
1.78122 -0.676589 4.879
1.75412 -0.695865 5.018
1.68258 -1.1458 4.037
1.54893 -0.815424 3.86
1.13619 0.426072 2.042
0.658242 0.424263 1.405
0.207013 0.179836 1.228
0.0329833 0.0192778 0.119
0.542915 -1.14072 3.947
0.234122 -1.14824 3.903
0.700518 0.425862 1.259
0.583331 0.425862 1.259
-1.84092 -0.967846 3.41
-0.00439334 -0.0019479 0.009
-1.84092 -0.791072 3.41
1.24694 -1.14102 4.337
0.710591 -1.11558 3.86
0.826397 -0.830972 3.222
0.413377 0.425331 1.277
0.134781 -1.81376 5.666
1.64204 -1.12871 3.584
-0.806566 -0.787871 2.422
-0.347706 -1.1641 5.018
-0.826631 -1.18104 5.091
0.123829 0.0765365 0.809
-0.00343359 0.000946063 0.01
-0.0041141 0.000851456 0.009
-0.000297848 0.000851456 0.009
-0.00243867 0.000851456 0.009
-0.16954 0.422152 2.129
-0.215556 0.423689 1.058
0.48441 0.422833 1.148
0.424442 0.426978 1.14
0.594482 -1.12927 4.562
0.525539 0.418151 1.366
0.449884 0.421522 1.25
1.74374 -0.680257 5.018
1.76911 -0.595143 5.091
0.195941 -1.14891 3.947
-1.73014 -0.828758 3.621
-0.00441195 -0.0019479 0.009
0.694623 -1.12358 3.86
0.694537 -0.979387 3.85952
1.80768 -0.980502 4.284
1.51628 -0.802593 3.818
0.00217186 0.00131931 0.01
-0.214413 -1.81965 5.759
-0.840726 -0.773905 5.018
-1.85928 -0.788247 3.444
-1.25411 -0.505773 2.406
1.01962 -1.29681 5.66602
0.555239 -0.799725 3.314
0.469958 0.421518 1.377
0.42538 0.428253 1.399
0.414061 0.424557 1.259
-0.252727 -0.690158 5.09103
-0.239248 -0.474154 4.284
1.78633 -1.15327 4.2334
1.37413 -1.0401 3.818
1.31289 -1.13717 3.992
1.26335 -1.06267 3.992
1.82046 -1.09994 4.132
1.78646 -0.915726 4.11276
-0.840726 -1.58552 5.018
-1.33604 -1.79027 5.666
-0.892195 -0.552416 1.82
-0.00491458 -0.0028437 0.009
0.140641 -1.82551 5.666
0.325481 0.418816 1.457
-0.00307161 0.000851456 0.009
-0.00384727 0.000946063 0.01
0.000992853 0.00131931 0.01
0.349366 0.437097 2.681
0.102289 0.119961 1.268
0.000434378 0.000946063 0.01
-1.55413 -1.19054 4.47236
-0.12655 -0.0841781 0.309
-0.821366 -1.19688 5.091
0.689955 0.41199 2.527
0.44589 -1.03784 3.992
1.773 -0.722394 4.684
0.886713 -0.533208 2.977
1.78046 -0.670632 4.947
-1.12509 -0.591867 5.666
-1.15211 -0.711473 5.018
0.0370891 -0.0370018 0.139
0.700665 0.421518 1.377
0.654584 0.424886 1.388
0.598389 0.422833 1.148
0.537627 0.426978 1.14
-1.8788 -1.14999 4.037
-1.84092 -0.971382 3.41
0.333113 0.429831 1.167
1.74394 -0.28532 4.684
-0.972464 -0.530881 5.404
-1.86343 -1.82551 5.666
0.32213 0.416801 1.236
0.741372 0.42788 1.457
0.365766 0.232353 2.456
-0.00452985 0.000946063 0.01
-0.234262 0.0565984 0.429
-0.000310257 0.000946063 0.01
-0.00245729 0.000851456 0.009
-0.205642 0.424767 1.657
1.77415 -0.661414 4.879
1.77415 -0.515728 4.879
1.28864 -1.09957 3.86
1.23103 -1.01302 3.85959
1.21381 -0.988171 3.992
0.000793042 -0.00229503 0.009
0.121508 -1.81249 5.759
0.232855 -1.16697 3.992
0.203927 -1.74092 5.666
-0.00409921 0.000862654 0.009
-0.00522484 0.0012571 0.01
-0.19785 0.41939 2.018
-0.204288 0.428687 1.697
0.16485 0.208176 0.718
0.338338 0.424437 1.268
1.773 -0.28532 4.684
-0.828271 -1.57928 5.018
-1.35714 -1.78322 5.666
-0.00302693 0.000862654 0.009
-0.0038845 0.000958504 0.01
-0.342516 -0.755175 5.018
-0.271681 -0.690158 5.09103
0.713785 -1.09957 3.86
0.878983 -1.36025 5.666
0.0022215 0.00133175 0.01
0.00147687 0.000958504 0.01
0.0655516 0.0389654 0.239
-0.828271 -0.755175 5.018
-0.510689 -0.277049 2.621
-1.14359 -0.690152 5.09099
1.54733 -0.811422 3.86
0.00103009 0.00133175 0.01
0.000359914 0.000958504 0.01
0.33318 0.409055 2.509
-0.122826 -0.0807099 0.299
-0.00443429 -0.0019591 0.009
1.773 -0.704911 4.684
1.22749 -0.728086 4.037
0.552749 0.428341 1.405
0.43424 0.424988 1.394
0.477205 0.430462 1.286
0.42632 0.427449 1.277
0.725781 0.431695 1.416
0.667833 0.428341 1.405
0.659365 0.424437 1.268
0.546061 0.424437 1.268
0.818045 -1.15382 3.947
1.36112 -1.14095 3.903
1.79099 -1.11076 4.232
-1.0618 -0.472027 5.666
-1.86343 -1.82551 5.666
-1.76583 -1.07446 3.584
-0.175792 -1.78322 5.666
-0.342516 -1.16723 5.018
-0.828271 -1.16723 5.018
-0.19353 0.423525 1.356
-0.000235793 0.000958504 0.01
-0.00269309 0.000958504 0.01
