0.620516 0.38823 1.439
-0.476857 0.413366 1.62522
0.626089 0.415999 1.62469
-0.968052 0.334097 1.697
-0.725776 0.413428 1.67451
-0.474753 0.414327 1.67789
-0.324605 0.41474 1.6736
-0.176485 0.413365 1.67664
0.0232614 0.41396 1.67516
0.0756801 0.414642 1.67235
0.625159 0.415441 1.6736
0.67224 0.415497 1.67745
0.876356 0.415816 1.67536
0.925276 0.415836 1.67671
0.974035 0.416852 1.6742
1.0253 0.415616 1.67182
1.10773 0.414897 1.68327
1.03349 0.33489 1.7195
1.02612 0.356852 1.72167
1.08389 0.361026 1.73567
-0.773784 0.411896 1.72273
-0.727356 0.413673 1.72869
-0.67594 0.413491 1.72569
-0.625624 0.413028 1.72589
-0.576656 0.413047 1.72877
-0.5254 0.413446 1.7237
-0.473027 0.413911 1.72826
-0.27519 0.413474 1.72547
-0.175483 0.413544 1.72472
-0.125407 0.413756 1.72427
-0.0738249 0.414404 1.72391
-0.0253454 0.414338 1.72302
0.0259686 0.414128 1.72308
0.075819 0.414156 1.72315
0.424545 0.415257 1.72679
0.623144 0.415308 1.72331
0.677098 0.414631 1.72522
0.774598 0.415682 1.724
0.823596 0.416358 1.72354
0.875168 0.415787 1.72714
0.926107 0.415661 1.7285
0.974325 0.41522 1.72285
1.02309 0.415401 1.72294
1.07427 0.415875 1.72164
1.12625 0.416022 1.72694
0.995839 0.332776 1.765
1.04147 0.349256 1.774
1.04915 0.356687 1.756
-0.775556 0.412951 1.7764
-0.723888 0.411698 1.774
-0.675433 0.41164 1.77735
-0.625072 0.412041 1.76995
-0.573566 0.412395 1.77782
-0.524574 0.413011 1.77332
-0.474421 0.412978 1.7758
-0.126111 0.414033 1.77246
0.0259305 0.414774 1.77381
0.0738875 0.414191 1.77143
0.173222 0.414852 1.77526
0.226425 0.413908 1.7725
0.276432 0.414029 1.77106
0.475681 0.415388 1.77025
0.523299 0.414024 1.77613
0.625798 0.415857 1.77443
0.673183 0.415318 1.77207
0.72671 0.414616 1.77271
0.777149 0.41465 1.77379
0.826134 0.415765 1.7723
0.873542 0.414715 1.77468
0.923733 0.415407 1.77492
0.974821 0.414718 1.77152
1.02912 0.416212 1.77362
1.07075 0.415545 1.7704
1.12296 0.416586 1.77573
1.16982 0.417291 1.78244
-1.07603 0.358324 1.801
0.574508 0.399597 1.801
0.994898 0.360115 1.81
1.01848 0.358222 1.839
-1.07385 0.411588 1.82334
-0.923559 0.413152 1.82948
-0.872684 0.413024 1.82652
-0.771358 0.412954 1.82583
-0.671662 0.412483 1.82809
-0.623571 0.414084 1.82334
-0.571944 0.413181 1.82395
-0.522084 0.41293 1.82421
-0.477566 0.414328 1.82984
-0.372471 0.412788 1.82459
-0.174455 0.415001 1.82387
-0.123837 0.414196 1.82005
-0.076575 0.415486 1.82452
0.0248727 0.413458 1.82263
0.0743796 0.414724 1.82783
0.17709 0.415039 1.82702
0.223817 0.415915 1.82805
0.377808 0.414527 1.8267
0.575229 0.414964 1.82316
0.624966 0.415877 1.82828
0.673278 0.415619 1.82488
0.773341 0.415643 1.81971
0.874297 0.41546 1.82347
0.974566 0.416432 1.82711
1.02222 0.416281 1.82572
1.07467 0.414967 1.82445
1.12446 0.416126 1.82755
1.17485 0.416716 1.82614
0.658331 0.342569 1.858
0.963364 0.311602 1.858
1.05395 0.328846 1.868
-1.12506 0.412408 1.88095
-1.07548 0.41289 1.88005
-0.875658 0.413307 1.881
-0.822886 0.413267 1.87959
-0.774241 0.413316 1.87951
-0.724906 0.413899 1.87914
-0.675084 0.413487 1.87939
-0.625449 0.414513 1.87826
-0.476785 0.415136 1.8755
-0.425303 0.413966 1.87743
-0.376993 0.413422 1.87329
-0.32432 0.414896 1.87829
-0.124439 0.414421 1.87467
0.121275 0.415736 1.88151
0.178135 0.416148 1.87616
0.629287 0.415918 1.87714
0.721263 0.415891 1.87826
0.773707 0.415245 1.8765
0.927224 0.416 1.88063
0.876361 0.307594 1.93
0.929281 0.313229 1.94
0.965565 0.317271 1.94
0.687386 0.398104 1.94
-1.02502 0.412874 1.92414
-0.974915 0.41322 1.92196
-0.877103 0.413269 1.92523
-0.827192 0.412528 1.927
-0.730481 0.41443 1.9275
-0.674977 0.412709 1.92273
-0.626115 0.41302 1.92656
-0.472723 0.413486 1.92206
-0.423098 0.413196 1.92317
-0.370439 0.414772 1.9197
-0.324513 0.413642 1.92474
-0.275254 0.413806 1.92594
-0.0738939 0.413842 1.92553
0.12711 0.41402 1.92571
0.171844 0.414349 1.9238
0.22655 0.416358 1.92173
0.273501 0.414624 1.92467
0.57329 0.41611 1.92291
0.625386 0.414501 1.92182
0.677456 0.416678 1.92782
0.727117 0.416008 1.92407
0.776413 0.414934 1.92332
0.825647 0.415948 1.92707
0.921251 0.417534 1.92779
1.06948 0.416458 1.92414
-0.920487 0.314447 1.973
-0.184584 0.322271 1.996
0.829134 0.323134 1.951
0.977122 0.317635 1.9675
-1.20084 0.388804 1.996
-1.16063 0.394733 1.984
0.709225 0.373131 1.99
-1.22185 0.41261 1.97733
-1.1757 0.412488 1.97723
-0.978897 0.412973 1.97491
-0.926228 0.414167 1.97444
-0.676464 0.414736 1.97685
-0.625146 0.414201 1.97664
-0.575754 0.414047 1.96956
-0.475565 0.413981 1.97229
-0.425221 0.414981 1.97439
-0.379074 0.414602 1.9773
-0.326631 0.412809 1.97421
-0.274773 0.413965 1.97648
-0.173719 0.414368 1.96845
-0.076553 0.415176 1.9732
-0.0240827 0.415633 1.97574
0.0229584 0.415045 1.96885
0.0733851 0.412847 1.96904
0.17258 0.415241 1.97317
0.225289 0.414373 1.97156
0.275853 0.415065 1.9766
0.324944 0.413659 1.97527
0.525911 0.415662 1.9736
0.573343 0.416196 1.97563
0.623714 0.415907 1.97291
0.677249 0.414822 1.96924
0.723611 0.414154 1.96985
0.778343 0.415385 1.97215
0.828122 0.41657 1.97286
0.877084 0.416087 1.97666
0.926759 0.415672 1.97241
0.97115 0.415713 1.96966
-1.11161 0.336219 2.03
-0.935705 0.329698 2.042
-0.280538 0.336219 2.03
-0.0210931 0.329875 2.03
0.256506 0.324047 2.007
0.7024 0.344677 2.03
1.02393 0.319866 2.007
1.05352 0.330856 2.036
-1.17335 0.393511 2.042
-0.623538 0.378403 2.007
-0.596935 0.357365 2.03
-0.440022 0.399309 2.007
-0.267882 0.399656 2.03
0.786773 0.395427 2.03
-1.27726 0.411145 2.01952
-1.22322 0.412228 2.01976
-1.18034 0.411444 2.01997
-1.12593 0.412542 2.01724
-1.07488 0.412825 2.02047
-1.0237 0.411138 2.02143
-0.926842 0.411555 2.01831
-0.876907 0.412162 2.02611
-0.772746 0.412414 2.02375
-0.675206 0.413528 2.02129
-0.62561 0.413254 2.02452
-0.574026 0.413718 2.02134
-0.470769 0.413061 2.01879
-0.425019 0.413867 2.01777
-0.375169 0.413409 2.02493
-0.324545 0.413522 2.02109
-0.275758 0.41325 2.02073
-0.226403 0.415572 2.02221
-0.175239 0.414003 2.0193
-0.126115 0.415064 2.02183
-0.0760131 0.414329 2.02245
0.0267608 0.415461 2.0235
0.0763853 0.415506 2.02317
0.126234 0.414793 2.02636
0.175576 0.414284 2.01963
0.225784 0.414496 2.02067
0.274539 0.41381 2.02441
0.321577 0.415211 2.02016
0.374688 0.41476 2.02407
0.521164 0.416352 2.02171
0.577107 0.415404 2.02293
0.624829 0.416425 2.02191
0.67429 0.414607 2.02166
0.722758 0.415415 2.02536
0.775329 0.415254 2.02494
0.828116 0.4151 2.02493
0.876559 0.414737 2.02168
0.924746 0.415316 2.02543
0.980584 0.415072 2.02145
1.02521 0.416538 2.021
1.13063 0.413499 2.02197
1.23275 0.407691 2.042
1.32502 0.408351 2.0312
-1.16193 0.329031 2.0785
-1.07311 0.33551 2.078
-0.568659 0.327064 2.07033
-0.123843 0.346322 2.091
-0.0407876 0.346485 2.066
0.676216 0.337877 2.066
0.968169 0.312052 2.066
1.0906 0.344473 2.054
1.12763 0.346322 2.091
1.15948 0.344169 2.078
-1.28841 0.398597 2.091
-1.12587 0.388408 2.06
-1.09903 0.374473 2.078
-0.876879 0.398366 2.0785
0.141225 0.350678 2.091
0.693089 0.359391 2.091
0.86942 0.398135 2.066
1.12902 0.382985 2.054
1.18713 0.398135 2.066
1.23013 0.390393 2.07833
1.277 0.39196 2.08475
1.37097 0.394241 2.091
-1.27337 0.413197 2.08775
-1.22176 0.409662 2.06633
-1.17877 0.411524 2.0772
-1.12333 0.414541 2.07538
-1.077 0.414863 2.07621
-1.02259 0.414779 2.07395
-0.980232 0.412776 2.07668
-0.920124 0.414373 2.07508
-0.872292 0.41265 2.07406
-0.771946 0.413767 2.07429
-0.723451 0.414271 2.07355
-0.675345 0.412854 2.0705
-0.474092 0.414992 2.07241
-0.423671 0.414255 2.07223
-0.377975 0.41402 2.07076
-0.323455 0.413732 2.07123
-0.273317 0.413875 2.06744
-0.22219 0.414112 2.07312
-0.177042 0.414429 2.07611
-0.127938 0.414115 2.07609
-0.0749982 0.415314 2.07239
-0.0245466 0.415808 2.07529
0.0278059 0.414793 2.07221
0.0737654 0.417179 2.0698
0.123396 0.414377 2.07343
0.225556 0.414038 2.07345
0.275602 0.415655 2.07448
0.528071 0.416686 2.06854
0.57343 0.416374 2.073
0.623772 0.413727 2.07291
0.674093 0.415394 2.07652
0.728114 0.415701 2.073
0.773013 0.415942 2.07276
0.827667 0.416042 2.07426
0.875439 0.415809 2.07614
0.92585 0.413452 2.07248
0.973117 0.415015 2.07031
1.02655 0.416409 2.07465
1.07703 0.416347 2.06658
1.12611 0.417043 2.0724
1.16174 0.409228 2.06913
1.22941 0.407671 2.0686
1.27955 0.405791 2.06718
1.31579 0.406893 2.0624
-0.519862 0.312697 2.129
-0.373842 0.310814 2.116
-0.169804 0.333865 2.1225
-0.0774262 0.34818 2.129
0.103337 0.341646 2.116
0.964843 0.330471 2.1225
1.02484 0.335166 2.103
1.09914 0.339547 2.103
1.11225 0.348309 2.103
-0.732157 0.398954 2.116
-0.652592 0.374793 2.129
0.03298 0.350462 2.116
0.965216 0.350462 2.116
1.14551 0.350462 2.116
1.20855 0.399394 2.142
1.28085 0.39697 2.129
1.30891 0.396503 2.103
1.35767 0.399394 2.142
1.41137 0.385881 2.129
-1.32572 0.4132 2.12207
-1.2783 0.413291 2.12087
-1.22725 0.414921 2.12191
-1.17854 0.413333 2.12413
-1.12584 0.413084 2.12322
-1.07339 0.413031 2.12048
-1.02712 0.413171 2.12484
-0.976542 0.413626 2.11959
-0.925693 0.414602 2.12178
-0.875189 0.411831 2.11937
-0.823612 0.413359 2.123
-0.771916 0.413537 2.12529
-0.723779 0.41343 2.11951
-0.675426 0.41398 2.128
-0.469968 0.414656 2.12343
-0.422849 0.413299 2.12337
-0.375813 0.41406 2.124
-0.325321 0.413869 2.11883
-0.274187 0.414165 2.1273
-0.22413 0.41464 2.12389
-0.173782 0.414439 2.11894
-0.123116 0.414192 2.12448
-0.0693015 0.415941 2.12165
-0.0240586 0.41484 2.12068
0.0227172 0.415007 2.121
0.074442 0.415477 2.12009
0.176512 0.415036 2.11808
0.225623 0.414715 2.11871
0.278196 0.414436 2.1225
0.522697 0.415264 2.12103
0.577162 0.415976 2.12014
0.624016 0.416663 2.11541
0.723674 0.417046 2.1238
0.776768 0.414955 2.12274
0.823452 0.416058 2.12467
0.874409 0.414693 2.12226
0.92324 0.416104 2.12575
0.974809 0.416175 2.12278
1.02701 0.414528 2.11548
1.07553 0.416594 2.1195
1.12498 0.415532 2.12135
1.1673 0.416556 2.12714
1.22678 0.410404 2.12976
1.27551 0.408446 2.1173
1.32424 0.406298 2.12157
1.3627 0.406888 2.12683
1.40916 0.410276 2.129
-0.913282 0.347597 2.181
-0.618085 0.317818 2.195
-0.581593 0.331536 2.195
0.64587 0.324878 2.181
0.726007 0.32129 2.177
0.989635 0.319353 2.1745
1.02263 0.334193 2.168
1.43916 0.336109 2.195
-1.17779 0.390037 2.18133
-1.11959 0.390692 2.168
-1.0788 0.358974 2.195
-0.902395 0.397328 2.155
-0.0677634 0.378204 2.1745
0.141069 0.397328 2.155
0.275972 0.372693 2.195
0.687074 0.359075 2.168
0.898828 0.354558 2.168
0.931412 0.361228 2.181
1.01494 0.354401 2.195
1.21871 0.399725 2.168
-1.41647 0.413388 2.17423
-1.37582 0.412482 2.17743
-1.3282 0.411787 2.17215
-1.27413 0.41386 2.17481
-1.22129 0.411425 2.1774
-1.17556 0.412144 2.173
-1.12584 0.413034 2.17614
-1.07608 0.412137 2.17039
-1.02449 0.412785 2.17305
-0.976574 0.412848 2.17479
-0.921896 0.412752 2.17177
-0.872208 0.413011 2.17119
-0.825856 0.41283 2.17832
-0.774858 0.414043 2.17089
-0.727847 0.412538 2.1714
-0.670121 0.412523 2.17478
-0.62494 0.413388 2.17922
-0.576718 0.415785 2.17596
-0.524527 0.414902 2.17526
-0.476555 0.41507 2.17586
-0.426623 0.413869 2.17475
-0.374342 0.413301 2.16903
-0.324496 0.414494 2.1725
-0.276486 0.414322 2.17618
-0.224791 0.415535 2.17791
-0.174153 0.414196 2.17909
-0.1238 0.415442 2.17376
-0.0767702 0.415866 2.16807
-0.0261114 0.415166 2.17477
0.0244018 0.415476 2.17781
0.0743756 0.416042 2.17471
0.123296 0.415295 2.17275
0.225217 0.416009 2.17217
0.528695 0.416389 2.17217
0.577653 0.415516 2.1751
0.623865 0.417096 2.17405
0.673201 0.417094 2.17496
0.724476 0.417167 2.17704
0.772012 0.415852 2.1759
0.826527 0.415055 2.1791
0.87277 0.414931 2.17355
0.924347 0.415973 2.17917
0.976988 0.415604 2.17504
1.02988 0.416784 2.17367
1.07705 0.416609 2.17475
1.12451 0.415702 2.17132
1.17398 0.416432 2.17903
1.23013 0.407816 2.163
-1.06022 0.349659 2.223
-1.04636 0.345028 2.223
-0.63456 0.328559 2.237
-0.462555 0.309918 2.237
0.0255684 0.319239 2.237
0.686296 0.301436 2.209
1.07191 0.342855 2.209
1.39325 0.329049 2.209
-1.25285 0.365843 2.237
-1.14536 0.39808 2.209
-0.989276 0.352059 2.209
-0.611317 0.356522 2.237
-0.410859 0.393478 2.209
-0.309866 0.365866 2.209
-0.254779 0.37507 2.209
-0.241007 0.370468 2.209
0.72302 0.370468 2.209
0.760078 0.384484 2.237
0.982101 0.378278 2.22767
1.14128 0.370503 2.237
1.18667 0.361264 2.209
1.36512 0.368184 2.223
1.46211 0.365855 2.223
-1.37819 0.414123 2.223
-1.32602 0.414325 2.22412
-1.27322 0.41342 2.22037
-1.22123 0.41177 2.21775
-1.17631 0.413338 2.22354
-1.12565 0.412618 2.22742
-1.07273 0.415012 2.22809
-1.02662 0.413701 2.22076
-0.973343 0.413405 2.22173
-0.925273 0.414373 2.22378
-0.878022 0.41058 2.2202
-0.821788 0.412559 2.227
-0.775444 0.412985 2.21967
-0.726299 0.415042 2.21911
-0.68015 0.414213 2.2265
-0.623396 0.414658 2.22521
-0.579918 0.413699 2.22465
-0.535878 0.41568 2.22045
-0.471579 0.414241 2.22475
-0.422547 0.414658 2.21775
-0.37175 0.41367 2.22521
-0.327526 0.413804 2.23175
-0.272563 0.41492 2.22
-0.227664 0.415154 2.223
-0.174402 0.415012 2.22737
-0.128327 0.414505 2.22422
-0.0776551 0.416635 2.22212
-0.0234444 0.415022 2.21918
0.0234223 0.414114 2.221
0.0767933 0.415547 2.22456
0.123773 0.417003 2.223
0.170744 0.415493 2.21932
0.228199 0.41523 2.22387
0.273202 0.415009 2.21932
0.47899 0.41498 2.2195
0.523865 0.413903 2.22555
0.574948 0.413252 2.22233
0.627138 0.418289 2.21858
0.672563 0.415974 2.22239
0.725675 0.416861 2.22547
0.773312 0.41412 2.2223
0.825089 0.414889 2.2202
0.872846 0.41535 2.22192
0.927445 0.41694 2.223
0.973058 0.417218 2.227
1.02554 0.416084 2.22567
1.07209 0.418747 2.221
1.12825 0.417141 2.22153
1.17792 0.416975 2.22465
1.20956 0.414777 2.221
1.46393 0.417505 2.2342
-0.540879 0.317413 2.2735
-0.395809 0.306509 2.281
0.568687 0.334991 2.281
0.622668 0.313308 2.296
0.694587 0.311575 2.266
1.03615 0.349374 2.251
1.06186 0.323471 2.266
-1.50538 0.389842 2.296
-1.29264 0.39891 2.266
-1.06289 0.376736 2.2735
-0.793989 0.396799 2.281
-0.670382 0.380275 2.296
-0.207556 0.385058 2.296
-0.0355517 0.373039 2.281
0.164613 0.370708 2.296
0.598811 0.399408 2.296
0.689468 0.370708 2.296
0.737182 0.380275 2.296
0.815211 0.37071 2.281
0.936196 0.373039 2.281
0.972421 0.39891 2.266
1.23341 0.394625 2.296
1.36701 0.380275 2.296
-1.37824 0.413091 2.27162
-1.27653 0.413556 2.27444
-1.2313 0.414934 2.2765
-1.17147 0.412436 2.27386
-1.12394 0.414322 2.272
-1.0741 0.413091 2.27119
-1.0258 0.412531 2.27623
-0.974739 0.412505 2.27511
-0.927817 0.412451 2.27886
-0.875973 0.415336 2.2744
-0.825404 0.414346 2.27412
-0.77467 0.413337 2.27479
-0.727753 0.414364 2.27322
-0.672427 0.414212 2.2735
-0.625385 0.415486 2.2762
-0.575699 0.415182 2.27869
-0.524252 0.414031 2.26761
-0.475129 0.413046 2.2732
-0.426518 0.413776 2.27292
-0.37733 0.414556 2.27895
-0.326349 0.415995 2.27324
-0.272689 0.416076 2.27489
-0.22462 0.41498 2.27564
-0.177066 0.41459 2.27448
-0.125616 0.414283 2.27767
-0.0745166 0.415973 2.2726
-0.027731 0.415753 2.2756
0.0247771 0.416197 2.27029
0.075534 0.415742 2.27513
0.124802 0.415021 2.271
0.177244 0.416209 2.279
0.223801 0.416124 2.27383
0.275347 0.414013 2.2744
0.372007 0.415046 2.27696
0.47542 0.416397 2.27267
0.576024 0.41758 2.27555
0.625196 0.414053 2.27066
0.677332 0.416311 2.26825
0.727706 0.415363 2.27066
0.775124 0.41557 2.27705
0.839731 0.415607 2.28236
0.874467 0.416051 2.27418
0.927629 0.415657 2.27122
0.97285 0.41545 2.27232
1.02621 0.417121 2.2696
1.07694 0.416178 2.27119
1.12693 0.416623 2.27211
1.1767 0.416675 2.27957
1.22272 0.414998 2.27774
1.26942 0.415417 2.27895
1.33117 0.417845 2.287
1.37526 0.417557 2.28767
1.4303 0.416684 2.27725
1.47567 0.415656 2.27468
1.5082 0.415569 2.28267
-1.37006 0.319585 2.342
-0.596207 0.324465 2.342
-0.449041 0.339428 2.311
-0.363802 0.338138 2.3185
-0.0604219 0.33194 2.326
0.00241687 0.322248 2.326
0.607526 0.315355 2.311
1.22536 0.317402 2.326
-1.47429 0.373129 2.326
-1.35828 0.399781 2.326
-1.10451 0.399781 2.326
-1.06101 0.380398 2.326
-1.03684 0.399781 2.326
-0.976418 0.38282 2.326
-0.920829 0.351323 2.326
-0.829823 0.35374 2.342
-0.737147 0.351323 2.326
-0.645306 0.370706 2.326
-0.200601 0.385244 2.326
-0.10464 0.397652 2.342
-0.0700894 0.375552 2.326
0.182512 0.368377 2.342
0.530685 0.377945 2.311
1.01964 0.358619 2.342
1.08166 0.381531 2.3185
1.11901 0.356169 2.326
1.21497 0.376827 2.334
1.28336 0.39009 2.326
1.33752 0.382759 2.311
1.35587 0.375552 2.326
1.46221 0.385244 2.326
-1.51015 0.410726 2.32638
-1.47525 0.412763 2.32633
-1.42824 0.41353 2.32705
-1.37327 0.412664 2.32914
-1.32402 0.411691 2.32156
-1.17287 0.411494 2.32372
-1.127 0.415181 2.3241
-1.07999 0.413545 2.32533
-1.02726 0.412459 2.32365
-0.971379 0.411909 2.32527
-0.927592 0.414483 2.3255
-0.873591 0.412886 2.32226
-0.822991 0.412871 2.32957
-0.730162 0.413046 2.32523
-0.677382 0.413986 2.32552
-0.625035 0.411413 2.32529
-0.582 0.416703 2.32277
-0.526638 0.414603 2.32447
-0.475391 0.414802 2.32761
-0.425139 0.414402 2.3285
-0.372506 0.415303 2.32868
-0.32975 0.413481 2.32313
-0.27298 0.415858 2.32711
-0.226251 0.412757 2.32985
-0.17801 0.4134 2.32544
-0.122807 0.416196 2.33079
-0.071137 0.414996 2.32353
-0.0217736 0.414895 2.32736
0.0263626 0.414888 2.33088
0.0790671 0.414811 2.32879
0.125329 0.416112 2.32812
0.174694 0.414405 2.32806
0.226771 0.414692 2.32557
0.279524 0.417945 2.32827
0.329977 0.415276 2.3255
0.373146 0.412866 2.32623
0.423881 0.416658 2.32641
0.471258 0.416631 2.32474
0.521184 0.417521 2.32843
0.570456 0.414644 2.33125
0.621135 0.41611 2.32812
0.673463 0.415757 2.32633
0.722076 0.415132 2.32527
0.923326 0.416325 2.32827
0.972192 0.415393 2.32538
1.02211 0.417031 2.32558
1.07762 0.416389 2.32633
1.12712 0.417813 2.327
1.17583 0.417706 2.31956
1.22719 0.417701 2.3232
1.26898 0.418391 2.32628
1.32823 0.416841 2.3294
1.37226 0.416156 2.32878
1.42671 0.417856 2.32033
1.47523 0.418053 2.32289
1.51292 0.418245 2.32508
-1.41285 0.333703 2.373
-0.707466 0.335953 2.389
-0.449303 0.330976 2.389
-0.276076 0.341136 2.373
-0.225893 0.321022 2.389
0.12869 0.327379 2.381
0.191029 0.309356 2.357
0.914778 0.323816 2.373
1.03161 0.329868 2.381
1.07025 0.346184 2.357
1.25393 0.326542 2.357
-1.45231 0.351095 2.357
-1.42249 0.362568 2.37833
-1.39353 0.375647 2.357
-1.26984 0.397972 2.373
-1.23869 0.395678 2.389
-1.17356 0.380619 2.373
-1.10454 0.370736 2.357
-1.09109 0.384305 2.365
-0.841512 0.365816 2.389
-0.683295 0.385468 2.357
-0.318381 0.383013 2.357
-0.0955143 0.390378 2.357
-0.00248234 0.380747 2.389
0.275899 0.379447 2.381
0.316716 0.394336 2.381
0.522714 0.383141 2.373
1.08478 0.370793 2.389
1.1274 0.383831 2.357
1.24861 0.395678 2.389
-1.56175 0.41245 2.38367
-1.52257 0.410624 2.37193
-1.47969 0.4142 2.374
-1.42879 0.41252 2.375
-1.38336 0.413386 2.36864
-1.32094 0.412918 2.37376
-1.27251 0.413801 2.37
-1.23178 0.413858 2.365
-1.17638 0.411695 2.373
-1.13146 0.412242 2.37488
-1.07689 0.412267 2.37518
-1.02893 0.415247 2.37206
-0.974954 0.414683 2.37986
-0.922675 0.413855 2.3706
-0.87038 0.413801 2.373
-0.826651 0.411665 2.37488
-0.777739 0.415105 2.37211
-0.723835 0.413083 2.37071
-0.676418 0.415104 2.373
-0.625074 0.412928 2.37384
-0.577464 0.415259 2.37206
-0.524192 0.41586 2.36856
-0.479508 0.414407 2.377
-0.429023 0.412776 2.37922
-0.38059 0.412239 2.37186
-0.320958 0.414178 2.36936
-0.274767 0.414262 2.369
-0.224197 0.414831 2.3762
-0.171684 0.417216 2.37193
-0.0754263 0.414855 2.36936
-0.0258432 0.414399 2.368
0.0260214 0.413858 2.37122
0.0701096 0.418205 2.37193
0.124128 0.416115 2.36856
0.171441 0.415043 2.37
0.220843 0.416846 2.37033
0.327076 0.417327 2.369
0.371506 0.41692 2.373
0.416401 0.417469 2.3714
0.474702 0.416764 2.37582
0.52461 0.415344 2.37033
0.576093 0.41724 2.3786
0.627835 0.41571 2.37087
0.676547 0.417293 2.37054
0.838094 0.416943 2.37478
0.926447 0.417656 2.37567
0.972295 0.41628 2.3666
1.02566 0.416097 2.36963
1.07355 0.41491 2.37018
1.12266 0.416504 2.3698
1.17694 0.41562 2.36952
1.2247 0.41748 2.36957
1.27677 0.417357 2.37591
1.34236 0.414898 2.373
1.37109 0.4173 2.367
1.42509 0.416597 2.36919
1.47737 0.418302 2.37224
-1.27099 0.307876 2.4225
-0.7025 0.333331 2.406
-0.661872 0.330502 2.422
-0.596529 0.333111 2.4225
-0.144454 0.342984 2.439
-0.0325 0.338344 2.406
0.0830486 0.330502 2.422
0.2325 0.338344 2.406
0.570215 0.332822 2.439
0.707172 0.325456 2.422
0.8475 0.323306 2.406
0.903468 0.34564 2.422
0.9775 0.338344 2.406
1.34639 0.330502 2.422
-1.22238 0.387343 2.4305
-1.16791 0.393605 2.4225
-1.0225 0.378444 2.406
-0.7975 0.353381 2.406
-0.732338 0.350685 2.422
-0.672112 0.38612 2.4225
-0.58134 0.360777 2.422
-0.330888 0.377304 2.4305
-0.2875 0.383456 2.406
-0.2325 0.398494 2.406
-0.1725 0.358394 2.406
-0.144454 0.398878 2.439
-0.0684258 0.383634 2.439
0.0275 0.388469 2.406
0.2075 0.388469 2.406
0.334527 0.386175 2.439
0.447006 0.394947 2.4305
0.625969 0.398878 2.439
0.830929 0.389884 2.4305
0.899673 0.393797 2.439
0.913535 0.396098 2.422
1.11486 0.360777 2.422
1.1825 0.378444 2.406
1.2125 0.398494 2.406
-1.42486 0.414577 2.42471
-1.32286 0.414012 2.42447
-1.2725 0.413347 2.42229
-1.24372 0.417312 2.428
-1.17697 0.414682 2.4275
-1.1293 0.415159 2.42231
-1.08496 0.412049 2.4239
-1.02949 0.415669 2.42316
-0.973563 0.413654 2.41354
-0.928566 0.413009 2.42309
-0.879296 0.415081 2.42723
-0.824141 0.412206 2.4235
-0.776411 0.415634 2.4198
-0.72881 0.413138 2.42471
-0.670965 0.415815 2.42242
-0.623039 0.413231 2.42637
-0.578697 0.416298 2.42031
-0.526145 0.412689 2.42137
-0.47156 0.41328 2.4191
-0.427027 0.417043 2.42382
-0.376937 0.41418 2.42155
-0.320457 0.412615 2.42237
-0.271685 0.41336 2.4168
-0.225613 0.414981 2.42233
-0.176351 0.414695 2.42309
-0.126453 0.414338 2.42447
-0.0750472 0.415388 2.42506
-0.0249204 0.41465 2.42145
0.0202969 0.414978 2.42135
0.0777016 0.414478 2.425
0.179772 0.415587 2.42221
0.226241 0.415059 2.41805
0.27412 0.417181 2.42246
0.32915 0.415311 2.41825
0.377231 0.413287 2.42112
0.426712 0.414748 2.42108
0.476179 0.417756 2.42229
0.522537 0.416912 2.42314
0.572388 0.414998 2.42232
0.624188 0.415357 2.41979
0.674043 0.41686 2.41286
0.725236 0.412449 2.42917
0.771456 0.418018 2.42242
0.836241 0.415887 2.4256
0.877212 0.416291 2.42
0.925238 0.416431 2.42159
0.977664 0.414704 2.42508
1.02369 0.416661 2.42438
1.07986 0.417622 2.42152
1.12382 0.415894 2.4215
1.17549 0.416735 2.42667
1.22476 0.417427 2.42416
1.27357 0.416761 2.419
1.33557 0.416663 2.439
1.37657 0.41453 2.41925
1.42403 0.417055 2.41985
-0.686088 0.332309 2.473
-0.282127 0.339918 2.491
-0.203 0.332309 2.473
0.352038 0.337461 2.473
0.80429 0.337461 2.473
0.91743 0.342682 2.4735
1.04375 0.335142 2.456
1.09479 0.324908 2.456
-1.18459 0.388982 2.473
-1.11264 0.399286 2.473
-1.06639 0.399286 2.473
-0.806969 0.368485 2.4735
-0.788873 0.38383 2.473
-0.706612 0.391814 2.491
-0.696683 0.381192 2.456
-0.628962 0.397003 2.491
-0.441488 0.396542 2.456
-0.324098 0.396542 2.456
-0.285228 0.35807 2.473
-0.220007 0.360676 2.491
-0.053962 0.394134 2.473
0.166451 0.374871 2.4645
0.227839 0.397914 2.4645
0.40119 0.355486 2.491
0.463309 0.386624 2.491
0.650748 0.365842 2.456
0.860822 0.373526 2.473
1.17655 0.375338 2.485
-1.2329 0.411707 2.47033
-1.17276 0.412734 2.47207
-1.13013 0.413727 2.47475
-1.07652 0.413353 2.47333
-1.02388 0.414628 2.47232
-0.98045 0.411264 2.46944
-0.922672 0.413248 2.464
-0.870702 0.414666 2.4768
-0.826099 0.414178 2.478
-0.776049 0.416824 2.47006
-0.723514 0.41257 2.47964
-0.674179 0.413439 2.4699
-0.617737 0.413009 2.471
-0.577034 0.414277 2.47727
-0.526282 0.415095 2.47079
-0.478511 0.413921 2.46952
-0.420422 0.414784 2.4733
-0.372423 0.415854 2.47738
-0.323756 0.415304 2.4744
-0.278684 0.413527 2.47167
-0.228446 0.41529 2.47869
-0.174432 0.413576 2.47769
-0.126112 0.413797 2.46957
-0.0768443 0.413994 2.46608
-0.0221073 0.413452 2.4716
0.0285669 0.414077 2.47433
0.0696905 0.413836 2.47344
0.178254 0.416661 2.47213
0.223998 0.414377 2.47338
0.272859 0.413261 2.47335
0.327841 0.414922 2.47231
0.374821 0.413809 2.47469
0.426205 0.416163 2.47714
0.471324 0.417868 2.47333
0.527725 0.415101 2.47775
0.572411 0.414561 2.472
0.622872 0.414735 2.47107
0.677659 0.416217 2.47415
0.726486 0.416069 2.46974
0.775101 0.415365 2.46874
0.840842 0.413333 2.47144
0.879845 0.416269 2.47129
0.923853 0.415263 2.47213
0.9736 0.41504 2.47822
1.02694 0.41549 2.47482
1.07936 0.416568 2.47633
1.12624 0.419264 2.47671
1.17843 0.416729 2.47229
1.22874 0.415982 2.46957
1.27087 0.415782 2.46762
1.33929 0.417464 2.47762
1.37663 0.419014 2.4745
1.43055 0.417391 2.47441
-0.656691 0.340989 2.518
-0.322964 0.34483 2.527
-0.252881 0.347601 2.509
-0.196929 0.342216 2.527
-0.118999 0.347286 2.545
0.213917 0.337042 2.521
0.351709 0.341984 2.545
0.591794 0.321466 2.509
0.789928 0.342374 2.509
-0.857711 0.399872 2.509
-0.753584 0.376418 2.527
-0.679619 0.379099 2.545
-0.616152 0.363193 2.545
-0.573841 0.373797 2.545
-0.466657 0.399872 2.509
-0.349222 0.397476 2.527
-0.291456 0.397476 2.527
-0.173391 0.392137 2.527
-0.138172 0.399872 2.509
0.034069 0.356707 2.518
0.0964599 0.399872 2.509
0.217935 0.360624 2.527
0.273738 0.399872 2.509
0.320664 0.352828 2.509
0.372804 0.399872 2.509
0.615258 0.397259 2.509
0.722075 0.384314 2.527
0.876467 0.393428 2.518
1.01282 0.352589 2.545
1.07628 0.395005 2.545
1.11068 0.360624 2.527
-1.1798 0.413341 2.5195
-1.12363 0.416046 2.52889
-1.07514 0.41414 2.52488
-1.02865 0.412251 2.5294
-0.9759 0.415476 2.5234
-0.921188 0.415573 2.525
-0.871157 0.412299 2.52488
-0.829404 0.41522 2.52889
-0.771716 0.412411 2.52171
-0.734651 0.415294 2.5234
-0.674822 0.412117 2.527
-0.629436 0.412533 2.52871
-0.574911 0.414629 2.52925
-0.528268 0.414879 2.528
-0.479303 0.414036 2.53547
-0.426924 0.416832 2.52806
-0.38424 0.412685 2.527
-0.338913 0.42078 2.509
-0.276345 0.415553 2.509
-0.205536 0.416058 2.536
-0.180795 0.417528 2.521
-0.119923 0.417295 2.509
-0.0718794 0.41406 2.509
-0.0156421 0.410326 2.509
0.0247667 0.419473 2.509
0.0729966 0.412939 2.509
0.125265 0.41778 2.512
0.178147 0.414972 2.509
0.231315 0.416134 2.5126
0.275913 0.415394 2.5144
0.320634 0.41193 2.527
0.376478 0.412525 2.52008
0.423685 0.413998 2.52127
0.576844 0.41439 2.52037
0.624702 0.414154 2.52226
0.671315 0.41581 2.5225
0.723951 0.416703 2.5207
0.777406 0.414875 2.527
0.830772 0.416424 2.509
0.875437 0.415381 2.515
0.927894 0.415759 2.5198
0.972225 0.414047 2.5126
1.02609 0.4157 2.517
1.06989 0.41748 2.51324
1.135 0.415381 2.515
1.18126 0.415125 2.51238
1.27592 0.417044 2.518
-0.662927 0.347091 2.583
-0.258425 0.349879 2.564
-0.125216 0.344537 2.564
0.24244 0.349879 2.564
0.30865 0.304041 2.583
0.614617 0.330947 2.583
0.961766 0.349879 2.564
-1.06833 0.392612 2.564
-0.684398 0.379378 2.583
-0.550203 0.373997 2.583
-0.53017 0.397954 2.564
-0.340857 0.368616 2.583
-0.217397 0.395522 2.583
-0.13688 0.352472 2.583
-0.06173 0.352472 2.583
-0.00535796 0.353846 2.5735
0.152983 0.379378 2.583
0.290395 0.381929 2.564
0.359663 0.355221 2.564
0.58241 0.379378 2.583
0.738077 0.357853 2.583
0.807551 0.386015 2.5735
1.11382 0.368616 2.583
-1.07466 0.412736 2.57423
-1.01705 0.4119 2.57486
-0.96986 0.412684 2.57131
-0.922301 0.415072 2.57456
-0.865271 0.412244 2.57825
-0.820133 0.414231 2.57667
-0.779012 0.412813 2.5735
-0.718433 0.413327 2.57667
-0.677838 0.415219 2.57588
-0.629476 0.412657 2.57486
-0.570858 0.416689 2.57569
-0.517879 0.413884 2.57587
-0.471111 0.415765 2.57518
-0.435555 0.413062 2.5716
-0.384309 0.417517 2.5792
-0.340857 0.400903 2.583
-0.275101 0.414356 2.583
-0.229475 0.407629 2.583
-0.189817 0.415513 2.5735
-0.120776 0.415253 2.583
-0.0697818 0.414356 2.583
-0.00805175 0.406284 2.583
0.00805175 0.400903 2.583
0.139564 0.406284 2.583
0.296126 0.415253 2.583
0.310777 0.414925 2.57825
0.598513 0.406284 2.583
0.783485 0.415503 2.5735
-0.53651 0.324895 2.621
0.524139 0.321872 2.641
-0.738041 0.384959 2.621
-0.673211 0.38759 2.602
-0.601871 0.368578 2.621
-0.291404 0.352197 2.621
-0.244232 0.371391 2.641
-0.114344 0.365898 2.6215
0.15093 0.376893 2.641
0.228005 0.397156 2.6115
0.270365 0.363196 2.602
0.313191 0.39588 2.621
0.378553 0.352197 2.621
0.435289 0.376748 2.602
0.558297 0.384959 2.621
0.673211 0.355065 2.602
0.71913 0.370626 2.6165
-0.924241 0.415455 2.62324
-0.870996 0.415801 2.62244
-0.825598 0.415884 2.62325
-0.775689 0.412803 2.6175
-0.740816 0.410915 2.62125
-0.680322 0.414681 2.62253
-0.625667 0.412396 2.6203
-0.582205 0.415023 2.62138
-0.524285 0.411301 2.62285
-0.470654 0.414751 2.63108
-0.422384 0.415275 2.6126
-0.376766 0.414417 2.62139
-0.323319 0.41496 2.62653
-0.269143 0.416984 2.6165
-0.222844 0.415871 2.61255
-0.182951 0.412913 2.62264
-0.126823 0.415083 2.62414
-0.0757262 0.416964 2.62423
-0.0276479 0.416726 2.61483
0.0724146 0.416601 2.63117
0.12822 0.416346 2.619
0.173222 0.416494 2.6135
0.225694 0.414641 2.62342
0.275667 0.413209 2.62013
0.315278 0.414612 2.629
0.372512 0.414636 2.636
0.434405 0.412847 2.6335
0.476802 0.419533 2.641
0.521258 0.412001 2.63878
0.56619 0.415619 2.63243
0.624008 0.413261 2.63243
0.685534 0.422473 2.637
0.713503 0.41462 2.636
0.779526 0.41291 2.6251
0.834985 0.419237 2.62613
0.874127 0.415078 2.62471
0.922292 0.418866 2.61843
-0.887553 0.396378 2.661
-0.666356 0.363116 2.661
-0.229492 0.396378 2.661
-0.164359 0.399357 2.681
-0.119787 0.393772 2.681
-0.0640721 0.399357 2.681
0.00835723 0.37143 2.681
0.163133 0.379747 2.661
0.264646 0.382601 2.681
0.312441 0.368659 2.661
0.470791 0.360259 2.681
0.550228 0.379747 2.661
0.788365 0.393772 2.681
-0.926652 0.410934 2.67373
-0.820404 0.4117 2.67656
-0.772211 0.412772 2.6685
-0.731722 0.414252 2.681
-0.671543 0.415989 2.67373
-0.622955 0.410766 2.6735
-0.572871 0.414054 2.67331
-0.523613 0.414554 2.671
-0.475047 0.41095 2.67167
-0.419002 0.417049 2.67331
-0.364155 0.414334 2.66957
-0.331184 0.417815 2.6785
-0.275255 0.415 2.66989
-0.223472 0.412733 2.67023
-0.174115 0.416367 2.67243
-0.124257 0.41543 2.66767
-0.0750254 0.417039 2.6735
-0.0271818 0.414549 2.671
0.0328796 0.416266 2.66671
0.0721613 0.414562 2.671
0.123371 0.41348 2.6685
0.173618 0.417262 2.67177
0.223265 0.415803 2.679
0.283507 0.414026 2.67736
0.328794 0.414141 2.67433
0.371769 0.416677 2.66827
0.422091 0.418168 2.67433
0.472933 0.415089 2.66464
0.530925 0.417608 2.67529
0.572042 0.413965 2.67373
0.683282 0.415686 2.67433
0.730145 0.414974 2.67373
0.76786 0.413424 2.67267
0.832044 0.413283 2.67814
0.883199 0.415496 2.67373
0.390615 0.317275 2.744
0.601604 0.328708 2.744
-0.61364 0.387688 2.73
-0.455531 0.399941 2.723
-0.430532 0.391592 2.744
-0.380589 0.395788 2.7335
-0.206545 0.382922 2.723
-0.17763 0.395562 2.7125
-0.104687 0.388595 2.723
-0.0877109 0.388595 2.723
-0.0364983 0.363081 2.702
0.276567 0.380158 2.744
0.304159 0.395697 2.723
0.449872 0.399941 2.723
0.463248 0.388413 2.702
0.598011 0.363081 2.702
0.626087 0.363081 2.702
0.721493 0.377249 2.723
0.780739 0.398399 2.7125
0.834669 0.371576 2.723
-0.570876 0.415061 2.723
-0.526916 0.413709 2.71833
-0.476841 0.414008 2.7188
-0.428909 0.413268 2.723
-0.377709 0.413938 2.7245
-0.322733 0.41618 2.723
-0.275997 0.41835 2.7272
-0.22919 0.415388 2.7167
-0.172684 0.414532 2.7244
-0.119424 0.413716 2.72037
-0.0814285 0.415611 2.71985
-0.0264927 0.41579 2.71775
0.0141224 0.415748 2.71512
0.122318 0.416385 2.72169
0.177498 0.417037 2.7286
0.227436 0.417687 2.72109
0.278304 0.414177 2.7272
0.3283 0.419661 2.71727
0.371442 0.415156 2.71977
0.429797 0.416955 2.723
0.476016 0.418615 2.7216
0.62364 0.415611 2.72825
0.728256 0.417284 2.7202
0.768616 0.414687 2.72067
-0.479969 0.394731 2.766
-0.399495 0.394731 2.766
-0.342014 0.377444 2.766
-0.292589 0.380446 2.788
-0.230874 0.384684 2.777
-0.6265 0.417317 2.77578
-0.574627 0.413657 2.777
-0.527083 0.415544 2.77857
-0.482063 0.411865 2.772
-0.423642 0.412078 2.77
-0.379159 0.417129 2.777
-0.327527 0.416792 2.7748
-0.270686 0.412678 2.774
-0.229738 0.412238 2.77857
-0.175422 0.416557 2.777
-0.130264 0.414861 2.77615
-0.0720823 0.41614 2.776
-0.446727 0.383448 2.81
-0.318256 0.377594 2.81
-0.478985 0.413786 2.82314
-0.368232 0.414493 2.8261
-0.316974 0.414045 2.81329
