-0.91625 -1.67884 5.018
-0.876434 -1.67599 5.018
-0.828338 -1.6765 5.018
-0.77585 -1.67685 5.018
-0.730836 -1.67615 5.018
-0.651756 -1.68486 5.018
-0.627641 -1.67855 5.018
-0.578759 -1.67789 5.018
-0.467526 -1.67789 5.018
-1.07618 -1.62249 5.018
-1.02622 -1.62277 5.018
-0.974225 -1.62321 5.018
-0.924045 -1.6262 5.018
-0.87596 -1.62911 5.018
-0.830772 -1.63259 5.018
-0.776148 -1.62786 5.018
-0.730836 -1.62039 5.018
-1.11701 -1.57174 5.018
-1.07815 -1.57103 5.018
-1.03096 -1.5705 5.018
-0.976417 -1.57405 5.018
-0.92534 -1.57397 5.018
-0.878857 -1.57103 5.018
-0.830638 -1.57416 5.018
-1.12102 -1.52573 5.018
-1.07149 -1.52108 5.018
-1.03134 -1.52178 5.018
-0.977344 -1.51527 5.018
-0.924782 -1.51823 5.018
-0.875486 -1.52203 5.018
-0.829034 -1.52556 5.018
-0.775155 -1.52021 5.018
-0.72707 -1.51527 5.018
-1.1523 -1.47926 5.018
-1.11998 -1.48031 5.018
-1.07583 -1.46881 5.018
-1.02925 -1.47718 5.018
-0.978006 -1.47329 5.018
-0.922017 -1.47229 5.018
-0.874222 -1.48101 5.018
-0.831119 -1.47369 5.018
