-0.522632 -0.530878 3.331 -1
0.633614 -0.850594 2.11 -1
0.537147 -0.745094 2.11 -1
0.922578 -0.889734 2.109 -1
0.0845293 -0.239484 3.537 -1
1.18682 -0.689059 2.127 -1
-0.365632 -0.228638 3.484 -1
-0.400779 -0.227094 3.354 -1
1.09727 0.910766 3.785 2
0.887163 0.909219 3.174 2
-0.90013 0.89557 3.269 2
-0.371751 0.89752 2.117 2
-0.665047 -0.945959 3.351 -1
-0.983067 -1.45126 3.992 1
-1.21151 -0.707473 2.318 -1
-1.20625 -0.889609 2.895 -1
0.842815 -0.691709 2.163 -1
0.496974 -0.695117 2.864 -1
0.153436 -1.44258 3.991 1
-0.836974 0.896933 3.968 2
-1.09546 0.8942 3.264 2
-1.36287 -0.594609 2.537 -1
-1.59552 0.889975 2.936 2
2.13284 0.918714 3.955 2
2.12737 0.918761 3.991 2
-0.307718 -1.27295 3.404 -1
-1.4036 0.891734 3.255 2
-1.2904 0.892503 3.209 2
-1.40071 -0.591382 2.501 -1
1.00953 0.909947 2.883 2
0.891898 -0.880947 2.109 -1
0.65961 -0.793072 2.109 -1
0.678308 -0.577887 2.228 -1
-0.44194 -0.750036 3.349 -1
-0.497617 -0.729105 3.349 -1
-1.38044 -0.708698 2.474 -1
-1.60104 0.890222 3.177 2
0.881775 0.909146 3.02 2
-0.656119 -1.3538 3.341 -1
-0.446219 -0.336368 3.329 -1
1.10992 0.909195 3.151 2
1.00716 0.910365 3.178 2
1.36859 -0.687374 2.629 -1
2.11449 -0.937031 3.998 1
-0.899113 0.895331 2.894 2
0.663697 -0.670744 2.586 -1
0.68709 -0.638201 2.699 -1
-0.850126 0.894982 2.279 2
-0.900072 0.895711 3.173 2
-0.991448 0.894865 3.17 2
-1.06132 0.894219 2.91 2
-1.10769 0.893784 2.889 2
0.673641 0.907375 2.856 2
-1.40604 0.891384 2.961 2
-1.4077 0.891453 2.901 2
-1.39381 0.885442 2.824 2
-1.86431 0.887863 3.892 2
0.0116771 -0.152181 3.746 -1
-1.86632 0.887995 3.965 2
-1.6596 -1.43858 4.003 1
1.09638 -0.678278 2.149 -1
-0.668 -0.530878 3.331 -1
-0.177578 -1.35785 3.351 -1
-0.0378439 -0.941566 3.311 -1
-0.181733 -0.938437 3.3 -1
0.895418 -0.691406 2.25 -1
0.148139 0.902843 2.263 2
1.08305 -0.504841 2.213 -1
0.621587 -0.69748 2.099 -1
0.504772 -0.694428 2.103 -1
-1.20611 -0.707625 2.04 -1
0.618158 0.906468 2.333 2
0.640364 -0.557035 2.398 -1
0.847688 -0.607005 2.119 -1
-0.792519 -0.6475 3.36 -1
2.13235 0.918274 3.569 2
2.12511 0.918101 3.403 2
-0.518806 -0.945959 3.351 -1
-2.24467 0.885031 3.81 2
-1.2025 -0.712481 2.886 -1
0.088165 -0.738902 3.394 -1
-1.72999 0.889303 3.271 2
-1.58674 0.890151 3.085 2
-1.72486 0.889381 3.174 2
0.507819 -1.20357 2.825 -1
-0.172444 -0.149825 3.688 -1
-1.32883 -1.50645 3.984 3
-1.37057 -1.50683 3.985 3
0.900405 0.909469 3.27 2
-1.33635 0.892092 2.984 2
-1.40454 0.89145 3.024 2
-1.32427 0.892017 2.864 2
0.890451 -0.560752 2.414 -1
0.889746 -0.491696 2.372 -1
-1.22708 0.892703 2.945 2
-1.22649 0.892856 2.886 2
-0.382154 0.893922 2.229 2
-0.9837 0.894566 2.931 2
-0.904795 0.895161 2.855 2
-0.982631 0.894713 2.892 2
0.836324 -0.576848 2.242 -1
1.5329 -0.937031 3.998 1
0.0851507 -0.315474 3.563 -1
0.0382668 -0.296437 3.348 -1
-1.72136 0.888976 2.953 2
-0.521249 -0.0617187 3.95 1
-0.703554 -0.0655208 3.7 -1
-0.727996 -0.050199 3.707 -1
1.10691 0.910742 2.984 2
1.0975 0.910447 2.847 2
1.08327 0.910525 2.904 2
-1.40912 0.891669 3.206 2
0.694098 -1.42083 4 1
1.21623 -0.867766 2.109 -1
0.848888 -0.550394 2.122 -1
-0.0381868 -0.511591 3.341 -1
-0.818251 -0.198966 3.351 -1
-0.727165 -0.164117 3.664 -1
-0.727364 -0.13362 3.665 -1
0.674763 -0.69275 2.608 -1
-1.35553 -1.50688 3.738 3
-0.365468 -0.19304 3.782 -1
-0.239168 0.893672 2.325 2
-0.219165 0.895387 2.268 2
0.894156 -0.479975 2.104 -1
0.948248 -0.505856 2.346 -1
-1.0899 0.893963 3.076 2
