244 316 0 0
241 333 0 1
464 433 1 0
478 451 1 1
442 409 2 0
453 426 2 1
530 442 3 0
548 458 3 1
331 272 4 0
330 283 4 1
588 395 5 0
607 405 5 1
269 271 6 0
266 285 6 1
262 272 7 0
259 287 7 1
459 124 8 0
455 126 8 1
454 102 9 0
450 103 9 1
187 108 10 0
175 121 10 1
235 36 11 0
218 43 11 1
224 375 12 0
224 394 12 1
201 414 13 0
201 437 13 1
68 386 14 0
57 418 14 1
119 387 15 0
113 416 15 1
507 393 16 0
521 406 16 1
403 356 17 0
410 372 17 1
338 413 18 0
343 429 18 1
218 131 19 0
208 144 19 1
158 108 20 0
142 123 20 1
61 352 21 0
49 382 21 1
58 94 22 0
40 112 22 1
579 128 23 0
575 126 23 1
576 129 24 0
577 125 24 1
276 419 25 0
279 439 25 1
112 108 26 0
97 124 26 1
126 106 27 0
111 121 27 1
50 353 28 0
38 383 28 1
488 88 29 0
483 87 29 1
523 440 30 0
541 455 30 1
470 420 31 0
483 437 31 1
466 364 32 0
476 377 32 1
256 347 33 0
256 364 33 1
248 344 34 0
247 361 34 1
51 377 35 0
40 408 35 1
77 105 36 0
60 122 36 1
460 95 37 0
456 95 37 1
225 434 38 0
227 458 38 1
255 288 39 0
251 304 39 1
489 101 40 0
486 100 40 1
472 102 41 0
468 102 41 1
570 365 42 0
586 374 42 1
574 352 43 0
588 358 43 1
170 91 44 0
156 104 44 1
443 364 45 0
453 379 45 1
442 353 46 0
450 365 46 1
140 51 47 0
120 63 47 1
183 104 48 0
170 117 48 1
169 104 49 0
156 118 49 1
144 92 50 0
129 105 50 1
135 91 51 0
119 105 51 1
433 87 52 0
427 88 52 1
91 95 53 0
73 111 53 1
86 92 54 0
68 108 54 1
82 89 55 0
65 106 55 1
89 130 56 0
75 148 56 1
321 259 57 0
319 270 57 1
93 132 58 0
76 150 58 1
120 412 59 0
115 438 59 1
565 391 60 0
583 401 60 1
223 316 61 0
220 334 61 1
294 434 62 0
299 454 62 1
314 376 63 0
317 393 63 1
293 376 64 0
295 394 64 1
511 387 65 0
525 399 65 1
351 48 66 0
341 50 66 1
555 349 67 0
570 357 67 1
462 399 68 0
475 414 68 1
435 398 69 0
445 415 69 1
35 406 70 0
20 442 70 1
447 53 71 0
441 52 71 1
448 351 72 0
456 363 72 1
512 377 73 0
526 390 73 1
206 332 74 0
203 351 74 1
607 116 75 0
604 112 75 1
620 110 76 0
619 105 76 1
245 375 77 0
246 394 77 1
36 128 78 0
20 148 78 1
119 358 79 0
112 384 79 1
332 344 80 0
334 359 80 1
65 109 81 0
49 127 81 1
72 101 82 0
54 118 82 1
58 105 83 0
41 123 83 1
406 444 84 0
415 459 84 1
297 259 85 0
294 271 85 1
159 421 86 0
158 446 86 1
154 421 87 0
150 448 87 1
452 106 88 0
447 107 88 1
104 96 89 0
88 112 89 1
96 98 90 0
79 114 90 1
97 90 91 0
78 105 91 1
497 351 92 0
508 361 92 1
500 339 93 0
510 347 93 1
119 94 94 0
102 109 94 1
115 91 95 0
100 107 95 1
237 47 96 0
222 54 96 1
158 93 97 0
143 107 97 1
167 89 98 0
153 102 98 1
156 91 99 0
140 104 99 1
499 363 100 0
512 375 100 1
504 352 101 0
514 361 101 1
331 282 102 0
331 296 102 1
325 282 103 0
324 294 103 1
39 95 104 0
19 113 104 1
256 247 105 0
250 259 105 1
228 248 106 0
222 263 106 1
225 246 107 0
219 261 107 1
498 93 108 0
494 92 108 1
505 86 109 0
502 84 109 1
499 89 110 0
500 85 110 1
108 106 111 0
91 121 111 1
403 410 112 0
411 423 112 1
597 437 113 0
619 449 113 1
512 364 114 0
525 375 114 1
314 313 115 0
314 329 115 1
202 268 116 0
196 285 116 1
224 261 117 0
219 277 117 1
224 257 118 0
219 272 118 1
444 367 119 0
452 379 119 1
145 433 120 0
144 459 120 1
273 264 121 0
271 277 121 1
270 55 122 0
256 61 122 1
273 50 123 0
259 56 123 1
524 349 124 0
538 359 124 1
514 343 125 0
524 351 125 1
149 100 126 0
134 114 126 1
