-1.09546 0.8942 3.264
-0.546354 -0.0804344 3.677
-0.727996 -0.050199 3.707
1.10691 0.910742 2.984
1.0975 0.910447 2.847
-0.994629 0.895022 3.267
-0.900072 0.895711 3.173
-0.991448 0.894865 3.17
-1.10439 0.89365 2.928
-1.06132 0.894219 2.91
-1.10769 0.893784 2.889
0.519503 0.906135 2.89
0.520427 0.906159 2.929
0.665404 0.907339 3.035
0.673641 0.907375 2.856
0.601997 0.90674 2.854
-1.40604 0.891384 2.961
-1.39381 0.885442 2.824
0.119447 0.904288 3.964
0.0116771 -0.152181 3.746
-1.35242 0.891384 2.397
1.09638 -0.678278 2.149
-0.668 -0.530878 3.331
-0.177578 -1.35785 3.351
-0.0378439 -0.941566 3.311
-0.181733 -0.938437 3.3
1.16535 0.912316 3.963
-0.381537 0.900205 3.709
-0.681826 0.896886 3.793
-0.791552 0.896177 3.79
0.767709 0.908359 3.171
0.760415 -0.784284 2.109
0.674913 0.9078 3.264
0.463407 0.906068 3.163
0.400316 0.90545 3.184
-1.33635 0.892092 2.984
-1.40454 0.89145 3.024
-1.32427 0.892017 2.864
-0.478482 0.894922 2.291
-0.488033 0.895782 2.269
-0.497735 0.893521 2.228
0.889746 -0.491696 2.372
-1.22708 0.892703 2.945
-1.22649 0.892856 2.886
-0.382154 0.893922 2.229
0.218314 0.903984 3.045
0.167635 0.903687 3.044
0.174352 0.903562 2.844
0.166874 0.903375 2.92
-0.708744 -0.149784 3.687
-0.904795 0.895161 2.855
-0.982631 0.894713 2.892
0.836324 -0.576848 2.242
1.5329 -0.937031 3.998
0.0382668 -0.296437 3.348
-1.72136 0.888976 2.953
-0.521249 -0.0617187 3.95
-0.0243516 -0.296437 3.348
-0.818251 -0.198966 3.351
-0.0313653 -0.632369 3.354
0.645714 -0.693022 2.437
0.674763 -0.69275 2.608
0.663806 -0.692851 2.629
-0.365468 -0.19304 3.782
-0.219165 0.895387 2.268
-1.20902 -0.707246 2.524
0.894156 -0.479975 2.104
0.786764 -0.604423 2.602
0.759436 -0.604191 2.601
0.227993 0.904312 3.18
0.165472 0.903906 3.25
-1.36287 -0.594609 2.537
2.13284 0.918714 3.955
2.12737 0.918761 3.991
-1.32693 0.892443 3.233
-1.4036 0.891734 3.255
-1.40071 -0.591382 2.501
1.00953 0.909947 2.883
0.909429 -0.894128 2.109
0.502068 -0.863781 2.11
0.280949 0.904597 3.181
0.694098 -1.42083 4
0.848888 -0.550394 2.122
0.895418 -0.691406 2.25
0.148139 0.902843 2.263
1.08305 -0.504841 2.213
0.504772 -0.694428 2.103
-1.20611 -0.707625 2.04
0.847688 -0.607005 2.119
-0.792519 -0.6475 3.36
2.13235 0.918274 3.569
-0.518806 -0.945959 3.351
-1.2025 -0.712481 2.886
0.157371 0.90426 3.694
-0.522632 -0.530878 3.331
0.633614 -0.850594 2.11
0.537147 -0.745094 2.11
0.148273 0.900606 2.798
0.922578 -0.889734 2.109
-0.365632 -0.228638 3.484
0.887163 0.909219 3.174
-0.396862 -0.728812 3.38
-0.90013 0.89557 3.269
-0.371751 0.89752 2.117
-0.665047 -0.945959 3.351
-1.21151 -0.707473 2.318
0.842815 -0.691709 2.163
0.0886586 -0.799922 3.413
0.496974 -0.695117 2.864
0.678308 -0.577887 2.228
0.747653 -0.615199 2.579
-1.25522 -1.50616 3.717
-0.44194 -0.750036 3.349
-1.60104 0.890222 3.177
0.882255 0.908944 2.938
-0.656119 -1.3538 3.341
0.522896 0.906641 3.165
1.10992 0.909195 3.151
1.00716 0.910365 3.178
1.45605 -0.672188 2.7
-0.899519 0.895395 3.059
0.702706 -0.642221 2.716
0.68709 -0.638201 2.699
-0.850126 0.894982 2.279
-0.882949 0.894598 2.266
0.0378211 -0.706609 3.309
0.238297 0.904163 2.903
-1.72999 0.889303 3.271
-1.58674 0.890151 3.085
-1.72486 0.889381 3.174
0.507819 -1.20357 2.825
-0.179717 -0.164833 3.68
-0.172444 -0.149825 3.688
-1.37057 -1.50683 3.985
0.765467 0.908016 2.935
