-0.890391 0.722053 2.64887
-0.625895 -0.092736 4.21396
-0.676359 -0.0455589 3.4422
1.04999 0.862401 2.82856
1.03264 0.856036 2.67797
-1.02123 0.917383 3.35282
-0.828157 0.822575 2.91775
-1.08044 0.974431 3.4538
-1.11042 0.896715 2.9425
-0.957026 0.805472 2.62329
-1.02449 0.827561 2.67274
0.48339 0.839287 2.67847
0.612615 1.06769 3.45069
0.549203 0.746748 2.49972
0.59674 0.8055 2.53385
0.553297 0.8324 2.62068
-1.22769 0.779673 2.58621
-1.44246 0.91691 2.92289
0.0915293 0.689686 3.02183
0.01044 -0.138164 3.40464
-1.49384 0.982903 2.6467
1.02499 -0.632889 2.00753
-0.619632 -0.494705 3.09532
-0.178712 -1.35036 3.33426
-0.0369492 -0.825361 2.907
-0.171696 -0.895074 3.14506
0.93951 0.735485 3.19495
-0.34866 0.82556 3.39668
-0.915349 1.21198 5.10476
-1.57805 1.79893 7.57264
0.958128 1.13617 3.96319
0.715545 -0.736592 1.98201
0.567964 0.762257 2.74229
0.497421 0.967469 3.37851
0.378573 0.849526 2.98763
-1.44345 0.962004 3.22214
-1.38562 0.878718 2.98284
-1.20332 0.81046 2.60236
-0.431197 0.812291 2.07388
-0.472621 0.870969 2.20279
-0.494634 0.886318 2.21163
0.92836 -0.511874 2.47272
-1.15968 0.844763 2.78401
-1.34122 0.975853 3.1556
-0.405576 0.957156 2.38053
0.210598 0.870127 2.93054
0.171866 0.937946 3.16199
0.163387 0.86142 2.714
0.193056 1.05451 3.41036
-0.783837 -0.16928 4.08525
-0.89452 0.888617 2.82636
-0.852307 0.775805 2.50821
0.725787 -0.500302 1.94509
0.974317 -0.597343 2.54442
0.0345956 -0.271074 3.06444
-1.62385 0.83952 2.78611
-0.429267 -0.0438275 3.23107
-0.0257514 -0.310169 3.50511
-0.771997 -0.189623 3.1646
-0.0328931 -0.638573 3.38983
0.606176 -0.651735 2.29077
0.669034 -0.683703 2.57717
0.616133 -0.643702 2.44191
-0.483657 -0.257641 5.01631
-0.214272 0.872668 2.21151
-1.71908 -1.00592 3.5891
0.808374 -0.433858 1.90204
0.687789 -0.531478 2.28244
0.638351 -0.507576 2.18556
0.197135 0.782622 2.75226
0.246321 1.33452 4.79523
-1.29681 -0.567706 2.41549
2.23217 0.960692 4.13877
2.18237 0.942411 4.09413
-1.30502 0.877651 3.17959
-1.42363 0.902851 3.30046
-1.34767 -0.568869 2.40622
0.994615 0.896925 2.84102
0.905889 -0.893381 2.10481
0.494255 -0.851707 2.08011
0.262142 0.848209 2.98359
0.616572 -1.26143 3.55135
0.828676 -0.538034 2.07278
0.8639 -0.667476 2.1715
0.148331 0.901666 2.25986
0.950871 -0.442618 1.94215
0.504287 -0.694509 2.10286
-1.15582 -0.677988 1.95484
0.774229 -0.556326 1.9387
-0.760702 -0.621973 3.22607
1.84199 0.794628 3.0837
-0.511742 -0.935975 3.3127
-1.14626 -0.680557 2.75258
0.154017 0.883771 3.60979
-0.797218 -0.804378 5.06471
0.585568 -0.784569 1.94702
0.515758 -0.717019 2.0297
0.128619 0.774901 2.40642
0.902871 -0.867704 2.05957
-0.320664 -0.198549 3.04626
0.999208 1.02409 3.57494
-0.413062 -0.757556 3.51468
-0.867477 0.862156 3.14938
-0.36903 0.888471 2.09727
-0.655745 -0.934351 3.30773
-1.21097 -0.708493 2.31814
0.77256 -0.631115 1.97757
0.0786263 -0.70753 3.01853
0.440816 -0.618637 2.54806
0.645641 -0.550617 2.12205
0.649986 -0.534475 2.24117
-1.22908 -1.47251 3.63641
-0.441228 -0.750241 3.3479
-1.54224 0.857607 3.06035
0.770821 0.793108 2.56509
-0.672748 -1.38136 3.41295
0.674144 1.17266 4.09212
0.780612 0.640225 2.21721
1.03213 0.931639 3.25469
1.44734 -0.66889 2.68465
-1.46847 1.45578 4.98741
0.649393 -0.595227 2.51499
0.615583 -0.570223 2.41351
-0.888708 0.935519 2.38235
-0.841011 0.850741 2.15709
0.0377365 -0.6563 3.06901
0.205267 0.783484 2.51631
-1.79388 0.92215 3.39181
-1.49574 0.839063 2.90806
-1.74665 0.900979 3.21426
0.547206 -1.29768 3.04582
-0.142563 -0.131998 2.93122
-0.0718478 -0.0608413 1.5205
-1.25967 -1.38741 3.66606
0.693264 0.821963 2.65732
