0.331016 -0.676244 1.722 0.327631 -0.669327 1.70439
0.390302 -0.679778 1.731 0.384303 -0.66933 1.70439
0.388316 -0.639949 1.823 0.383816 -0.632534 1.80188
0.282344 -0.66045 1.776 0.278492 -0.651439 1.75177
-1.13327 -0.5397 2.016 -1.14363 -0.544635 2.03443
-1.24375 -0.545109 2.005 -1.2539 -0.549559 2.02137
-1.20564 -0.512291 2.129 -1.20256 -0.510985 2.12357
-1.30821 -0.500346 2.116 -1.32179 -0.505541 2.13797
-0.198196 0.332325 1.688 -0.198487 0.332813 1.69048
-0.240291 0.332325 1.688 -0.240528 0.332653 1.68966
-0.183292 0.38675 1.68 -0.182737 0.38558 1.67492
-0.239152 0.36225 1.68 -0.239256 0.362408 1.68073
-0.378999 -0.708905 1.579 -0.381235 -0.713087 1.58831
-0.481858 -0.712312 1.572 -0.484413 -0.71609 1.58034
-0.40412 -0.687859 1.655 -0.404136 -0.687888 1.65507
-0.779385 0.653333 2.56 -0.783145 0.656485 2.57235
-0.699584 0.685333 2.56 -0.704223 0.689878 2.57697
-0.763039 0.674953 2.541 -0.77092 0.681924 2.56724
-1.29579 0.0637052 2.659 -1.29191 0.0635143 2.65103
-1.41767 0.0192427 2.639 -1.41869 0.0192566 2.64091
-1.31934 0.0899938 2.618 -1.32872 0.0906335 2.63661
-1.44447 0.0790854 2.618 -1.44501 0.0791148 2.61897
-0.0350623 0.04625 1.776 -0.0351431 0.0463565 1.78009
-0.136079 0.00934375 1.794 -0.135713 0.00931862 1.78918
-0.0458749 0.0901396 1.766 -0.0458924 0.090174 1.76667
-0.0715648 0.0607063 1.766 -0.0719263 0.0610129 1.77492
-0.31009 0.676009 1.579 -0.311104 0.67822 1.58416
-0.334537 0.649269 1.586 -0.335734 0.651592 1.59168
-0.259713 0.692662 1.572 -0.261003 0.696103 1.57981
-0.359311 0.695747 1.579 -0.35909 0.695319 1.57803
0.421396 -0.32725 1.904 0.420918 -0.326879 1.90184
0.350225 -0.29618 1.883 0.351822 -0.29753 1.89158
0.383397 -0.228272 1.873 0.383051 -0.228066 1.87131
0.334891 -0.246459 1.863 0.337307 -0.248238 1.87644
0.706284 -0.323283 1.904 0.707317 -0.323756 1.90678
0.616318 -0.288334 1.883 0.620206 -0.290153 1.89488
0.690668 -0.241259 1.883 0.69013 -0.241072 1.88153
0.616938 -0.239978 1.873 0.61925 -0.240877 1.88002
-0.040532 0.3233 1.696 -0.0405453 0.323406 1.69656
-0.115155 0.303703 1.705 -0.114896 0.303021 1.70117
-0.0296758 0.37625 1.68 -0.0296902 0.376432 1.68081
-0.0894514 0.371008 1.688 -0.0891147 0.369612 1.68165
0.123984 -0.293965 1.894 0.123422 -0.292632 1.88542
0.025584 -0.329477 1.894 0.0255911 -0.329569 1.89453
0.122609 -0.255586 1.873 0.122694 -0.255764 1.8743
0.0673888 -0.221974 1.853 0.067766 -0.223216 1.86337
0.29478 -0.319317 1.904 0.29363 -0.318071 1.89657
0.180033 -0.319317 1.904 0.179097 -0.317656 1.8941
0.249716 -0.250341 1.863 0.251436 -0.252065 1.87583
0.149856 -0.255586 1.873 0.150006 -0.255844 1.87489
0.687204 -0.207647 1.863 0.690439 -0.208624 1.87177
0.602029 -0.188241 1.863 0.602303 -0.188326 1.86385
-0.710151 0.0432344 2.767 -0.708844 0.0431549 2.76191
-0.840327 0.0765844 2.723 -0.841959 0.0767331 2.72829
-0.715901 0.0835865 2.767 -0.711494 0.0830719 2.74997
-0.833538 0.120982 2.701 -0.838186 0.121657 2.71606
0.5401 -0.323283 1.904 0.539861 -0.32314 1.90316
0.517583 -0.305802 1.894 0.518589 -0.306396 1.89768
0.522403 -0.245182 1.883 0.521336 -0.244681 1.87915
0.478139 -0.242578 1.863 0.482069 -0.244572 1.87831
-0.274486 -0.712111 1.601 -0.273692 -0.710053 1.59637
-0.347682 -0.705441 1.601 -0.348441 -0.706981 1.6045
-0.283774 -0.705317 1.616 -0.283197 -0.703883 1.61272
-0.332427 -0.705425 1.624 -0.330964 -0.702319 1.61685
-0.699113 0.460877 2.618 -0.705353 0.464991 2.64137
-0.252288 0.213456 1.722 -0.252755 0.213851 1.72519
-0.618712 0.111475 2.744 -0.621823 0.112036 2.7578
-0.38687 0.147488 1.748 -0.38567 0.14703 1.74257
-0.850377 0.165999 2.701 -0.850415 0.166006 2.70112
-0.213295 0.0502031 1.785 -0.212145 0.0499325 1.77538
-0.0164308 0.140926 1.757 -0.0163851 0.140534 1.75212
-0.201608 0.180262 1.748 -0.200308 0.1791 1.73673
-1.54151 0.416755 2.485 -1.55199 0.41959 2.5019
-1.23829 0.489672 2.541 -1.23713 0.489213 2.53862
-1.55267 0.440632 2.503 -1.54879 0.439532 2.49675
-0.958419 0.510847 2.541 -0.972362 0.518278 2.57796
-1.19076 0.452616 2.541 -1.19757 0.455201 2.55552
-1.53696 0.0190896 2.618 -1.53783 0.0191005 2.61949
-0.908233 0.00850938 2.723 -0.912302 0.00854751 2.7352
-1.21291 0.0747844 2.659 -1.21417 0.0748624 2.66178
-0.85599 0.160372 2.701 -0.856207 0.160412 2.70168
-0.36935 0.612694 1.594 -0.371148 0.615677 1.60176
-0.38712 0.702487 1.572 -0.387832 0.70378 1.57489
-0.0585152 0.611755 1.609 -0.0585271 0.61188 1.60933
-0.134158 0.645902 1.594 -0.134423 0.647175 1.59714
-0.143373 0.652573 1.586 -0.144122 0.655984 1.59429
-0.306331 0.423759 1.647 -0.308719 0.427062 1.65984
-0.730822 0.769151 2.503 -0.7427 0.781652 2.54368
-0.125535 0.474089 1.655 -0.125147 0.472625 1.64989
-0.164157 0.427876 1.663 -0.164117 0.427772 1.66259
-0.0286866 0.566708 1.624 -0.0286793 0.566564 1.62359
-1.22497 0.680503 2.503 -1.21778 0.676508 2.48831
-1.43786 0.656578 2.415 -1.45764 0.665612 2.44823
-1.23977 0.752865 2.45 -1.24509 0.756098 2.46052
-1.37722 0.747333 2.432 -1.38067 0.749202 2.43808
-0.914566 0.64889 2.522 -0.923752 0.655407 2.54733
-1.01939 0.664652 2.522 -1.0213 0.665902 2.52674
-0.867396 0.848548 2.522 -0.86146 0.842741 2.50474
-0.996102 0.763937 2.503 -0.996145 0.763969 2.50311
0.739386 0.217795 1.757 0.734223 0.216274 1.74473
0.552179 0.272272 1.731 0.550073 0.271234 1.7244
0.681711 0.337247 1.713 0.679526 0.336166 1.70751
0.578476 0.319403 1.713 0.577664 0.318955 1.7106
0.566534 0.10175 1.776 0.566461 0.101737 1.77577
0.717483 0.112215 1.766 0.72139 0.112826 1.77562
0.559674 0.123252 1.766 0.560659 0.123469 1.76911
2.1773 0.18893 3.859 2.25481 0.195655 3.99636
2.09625 0.226188 3.948 2.17715 0.234917 4.10036
0.252288 0.270856 1.722 0.251782 0.270313 1.71855
0.0938955 0.296599 1.705 0.0940207 0.296995 1.70727
0.258089 0.322972 1.713 0.256634 0.321151 1.70334
0.0828263 0.337433 1.696 0.0827741 0.337221 1.69493
0.509012 0.265059 1.731 0.507433 0.264237 1.72563
0.368719 0.265059 1.731 0.366988 0.263815 1.72287
0.438803 0.3657 1.696 0.438234 0.365226 1.6938
0.380897 0.342776 1.705 0.379708 0.341707 1.69968
0.253765 0.118964 1.757 0.254781 0.11944 1.76404
0.00181629 0.158413 1.748 0.00181539 0.158334 1.74713
0.689305 0.478672 1.671 0.686932 0.477024 1.66525
0.536512 0.429934 1.671 0.538112 0.431216 1.67598
0.720477 0.512972 1.647 0.723748 0.515301 1.65448
0.257468 0.472916 1.663 0.256704 0.471513 1.65807
0.0503522 0.429934 1.671 0.0502221 0.428823 1.66668
0.256229 0.50512 1.655 0.255225 0.50314 1.64851
0.509752 0.47638 1.663 0.509411 0.476062 1.66189
0.277556 0.40075 1.68 0.277526 0.400706 1.67982
0.276865 0.48788 1.655 0.276642 0.487488 1.65367
-0.38135 -0.615178 1.863 -0.379679 -0.612484 1.85484
-0.490976 -0.611876 1.853 -0.49146 -0.61248 1.85483
-0.458753 -0.5649 2.016 -0.454167 -0.559253 1.99585
-0.600561 -0.547137 2.028 -0.600546 -0.547124 2.02795
-0.0797932 -0.61848 1.873 -0.0790209 -0.612494 1.85487
-0.257459 -0.615178 1.863 -0.256334 -0.612488 1.85485
-0.0671727 -0.548928 1.959 -0.0671605 -0.548828 1.95864
-0.357855 -0.68425 1.68 -0.356289 -0.681256 1.67265
-0.464254 -0.645694 1.766 -0.464366 -0.64585 1.76643
-0.00523691 -0.69125 1.68 -0.00518656 -0.684604 1.66385
-0.140058 -0.702042 1.624 -0.139802 -0.700757 1.62103
-0.0769389 -0.672656 1.722 -0.0763567 -0.667567 1.70897
-0.223404 -0.653679 1.748 -0.223258 -0.653253 1.74686
-0.937204 -0.592453 1.915 -0.935265 -0.591228 1.91104
-1.01897 -0.620547 1.833 -1.01907 -0.620609 1.83318
-0.946385 -0.558455 1.993 -0.94771 -0.559237 1.99579
-0.673899 -0.582817 1.936 -0.67339 -0.582377 1.93454
-0.766662 -0.629521 1.804 -0.767904 -0.630541 1.80692
-0.777157 -0.5565 2.016 -0.774279 -0.554439 2.00854
-0.876749 -0.536774 2.053 -0.877333 -0.537132 2.05437
-1.02814 -0.68772 1.663 -1.0259 -0.686217 1.65937
-0.879131 -0.637038 1.804 -0.875528 -0.634426 1.79661
-1.02419 -0.63455 1.776 -1.03019 -0.638266 1.7864
-0.518408 -0.718463 1.564 -0.51991 -0.720543 1.56853
-0.733782 -0.705317 1.616 -0.732272 -0.703865 1.61267
-0.621337 -0.645203 1.785 -0.618334 -0.642084 1.77637
-0.725237 -0.63085 1.776 -0.731571 -0.63636 1.79151
-0.61147 -0.264374 2.789 -0.609373 -0.263467 2.77944
-0.389953 -0.024551 1.813 -0.3859 -0.0242959 1.79416
-0.801189 -0.00285833 2.744 -0.80521 -0.00287268 2.75777
-0.0555351 -0.18622 1.843 -0.0557432 -0.186918 1.84991
-0.264741 -0.181391 1.833 -0.266366 -0.182504 1.84425
-0.236739 -0.0168188 1.794 -0.236867 -0.0168278 1.79497
-0.336527 -0.349206 1.894 -0.336341 -0.349012 1.89295
-0.611892 -0.416339 2.365 -0.613557 -0.417471 2.37143
-0.303918 -0.304678 1.863 -0.30687 -0.307638 1.8811
-0.710061 -0.324066 2.659 -0.701962 -0.320369 2.62867
-0.13109 -0.331486 1.883 -0.131742 -0.333136 1.89237
-0.221092 -0.331486 1.883 -0.221963 -0.332792 1.89041
-0.0638809 -0.219291 1.863 -0.0637561 -0.218862 1.85936
-0.163659 -0.245136 1.853 -0.16478 -0.246817 1.8657
-1.39484 -0.216643 2.701 -1.40062 -0.21754 2.71218
-1.67936 -0.242958 2.744 -1.72375 -0.24938 2.81653
-1.35734 -0.0137448 2.639 -1.36792 -0.0138519 2.65956
-1.48896 -0.00824688 2.639 -1.4875 -0.00823878 2.63641
-0.936042 -0.223701 2.789 -0.938836 -0.224369 2.79733
-0.98509 -0.00281354 2.701 -0.993427 -0.00283735 2.72386
-1.078 -0.00283646 2.723 -1.07268 -0.00282248 2.70958
-1.22419 -0.430147 2.333 -1.22586 -0.430733 2.33618
-1.26944 -0.49051 2.17 -1.27229 -0.491613 2.17488
-1.33941 -0.357199 2.503 -1.35027 -0.360095 2.52329
-1.54784 -0.313615 2.618 -1.56058 -0.316196 2.63955
-0.733196 -0.481571 2.212 -0.731008 -0.480134 2.2054
-0.942603 -0.419155 2.381 -0.938798 -0.417463 2.37139
-0.817326 -0.351926 2.579 -0.809422 -0.348523 2.55406
-1.01122 -0.352034 2.541 -1.01231 -0.352411 2.54372
0.70603 -0.575728 1.981 0.70667 -0.57625 1.9828
0.563943 -0.725453 1.601 0.556698 -0.716133 1.58043
0.558058 -0.676672 1.705 0.554863 -0.672798 1.69524
0.278303 -0.622382 1.873 0.274806 -0.614562 1.84947
0.0555351 -0.631611 1.843 0.0549232 -0.624652 1.82269
0.279567 -0.562607 1.993 0.279094 -0.561656 1.98963
0.564436 -0.590184 1.947 0.559147 -0.584655 1.92876
0.389357 -0.617859 1.883 0.384684 -0.610444 1.8604
0.380803 -0.534457 1.981 0.37713 -0.529302 1.96189
0.209892 -0.718783 1.616 0.207348 -0.710073 1.59642
0.0217342 -0.71567 1.609 0.021564 -0.710065 1.5964
0.282239 -0.647545 1.823 0.277381 -0.636398 1.79162
0.0645885 -0.65675 1.776 0.0638841 -0.649587 1.75663
0.521057 -0.701651 1.655 0.515688 -0.694421 1.63795
0.328455 -0.711995 1.655 0.322551 -0.699197 1.62525
0.496409 -0.65675 1.776 0.491007 -0.649604 1.75667
0.643535 -0.333423 1.894 0.648734 -0.336117 1.9093
0.520726 -0.211528 1.863 0.522519 -0.212256 1.86941
0.417811 -0.18723 1.853 0.419383 -0.187935 1.85997
0.223558 -0.335183 1.904 0.223096 -0.334491 1.90007
0.00590399 -0.333423 1.894 0.00590822 -0.333662 1.89536
0.583624 -0.335183 1.904 0.584824 -0.335873 1.90792
0.366002 -0.335183 1.904 0.365841 -0.335036 1.90317
0.265203 -0.215409 1.863 0.26551 -0.215659 1.86516
0.438564 0.0864604 1.766 0.441453 0.0870299 1.77763
-0.883364 1.0438 2.45 -0.881251 1.04131 2.44414
0.121622 -0.290808 1.894 0.121004 -0.28933 1.88437
0.0413279 -0.314483 1.894 0.0412431 -0.313838 1.89011
0.119632 -0.253446 1.863 0.120338 -0.254943 1.87401
0.063538 -0.219658 1.853 0.0638659 -0.220791 1.86256
-0.0433516 0.324713 1.696 -0.0433541 0.324733 1.6961
-0.115252 0.337433 1.696 -0.114919 0.336458 1.6911
-0.030374 0.37625 1.68 -0.0303885 0.376429 1.6808
-0.0894514 0.369602 1.688 -0.0891357 0.368297 1.68204
-0.246206 0.652573 1.586 -0.2472 0.655208 1.59241
-0.333218 0.648608 1.586 -0.334453 0.651011 1.59188
-0.259713 0.693972 1.572 -0.260946 0.697265 1.57946
-0.359311 0.697063 1.579 -0.359011 0.69648 1.57768
0.696788 -0.320903 1.904 0.697452 -0.321209 1.90581
0.613971 -0.284411 1.883 0.617417 -0.286008 1.89357
0.681784 -0.220843 1.863 0.686477 -0.222364 1.87583
0.615381 -0.240759 1.873 0.617757 -0.241688 1.88023
-0.283102 -0.704643 1.616 -0.282672 -0.703571 1.61354
-0.350088 -0.709636 1.609 -0.34893 -0.707289 1.60368
-0.361347 -0.68635 1.68 -0.359193 -0.68226 1.66999
0.421397 -0.325663 1.904 0.420807 -0.325207 1.90133
0.346312 -0.298534 1.883 0.348014 -0.3 1.89225
0.377169 -0.226711 1.873 0.376703 -0.226431 1.87069
0.333342 -0.248788 1.863 0.335874 -0.250678 1.87715
0.535352 -0.320903 1.904 0.534872 -0.320616 1.9023
0.51837 -0.305013 1.894 0.519313 -0.305568 1.89744
0.524751 -0.246752 1.883 0.523831 -0.246319 1.8797
0.472719 -0.225501 1.863 0.475202 -0.226685 1.87279
-0.706529 0.0451616 2.744 -0.710877 0.0454396 2.76089
-0.822858 0.0314416 2.744 -0.823067 0.0314496 2.7447
-0.706529 0.0863216 2.744 -0.707975 0.0864983 2.74962
-0.830141 0.085661 2.723 -0.831531 0.0858044 2.72756
2.17249 0.18893 3.859 2.24982 0.195655 3.99636
2.31381 0.517724 4.645 2.45847 0.550093 4.93541
-0.97197 0.509333 2.56 -0.97892 0.512976 2.57831
-0.605203 -0.71099 1.594 -0.605172 -0.710954 1.59392
-0.619853 -0.644459 1.785 -0.617205 -0.641706 1.77737
-0.731138 -0.631072 1.785 -0.735478 -0.634818 1.7956
0.518993 -0.700962 1.655 0.513912 -0.694099 1.6388
0.555932 -0.679514 1.705 0.551562 -0.674172 1.6916
0.279082 -0.624724 1.873 0.275091 -0.615789 1.84621
0.0540031 -0.633147 1.843 0.0533463 -0.625447 1.82058
0.301666 -0.516278 1.959 0.301233 -0.515537 1.95619
0.126503 -0.553652 1.97 0.126086 -0.55183 1.96352
-0.0597007 0.38885 1.68 -0.0595831 0.388084 1.67669
-0.161992 0.428576 1.655 -0.162662 0.430349 1.66185
-0.0338846 0.512972 1.647 -0.0337458 0.51087 1.64025
0.275461 0.40145 1.68 0.275392 0.401349 1.67958
0.47719 0.530968 1.639 0.478709 0.532658 1.64422
0.275489 0.486501 1.655 0.275327 0.486214 1.65402
-1.02538 -0.68772 1.663 -1.02314 -0.686217 1.65937
-1.02419 -0.63233 1.776 -1.03194 -0.637117 1.78945
-0.933724 -0.219053 2.789 -0.936214 -0.219637 2.79644
-1.16097 -0.244995 2.767 -1.15946 -0.244678 2.76342
-1.08613 -0.00281363 2.701 -1.08843 -0.00281961 2.70674
-1.35377 -0.362012 2.522 -1.35229 -0.361618 2.51926
-1.41907 -0.401777 2.349 -1.44561 -0.409292 2.39294
-1.52111 0.410653 2.467 -1.54401 0.416833 2.50413
-1.36229 0.485478 2.503 -1.36897 0.487856 2.51526
-1.53221 0.438499 2.485 -1.54019 0.440782 2.49794
0.0489632 0.428542 1.671 0.0488473 0.427527 1.66704
0.254853 0.503051 1.655 0.253939 0.501245 1.64906
0.113976 0.533559 1.647 0.11331 0.530442 1.63738
0.207645 -0.713659 1.609 0.206335 -0.709155 1.59885
0.0191422 -0.716763 1.616 0.0189388 -0.709148 1.59883
0.280724 -0.644507 1.823 0.27652 -0.634856 1.7957
0.0171415 -0.638877 1.833 0.0169081 -0.630178 1.80804
0.716379 0.11359 1.776 0.716093 0.113545 1.77529
0.558206 0.12178 1.766 0.559318 0.122023 1.76952
0.529876 0.270829 1.731 0.527849 0.269793 1.72438
0.370158 0.231882 1.731 0.370478 0.232083 1.7325
0.436733 0.386482 1.688 0.43658 0.386346 1.68741
0.373102 0.339224 1.705 0.372126 0.338337 1.70054
0.690694 0.478672 1.671 0.688327 0.477032 1.66527
0.589676 0.44765 1.68 0.58709 0.445687 1.67263
0.717739 0.512972 1.647 0.720975 0.515285 1.65443
0.525649 0.497168 1.663 0.523569 0.4952 1.65642
-0.0805716 -0.620041 1.873 -0.0796979 -0.613318 1.85269
-0.256685 -0.612073 1.863 -0.256166 -0.610835 1.85923
-0.0696152 -0.545663 1.959 -0.0695625 -0.54525 1.95752
0.0712188 0.292336 1.705 0.0713464 0.29286 1.70805
0.255241 0.323686 1.713 0.253764 0.321812 1.70308
0.09199 0.316233 1.696 0.0922697 0.317195 1.70116
0.571719 -0.586128 1.947 0.568101 -0.582419 1.93468
0.388574 -0.618644 1.883 0.383684 -0.610858 1.8593
0.379156 -0.536934 1.981 0.375647 -0.531963 1.96266
-1.31531 0.637299 2.485 -1.31396 0.63664 2.48243
-1.4228 0.673684 2.415 -1.44127 0.682429 2.44635
-1.23569 0.750823 2.45 -1.24157 0.754393 2.46165
-1.42882 0.721984 2.415 -1.43985 0.727557 2.43364
-0.613789 -0.260888 2.789 -0.613307 -0.260683 2.78681
-0.389953 -0.0245511 1.813 -0.3859 -0.0242959 1.79416
-0.802329 -0.00285842 2.744 -0.806299 -0.00287256 2.75758
0.25433 0.0997054 1.766 0.254895 0.0999265 1.76992
0.253034 0.12116 1.757 0.253952 0.121599 1.76337
0.00326941 0.159869 1.748 0.00326705 0.159753 1.74673
0.731239 0.221049 1.748 0.729302 0.220464 1.74337
0.551459 0.288139 1.731 0.547899 0.286279 1.71982
0.682423 0.340816 1.713 0.679835 0.339523 1.7065
0.57294 0.317911 1.705 0.574802 0.318945 1.71054
-0.779978 -0.422251 2.365 -0.778576 -0.421492 2.36075
-0.939634 -0.419155 2.381 -0.935842 -0.417463 2.37139
-0.818398 -0.350852 2.579 -0.811141 -0.347741 2.55613
-1.00963 -0.406802 2.45 -0.995214 -0.400993 2.41501
-0.680964 -0.586128 1.947 -0.676606 -0.582377 1.93454
-0.780097 -0.554743 2.028 -0.775577 -0.551528 2.01625
-0.913335 -0.542445 2.078 -0.903536 -0.536625 2.0557
-0.00526184 -0.693838 1.688 -0.0051893 -0.684272 1.66473
-0.144077 -0.706477 1.639 -0.142717 -0.699811 1.62353
-0.0787799 -0.672566 1.731 -0.0779888 -0.665812 1.71362
-0.223404 -0.652951 1.748 -0.223382 -0.652887 1.74783
-0.0608971 -0.18622 1.843 -0.0611215 -0.186906 1.84979
-0.266265 -0.180627 1.833 -0.26786 -0.181709 1.84398
-0.136087 -0.0289392 1.804 -0.135836 -0.0288859 1.80068
-0.238231 -0.0153238 1.794 -0.238296 -0.0153279 1.79449
0.519178 -0.211528 1.863 0.520956 -0.212253 1.86938
0.423972 -0.196495 1.853 0.426262 -0.197557 1.86301
0.649262 -0.178926 1.863 0.648894 -0.178824 1.86194
-0.336527 -0.347628 1.894 -0.336251 -0.347343 1.89245
-0.608943 -0.416339 2.365 -0.6106 -0.417471 2.37144
-0.344957 -0.290706 1.863 -0.347321 -0.292698 1.87577
-0.716783 -0.324392 2.68 -0.704229 -0.31871 2.63306
-1.38923 -0.212141 2.701 -1.39485 -0.212999 2.71192
-1.79302 -0.170239 2.908 -1.8561 -0.176228 3.0103
-1.35734 -0.00934653 2.639 -1.36732 -0.00941522 2.6584
-1.52414 -0.0286863 2.598 -1.54419 -0.0290637 2.63218
-1.04571 0.0647114 2.701 -1.04357 0.0645787 2.69546
-1.21512 0.0770002 2.659 -1.21595 0.0770531 2.66083
-0.857113 0.159246 2.701 -0.857365 0.159293 2.7018
-0.919807 0.640483 2.522 -0.929521 0.647247 2.54864
-1.02043 0.672008 2.522 -1.02154 0.672737 2.52474
-0.812889 0.772888 2.522 -0.816139 0.775978 2.53208
-1.00026 0.767065 2.503 -0.999738 0.766662 2.50169
-0.378892 0.422387 1.647 -0.381614 0.425422 1.65883
-0.761983 0.677071 2.541 -0.769741 0.683964 2.56687
-0.731862 0.767065 2.503 -0.743864 0.779645 2.54405
-0.132655 -0.331486 1.883 -0.133313 -0.33313 1.89234
-0.197342 -0.325044 1.873 -0.199071 -0.327891 1.88941
-0.0662038 -0.220843 1.863 -0.0660898 -0.220463 1.85979
-0.167509 -0.247453 1.853 -0.168716 -0.249235 1.86635
-1.41657 0.0170435 2.639 -1.418 0.0170607 2.64166
-1.52414 0.0687387 2.598 -1.52925 0.0689692 2.60671
0.645896 -0.328688 1.894 0.650611 -0.331087 1.90783
0.45317 -0.695206 1.671 0.448636 -0.68825 1.65428
0.29735 -0.710575 1.639 0.293643 -0.701718 1.61857
0.497441 -0.657847 1.785 0.490367 -0.648493 1.75962
0.387425 -0.676893 1.731 0.382297 -0.667934 1.70809
-0.384175 -0.615359 1.873 -0.381348 -0.610831 1.85922
-0.493625 -0.612073 1.863 -0.49262 -0.610827 1.85921
-0.606658 -0.547825 2.04 -0.604242 -0.545643 2.03187
-0.247448 0.623985 1.594 -0.248528 0.626709 1.60096
-0.38908 0.705763 1.572 -0.389572 0.706656 1.57399
-0.0293615 0.566708 1.624 -0.0293538 0.566559 1.62357
-0.223597 0.59609 1.594 -0.225696 0.601685 1.60896
-0.136146 0.64391 1.594 -0.136457 0.64538 1.59764
-0.937204 -0.590857 1.915 -0.936401 -0.590352 1.91336
-1.03766 -0.617162 1.823 -1.04345 -0.620608 1.83318
-0.95125 -0.558476 2.005 -0.949286 -0.557323 2.00086
-1.17858 -0.560356 1.959 -1.19014 -0.565852 1.97822
-0.244562 0.246601 1.713 -0.244902 0.246944 1.71538
-0.240992 0.331622 1.688 -0.241257 0.331985 1.68985
-0.0365386 0.04699 1.776 -0.0366176 0.0470915 1.77984
-0.139807 0.0115862 1.794 -0.139372 0.0115502 1.78843
-0.01424 0.143122 1.757 -0.0141956 0.142676 1.75152
-0.201608 0.177349 1.748 -0.200406 0.176291 1.73757
-0.38271 0.150351 1.739 -0.383273 0.150572 1.74156
0.221975 -0.335183 1.904 0.221513 -0.334485 1.90003
0.0271584 -0.328688 1.894 0.0271629 -0.328742 1.89431
0.173577 -0.314483 1.894 0.173483 -0.314313 1.89297
-0.380679 -0.711387 1.586 -0.381427 -0.712784 1.58911
-0.281549 -0.635535 1.785 -0.282263 -0.637145 1.78952
-0.531977 -0.624259 1.804 -0.534995 -0.6278 1.81423
0.582833 -0.335183 1.904 0.584026 -0.33587 1.9079
0.364419 -0.335183 1.904 0.364253 -0.33503 1.90313
0.54059 0.13944 1.766 0.539955 0.139277 1.76392
-0.610898 -0.7032 1.609 -0.611859 -0.704306 1.61153
-0.622084 -0.638739 1.794 -0.62052 -0.637133 1.78949
-0.765913 -0.626063 1.804 -0.769183 -0.628736 1.8117
0.208549 -0.711107 1.616 0.207218 -0.706572 1.60569
0.280435 -0.641626 1.833 0.276051 -0.631595 1.80434
0.0171415 -0.636127 1.833 0.0169431 -0.628765 1.81179
-1.30986 0.52052 2.503 -1.316 0.522957 2.51472
-1.36229 0.490484 2.503 -1.36829 0.492641 2.51401
0.529013 0.271695 1.731 0.526907 0.270614 1.72411
0.432036 0.367961 1.696 0.431279 0.367317 1.69303
0.269626 0.357785 1.696 0.269113 0.357104 1.69277
-0.0833741 -0.621914 1.873 -0.0823538 -0.614303 1.85008
-0.261331 -0.613005 1.863 -0.260618 -0.611332 1.85792
-0.0696152 -0.544684 1.959 -0.0695511 -0.544182 1.9572
-0.78288 -0.426298 2.381 -0.775524 -0.422293 2.35863
-0.946343 -0.414954 2.398 -0.940941 -0.412585 2.38431
-0.823132 -0.34824 2.598 -0.813033 -0.343968 2.56613
-1.01027 -0.350827 2.56 -1.00678 -0.349612 2.55113
0.25695 0.325399 1.713 0.255395 0.323429 1.70263
0.09199 0.317081 1.696 0.0922565 0.318 1.70091
0.238046 0.381418 1.688 0.237624 0.380742 1.68501
0.0454111 0.430648 1.663 0.045488 0.431377 1.66581
0.242121 0.515442 1.647 0.24179 0.514737 1.64475
-0.680964 -0.588075 1.947 -0.675611 -0.583452 1.93169
-0.797921 -0.49268 2.17 -0.798414 -0.492985 2.17134
-0.78212 -0.551701 2.028 -0.779384 -0.54977 2.0209
-0.0596524 -0.17971 1.833 -0.0601435 -0.18119 1.84809
-0.268093 -0.17971 1.833 -0.269652 -0.180755 1.84366
-0.240915 -0.0144268 1.794 -0.240937 -0.0144281 1.79416
0.253034 0.122917 1.757 0.253877 0.123326 1.76285
0.0895796 0.143263 1.748 0.0898535 0.143701 1.75335
-0.296364 -0.329726 1.873 -0.298855 -0.332498 1.88875
-0.574321 -0.476203 2.184 -0.579629 -0.480604 2.20418
-0.344957 -0.288843 1.863 -0.347211 -0.290731 1.87518
-0.715145 -0.324509 2.659 -0.706751 -0.3207 2.62779
0.521964 -0.206108 1.873 0.520385 -0.205484 1.86733
0.422124 -0.192789 1.853 0.42413 -0.193706 1.86181
0.435049 0.386482 1.688 0.434888 0.386339 1.68738
0.274333 0.435637 1.663 0.275289 0.437155 1.6688
0.258155 0.503051 1.655 0.257238 0.501264 1.64912
-1.16341 -0.479256 2.198 -1.16664 -0.480588 2.20411
-1.21715 -0.475672 2.212 -1.21895 -0.476374 2.21526
-1.30788 -0.370369 2.485 -1.31206 -0.371553 2.49294
-1.41907 -0.399428 2.349 -1.44825 -0.407642 2.39731
0.56938 -0.5917 1.959 0.561484 -0.583494 1.93183
0.297765 -0.621914 1.873 0.294128 -0.614317 1.85012
0.380145 -0.532972 1.981 0.376382 -0.527696 1.96139
-0.616571 -0.256704 2.789 -0.618055 -0.257322 2.79571
-0.389953 -0.0254576 1.813 -0.385958 -0.0251968 1.79443
0.647404 -0.177063 1.863 0.646821 -0.176903 1.86132
-0.00441988 -0.69215 1.688 -0.00436447 -0.683474 1.66684
-0.145903 -0.70346 1.632 -0.145146 -0.699811 1.62353
-0.0822332 -0.673431 1.731 -0.0813544 -0.666234 1.7125
-0.259743 -0.634626 1.813 -0.258494 -0.631575 1.80429
-0.0597007 0.38969 1.68 -0.0595747 0.388868 1.67646
-0.162817 0.428576 1.655 -0.163489 0.430345 1.66183
-0.0337201 0.512939 1.639 -0.0337319 0.513118 1.63957
-0.133102 0.473261 1.655 -0.132697 0.471824 1.64998
0.712836 0.11359 1.776 0.712523 0.11354 1.77522
0.555563 0.123546 1.766 0.556488 0.123752 1.76894
-1.38115 -0.20809 2.701 -1.38687 -0.208952 2.71219
-1.32229 -0.00547173 2.68 -1.31566 -0.00544429 2.66656
-1.52284 -0.0286863 2.598 -1.543 -0.029066 2.63239
0.448512 -0.691877 1.663 0.446161 -0.68825 1.65428
0.327492 -0.708409 1.655 0.322471 -0.697547 1.62962
0.543222 -0.650943 1.813 0.534029 -0.639927 1.78232
0.389367 -0.658535 1.804 0.381576 -0.645358 1.7679
-0.911628 0.0107785 2.723 -0.915312 0.0108221 2.73401
-1.21644 0.0743412 2.659 -1.2175 0.0744057 2.66131
-0.937331 0.155328 2.68 -0.940095 0.155786 2.6879
-1.04961 0.147288 2.68 -1.04623 0.146813 2.67136
-0.919807 0.645527 2.522 -0.929052 0.652016 2.54735
-1.02547 0.668225 2.522 -1.02664 0.668992 2.52489
-0.814147 0.796847 2.522 -0.815396 0.79807 2.52587
-1.00276 0.768317 2.503 -1.00195 0.767699 2.50099
0.629838 -0.327741 1.894 0.634217 -0.330019 1.90717
0.611644 -0.239822 1.873 0.613883 -0.2407 1.87986
0.732983 0.221923 1.748 0.730949 0.221307 1.74315
0.549733 0.271695 1.731 0.547674 0.270677 1.72452
0.677297 0.335677 1.713 0.675269 0.334671 1.70787
0.572089 0.318764 1.705 0.573861 0.319751 1.71028
-0.311507 -0.613005 1.863 -0.310655 -0.61133 1.85791
-0.503748 -0.616295 1.873 -0.499684 -0.611323 1.85789
-0.466541 -0.563869 2.028 -0.460662 -0.556763 2.00244
-0.603606 -0.542725 2.04 -0.603537 -0.542663 2.03977
-0.134533 -0.325837 1.883 -0.135069 -0.327134 1.8905
-0.219057 -0.325837 1.883 -0.219716 -0.326817 1.88866
-0.0662038 -0.221775 1.863 -0.0661001 -0.221428 1.86008
-0.171206 -0.248379 1.853 -0.172459 -0.250197 1.86656
-0.252218 0.623188 1.594 -0.253339 0.625958 1.60109
-0.720402 0.844796 2.485 -0.731636 0.857971 2.52375
-0.246206 0.653366 1.586 -0.247167 0.655917 1.59219
-0.382149 0.688378 1.579 -0.382287 0.688626 1.57957
-0.341237 0.32921 1.68 -0.342886 0.330801 1.68812
-0.627617 0.457237 2.659 -0.627314 0.457017 2.65772
-1.31531 0.636056 2.485 -1.31412 0.635477 2.48274
-1.43003 0.668854 2.415 -1.44863 0.677556 2.44642
-1.23814 0.752048 2.45 -1.24368 0.755416 2.46097
-1.38915 0.753819 2.432 -1.3907 0.754658 2.43471
-0.245416 0.248314 1.713 -0.245684 0.248585 1.71487
-0.0902932 0.37129 1.688 -0.0899483 0.369871 1.68155
-0.241834 0.335842 1.688 -0.241926 0.335969 1.68864
-1.40138 0.0653409 2.618 -1.40758 0.0656301 2.62959
-1.52284 0.0648417 2.598 -1.52866 0.0650896 2.60793
0.722978 0.411802 1.688 0.722023 0.411258 1.68577
0.588838 0.45017 1.68 0.586003 0.448003 1.67191
0.715275 0.510501 1.647 0.718778 0.513002 1.65507
0.53809 0.475549 1.663 0.537981 0.475452 1.66266
-0.309891 0.426504 1.647 -0.312148 0.429612 1.659
-0.759448 0.680882 2.541 -0.76701 0.687662 2.5663
-0.73311 0.768317 2.503 -0.744981 0.780757 2.54353
-0.939114 -0.5899 1.915 -0.938994 -0.589825 1.91476
-1.04152 -0.61963 1.833 -1.04235 -0.620125 1.83446
-1.06823 -0.533866 2.053 -1.0713 -0.535402 2.05891
-1.14294 -0.541832 1.97 -1.16706 -0.553265 2.01157
-0.0334114 0.566708 1.624 -0.0334011 0.566533 1.6235
-0.124587 0.609744 1.609 -0.12456 0.609613 1.60865
-0.0904305 0.645136 1.601 -0.0903127 0.644296 1.59891
-0.207318 0.678904 1.579 -0.20814 0.681597 1.58526
-0.0418533 0.049654 1.776 -0.0419224 0.049736 1.77893
-0.223681 0.00171059 1.785 -0.224263 0.00171505 1.78965
-0.00990891 0.13944 1.766 -0.00983536 0.138405 1.75289
-0.212713 0.189479 1.739 -0.212045 0.188884 1.73354
-0.361347 -0.68383 1.68 -0.35988 -0.681054 1.67318
-0.409416 -0.690193 1.671 -0.406837 -0.685846 1.66048
-0.283863 -0.633357 1.794 -0.284318 -0.634371 1.79687
-0.528378 -0.620651 1.804 -0.532848 -0.625901 1.81926
-0.623045 0.109646 2.744 -0.626123 0.110187 2.75756
-0.70279 0.0939626 2.767 -0.698316 0.0933644 2.74938
-0.384445 0.152959 1.739 -0.384834 0.153114 1.74076
0.222925 -0.335183 1.904 0.222463 -0.334489 1.90005
0.0120441 -0.327741 1.894 0.0120421 -0.327686 1.89368
0.170743 -0.310695 1.894 0.170537 -0.310319 1.89171
0.119733 -0.293649 1.894 0.119178 -0.292289 1.88523
0.578827 -0.327741 1.894 0.582509 -0.329826 1.90605
0.365369 -0.335183 1.904 0.365206 -0.335034 1.90315
0.443495 -0.222965 1.873 0.443005 -0.222719 1.87093
0.335201 -0.244131 1.863 0.337488 -0.245797 1.87571
0.250224 -0.209466 1.853 0.251624 -0.210638 1.86336
0.276815 -0.625234 1.883 0.271981 -0.614316 1.85012
0.557363 -0.718148 1.632 0.548389 -0.706586 1.60572
-0.933724 -0.214869 2.789 -0.935826 -0.215353 2.79528
-1.02508 -0.63233 1.776 -1.03284 -0.637117 1.78945
0.539709 0.144738 1.766 0.538591 0.144439 1.76234
-0.867935 0.858425 2.503 -0.866761 0.857264 2.49961
-0.97197 0.509333 2.56 -0.97892 0.512976 2.57831
-0.065493 -0.181797 1.843 -0.065682 -0.182321 1.84832
-0.26919 -0.18081 1.833 -0.270802 -0.181893 1.84397
-0.223681 -0.00257344 1.785 -0.224425 -0.00258199 1.79094
-0.688679 -0.588174 1.959 -0.688189 -0.587755 1.95761
-0.746457 -0.553741 2.04 -0.740155 -0.549066 2.02278
-0.783085 -0.553741 2.04 -0.776472 -0.549065 2.02277
0.509143 -0.190476 1.863 0.509024 -0.190432 1.86257
0.570806 -0.588238 1.936 0.568073 -0.585421 1.92673
0.386132 -0.619586 1.883 0.381003 -0.611355 1.85798
-0.361343 -0.18081 1.833 -0.363121 -0.1817 1.84202
-0.389953 -0.028721 1.813 -0.386168 -0.0284422 1.7954
0.503341 -0.707949 1.647 0.496926 -0.698926 1.62601
0.546051 -0.663737 1.766 0.538807 -0.654931 1.74257
0.576043 -0.18377 1.863 0.575702 -0.183661 1.8619
-1.33294 -0.406298 2.381 -1.34061 -0.408635 2.3947
-1.30136 -0.376567 2.467 -1.30611 -0.377943 2.47602
-1.55964 -0.314793 2.618 -1.57105 -0.317097 2.63716
-0.0054044 -0.691894 1.68 -0.00534984 -0.684909 1.66304
-0.140643 -0.704511 1.639 -0.139523 -0.6989 1.62595
-0.0801611 -0.669277 1.731 -0.0795535 -0.664204 1.71788
-0.259743 -0.635714 1.813 -0.258281 -0.632136 1.8028
-1.36366 -0.00380465 2.639 -1.37238 -0.00382899 2.65588
-1.49633 -0.00380465 2.639 -1.49353 -0.00379751 2.63405
-1.31136 0.519018 2.503 -1.31757 0.521477 2.51486
-1.36529 0.491985 2.503 -1.37083 0.493983 2.51316
-0.78045 -0.42911 2.365 -0.775005 -0.426116 2.3485
-0.804764 -0.347241 2.579 -0.799809 -0.345103 2.56312
-1.01027 -0.353899 2.56 -1.00443 -0.351853 2.5452
0.237036 0.380405 1.688 0.236653 0.379791 1.68527
0.0426294 0.430714 1.671 0.0425099 0.429507 1.66632
0.243107 0.513466 1.647 0.242858 0.512939 1.64531
0.000610552 0.526415 1.632 0.000612011 0.527672 1.6359
0.446355 -0.693514 1.655 0.44448 -0.690602 1.64805
0.296337 -0.707949 1.647 0.292556 -0.698918 1.62599
0.512723 -0.67237 1.739 0.506513 -0.664227 1.71794
0.29506 -0.626418 1.863 0.291296 -0.618426 1.83923
0.431008 0.386482 1.688 0.430829 0.386321 1.6873
0.276653 0.43673 1.671 0.276337 0.436232 1.66909
0.256174 0.498086 1.655 0.255471 0.496718 1.65045
0.259001 0.324371 1.713 0.257483 0.32247 1.70296
0.0919902 0.321152 1.696 0.0921935 0.321862 1.69975
-0.3712 -0.321318 1.883 -0.371385 -0.321478 1.88394
-0.602102 -0.412082 2.365 -0.60571 -0.414551 2.37917
-0.307046 -0.304492 1.863 -0.310008 -0.307429 1.88097
-0.715145 -0.329295 2.659 -0.704213 -0.324262 2.61836
-0.721889 0.846287 2.485 -0.732968 0.859275 2.52314
-0.329738 0.654317 1.586 -0.330655 0.656137 1.59041
-0.362304 0.674167 1.579 -0.363383 0.676176 1.58371
-0.0355689 0.372554 1.68 -0.0356058 0.372941 1.68174
-0.160618 0.434639 1.663 -0.160404 0.434058 1.66078
-0.0347009 0.516872 1.639 -0.0346897 0.516707 1.63847
-0.136073 0.474254 1.655 -0.135633 0.47272 1.64965
-0.30375 -0.613059 1.843 -0.304655 -0.614885 1.84849
-0.503748 -0.616295 1.873 -0.499684 -0.611323 1.85789
-0.607269 -0.546397 2.04 -0.605506 -0.544811 2.03408
-0.765532 0.673259 2.541 -0.773448 0.680222 2.56728
-0.745095 0.77132 2.503 -0.756359 0.782981 2.54084
0.646841 -0.323195 1.894 0.650966 -0.325256 1.90608
0.612765 -0.245441 1.873 0.615599 -0.246576 1.88166
-0.343248 0.330218 1.68 -0.34484 0.33175 1.68779
-0.381578 0.362797 1.663 -0.384727 0.365791 1.67672
0.73886 0.218849 1.757 0.733568 0.217281 1.74441
0.547661 0.271695 1.731 0.545597 0.270671 1.72448
0.677297 0.336704 1.713 0.675153 0.335638 1.70758
0.547661 0.284158 1.731 0.544463 0.282499 1.72089
-0.833134 0.132236 2.701 -0.836863 0.132828 2.71309
-1.03682 0.0738947 2.701 -1.03433 0.0737169 2.6945
-0.932519 0.150504 2.68 -0.935998 0.151066 2.69
0.636689 0.430714 1.671 0.639238 0.432439 1.67769
0.531525 0.433034 1.68 0.530137 0.431903 1.67561
0.706895 0.510972 1.639 0.713429 0.515694 1.65415
0.538091 0.476546 1.663 0.537891 0.47637 1.66238
-0.0343833 0.56476 1.624 -0.0343835 0.564763 1.62401
-0.221526 0.654317 1.586 -0.222418 0.656953 1.59239
-1.28806 0.0631733 2.659 -1.28488 0.0630175 2.65244
-1.40921 0.0621992 2.618 -1.4152 0.0624635 2.62912
0.708584 0.112524 1.776 0.708365 0.11249 1.77545
0.552393 0.124606 1.766 0.553193 0.124787 1.76856
-0.103933 0.262703 1.713 -0.103964 0.262781 1.71351
-0.245416 0.250369 1.713 -0.245599 0.250556 1.71428
-0.0902931 0.368251 1.688 -0.0899939 0.367031 1.68241
-0.247896 0.337867 1.688 -0.247888 0.337857 1.68795
-0.940938 0.640987 2.522 -0.949569 0.646867 2.54513
-1.02245 0.640987 2.522 -1.02658 0.643581 2.5322
-0.814147 0.795334 2.522 -0.815518 0.796674 2.52625
-0.998524 0.765773 2.485 -1.00446 0.770328 2.49978
0.253034 0.123971 1.757 0.253832 0.124362 1.76254
0.0885335 0.142214 1.748 0.0888189 0.142673 1.75363
-0.367379 -0.691894 1.68 -0.363663 -0.684895 1.663
-0.411437 -0.69088 1.663 -0.409569 -0.687743 1.65545
-0.289232 -0.63551 1.794 -0.28922 -0.635483 1.79393
-0.530538 -0.619569 1.804 -0.535471 -0.62533 1.82077
-0.0376014 0.0549819 1.776 -0.0376317 0.0550261 1.77743
-0.146762 0.0102785 1.785 -0.147061 0.0102995 1.78865
-0.0183645 0.124606 1.766 -0.0182716 0.123975 1.75706
-0.201244 0.117646 1.757 -0.201044 0.117529 1.75525
-1.22148 0.672202 2.503 -1.21556 0.668946 2.49088
-1.31978 0.640529 2.485 -1.31763 0.639486 2.48095
-1.23934 0.760227 2.467 -1.23652 0.758494 2.46138
-1.43003 0.665956 2.415 -1.44906 0.674817 2.44713
-0.619761 0.104706 2.744 -0.623256 0.105297 2.75948
-0.698591 0.0849496 2.744 -0.700462 0.0851771 2.75135
-0.380281 0.154003 1.739 -0.380618 0.154139 1.74054
-0.134533 -0.328097 1.883 -0.13512 -0.329529 1.89122
-0.201079 -0.326355 1.873 -0.202877 -0.329273 1.88975
-0.0325775 -0.222808 1.853 -0.0327268 -0.223829 1.86149
-0.172315 -0.249491 1.853 -0.173607 -0.251361 1.86689
0.534022 -0.324902 1.904 0.533894 -0.324824 1.90354
0.424625 -0.324902 1.904 0.423993 -0.324418 1.90116
0.52137 -0.246752 1.883 0.520436 -0.246309 1.87962
0.335201 -0.244131 1.863 0.337488 -0.245797 1.87571
0.231956 -0.323195 1.894 0.232325 -0.323709 1.89701
0.00750995 -0.323195 1.894 0.00750259 -0.322879 1.89214
0.170744 -0.316377 1.894 0.1707 -0.316296 1.89351
0.121118 -0.250838 1.863 0.121782 -0.252213 1.87321
-1.19237 -0.00386376 2.68 -1.19579 -0.00387487 2.6877
-0.763753 -0.626063 1.804 -0.767014 -0.628736 1.8117
-1.02614 -0.635527 1.776 -1.03138 -0.638771 1.78506
-0.260216 -0.613005 1.863 -0.259506 -0.611332 1.85792
0.271963 0.142947 1.757 0.27201 0.142972 1.75731
0.433051 0.363891 1.696 0.432592 0.363505 1.6942
-0.870932 0.861428 2.503 -0.869334 0.859848 2.49841
-0.973502 0.512405 2.56 -0.980069 0.515862 2.57727
-0.369793 -0.685846 1.68 -0.367729 -0.682019 1.67062
-0.304067 -0.612383 1.853 -0.304253 -0.612757 1.85413
-0.503733 -0.614163 1.883 -0.49905 -0.608453 1.86549
0.711135 0.111246 1.776 0.711088 0.111238 1.77588
0.554929 0.133507 1.766 0.55492 0.133504 1.76597
0.25682 0.132826 1.757 0.257257 0.133052 1.75999
0.0893267 0.14649 1.739 0.0900034 0.1476 1.75217
0.23946 0.382836 1.688 0.238983 0.382072 1.68464
0.0426295 0.43673 1.671 0.0424672 0.435068 1.66464
0.247839 0.515838 1.647 0.2475 0.515132 1.64475
0.00649895 0.520413 1.639 0.00649607 0.520182 1.63827
-0.312848 0.430457 1.647 -0.314906 0.433289 1.65784
-0.380383 0.362797 1.663 -0.383528 0.365796 1.67675
-0.706905 0.691196 2.56 -0.710851 0.695055 2.57429
-0.0285515 0.564759 1.624 -0.0285536 0.564801 1.62412
-0.119528 0.578791 1.624 -0.119132 0.576874 1.61862
-0.0976232 0.61515 1.609 -0.0975438 0.61465 1.60769
-0.131058 0.63696 1.594 -0.131518 0.639198 1.5996
0.655726 -0.316677 1.904 0.655577 -0.316605 1.90357
0.577381 -0.229376 1.863 0.581495 -0.23101 1.87627
-0.822319 0.0529304 2.723 -0.826781 0.0532176 2.73778
-1.07495 0.0173618 2.68 -1.08368 0.0175027 2.70176
-0.862232 0.157518 2.701 -0.862359 0.157541 2.7014
-1.04031 0.144715 2.68 -1.03781 0.144369 2.67358
-0.273712 0.203501 1.713 -0.275999 0.205202 1.72731
-0.348074 0.337476 1.68 -0.349242 0.338608 1.68564
-0.631118 0.453727 2.659 -0.630895 0.453567 2.65806
-0.0736764 -0.321318 1.883 -0.0739651 -0.322578 1.89038
-0.210495 -0.319612 1.873 -0.212112 -0.322067 1.88739
-0.0245925 -0.22014 1.853 -0.0246964 -0.221069 1.86083
-0.168322 -0.244155 1.853 -0.169439 -0.245774 1.86529
-0.0980169 0.191565 1.739 -0.097803 0.191147 1.7352
-0.244186 0.255303 1.713 -0.244169 0.255286 1.71289
-0.11021 0.34069 1.696 -0.109838 0.33954 1.69028
-0.204252 0.339083 1.688 -0.204306 0.339172 1.68845
0.737587 0.222762 1.748 0.735475 0.222124 1.743
0.551391 0.272941 1.731 0.549222 0.271868 1.72419
0.685909 0.344105 1.713 0.68296 0.342625 1.70563
0.551391 0.287897 1.731 0.547853 0.28605 1.71989
-0.0878685 0.368251 1.688 -0.0875797 0.367041 1.68245
-0.15823 0.434639 1.663 -0.158022 0.43407 1.66082
-0.0358781 0.520413 1.639 -0.0358448 0.51993 1.63748
-0.128941 0.475446 1.655 -0.128509 0.473851 1.64945
-1.28424 0.0631732 2.659 -1.28137 0.0630323 2.65307
-1.41104 0.0284966 2.639 -1.41135 0.0285028 2.63957
-1.05484 -0.39884 2.398 -1.06178 -0.401461 2.41376
-0.806961 -0.342317 2.598 -0.80063 -0.339631 2.57762
-1.00476 -0.348369 2.56 -1.00315 -0.347812 2.5559
-0.668675 0.0776926 2.767 -0.666889 0.077485 2.75961
-0.322829 0.169028 1.739 -0.322513 0.168862 1.7373
0.64749 0.43673 1.671 0.649505 0.438089 1.6762
0.532278 0.43673 1.671 0.53323 0.43751 1.67399
0.665889 0.477744 1.663 0.666482 0.47817 1.66448
0.589884 0.458386 1.671 0.589183 0.457841 1.66902
-0.756407 0.675089 2.541 -0.764527 0.682336 2.56828
-0.946372 0.648251 2.522 -0.954036 0.6535 2.54242
-0.745095 0.773122 2.503 -0.756222 0.784668 2.54038
-1.01474 0.773122 2.503 -1.0127 0.771561 2.49794
-0.038877 0.0575393 1.776 -0.038891 0.05756 1.77664
-0.223681 0.00385249 1.785 -0.224183 0.00386113 1.789
-0.0158277 0.125877 1.766 -0.0157448 0.125218 1.75674
-0.20503 0.132826 1.757 -0.204297 0.132351 1.75072
-1.23046 0.632554 2.503 -1.22862 0.631606 2.49925
-1.29657 0.63874 2.485 -1.29656 0.638731 2.48497
-1.23403 0.762003 2.467 -1.23141 0.760384 2.46176
-1.39468 0.751192 2.432 -1.39612 0.751966 2.43451
0.431917 -0.315013 1.894 0.433001 -0.315804 1.89875
0.360355 -0.324902 1.904 0.359554 -0.32418 1.89977
0.529213 -0.221328 1.863 0.531965 -0.222478 1.87269
0.340152 -0.28878 1.883 0.341237 -0.289702 1.88901
0.227875 -0.315013 1.894 0.227914 -0.315066 1.89432
0.0156718 -0.315013 1.894 0.0156364 -0.314303 1.88973
0.264286 -0.221328 1.863 0.264853 -0.221802 1.867
0.129935 -0.290467 1.894 0.12928 -0.289002 1.88444
0.505129 -0.189135 1.863 0.504874 -0.18904 1.86206
0.577381 -0.181087 1.863 0.576789 -0.180901 1.86109
0.391109 -0.61775 1.894 0.385242 -0.608484 1.86559
0.581809 -0.588174 1.959 0.575264 -0.581558 1.93696
-1.38054 -0.356761 2.541 -1.37703 -0.355852 2.53453
-0.938397 -0.210853 2.789 -0.939862 -0.211182 2.79335
-1.50202 -0.00570479 2.639 -1.49895 -0.00569315 2.63362
-0.722784 -0.327381 2.659 -0.712759 -0.32284 2.62212
-0.240271 -0.0116282 1.794 -0.240181 -0.0116239 1.79333
-0.275577 -0.177199 1.823 -0.278599 -0.179141 1.84299
-0.770488 -0.626094 1.823 -0.769537 -0.625321 1.82075
-0.6929 -0.588174 1.959 -0.692373 -0.587727 1.95751
-0.258922 -0.610901 1.873 -0.257888 -0.608461 1.86552
-0.0682082 -0.537396 1.959 -0.0680633 -0.536255 1.95484
0.435858 0.382836 1.688 0.435967 0.382931 1.68842
0.719844 0.534573 1.639 0.723713 0.537447 1.64781
0.278102 0.147248 1.748 0.27937 0.14792 1.75597
0.265152 0.321904 1.713 0.263725 0.320172 1.70378
0.0949275 0.320401 1.705 0.0946766 0.319554 1.7005
-0.863741 0.859626 2.503 -0.862694 0.858585 2.49997
-1.21497 0.799088 2.45 -1.21648 0.800081 2.45304
-0.328598 0.654317 1.586 -0.329517 0.656146 1.59043
-1.05326 0.476988 2.598 -1.04507 0.473279 2.57779
-1.30597 0.502798 2.503 -1.31472 0.506168 2.51977
0.703482 0.11278 1.776 0.703193 0.112734 1.77527
0.553407 0.167075 1.766 0.550289 0.166133 1.75605
-0.759856 0.587239 2.56 -0.769518 0.594706 2.59255
-0.944199 0.643893 2.522 -0.952389 0.649478 2.54388
-0.754217 0.675089 2.541 -0.762418 0.682429 2.56863
-0.95724 0.670041 2.522 -0.962246 0.673544 2.53519
0.741384 0.220873 1.757 0.735847 0.219223 1.74388
0.620079 0.183495 1.748 0.621553 0.183931 1.75216
0.675359 0.346917 1.705 0.675052 0.346759 1.70423
0.542439 0.280419 1.731 0.539577 0.278939 1.72186
-0.102513 0.191565 1.739 -0.102284 0.191137 1.73512
-0.219416 0.191565 1.739 -0.218634 0.190883 1.7328
-0.108749 0.345086 1.696 -0.108304 0.343674 1.68906
-0.211971 0.34183 1.68 -0.21286 0.343262 1.68704
-1.18351 0.00346863 2.68 -1.1867 0.00347798 2.68723
-1.3701 0.00341556 2.639 -1.37732 0.00343356 2.6529
-0.942176 0.0177764 2.744 -0.936743 0.0176739 2.72818
-1.07264 0.0173618 2.68 -1.08151 0.0175053 2.70215
-0.941378 0.143516 2.701 -0.938208 0.143032 2.6919
-1.04493 0.1424 2.68 -1.04236 0.142051 2.67342
0.429275 -0.313387 1.904 0.427832 -0.312334 1.8976
0.299698 -0.311741 1.894 0.29983 -0.311878 1.89484
0.431971 -0.240317 1.873 0.432695 -0.240719 1.87614
0.342961 -0.248691 1.863 0.345599 -0.250604 1.87733
-0.0907781 0.36971 1.688 -0.0904547 0.368393 1.68199
-0.125097 0.385376 1.68 -0.12483 0.384553 1.67641
-0.114678 0.474016 1.655 -0.114339 0.472616 1.65011
-0.15823 0.433202 1.663 -0.15806 0.432739 1.66122
0.71758 0.411503 1.68 0.719829 0.412792 1.68526
0.537693 0.404712 1.688 0.536484 0.403802 1.6842
0.644609 0.435286 1.671 0.646752 0.436733 1.67655
0.523637 0.435286 1.671 0.524649 0.436127 1.67423
-0.0401801 0.0663703 1.766 -0.040359 0.0666659 1.77387
-0.22522 0.00231026 1.785 -0.225779 0.002316 1.78943
-0.0219159 0.130455 1.766 -0.0217829 0.129663 1.75528
-0.202473 0.165372 1.748 -0.201666 0.164712 1.74103
-1.23478 0.639042 2.503 -1.23181 0.637505 2.49698
-1.303 0.634446 2.485 -1.30302 0.634454 2.48503
-1.22184 0.677968 2.503 -1.2152 0.674287 2.48941
-1.2808 0.655428 2.467 -1.28791 0.659064 2.48068
-0.251567 0.250863 1.713 -0.251717 0.251012 1.71402
-0.35097 0.34183 1.68 -0.351878 0.342715 1.68435
0.221346 -0.311741 1.894 0.221245 -0.311599 1.89314
0.00587768 -0.311741 1.894 0.00586056 -0.310832 1.88848
0.169555 -0.258349 1.863 0.170796 -0.26024 1.87664
0.0440784 -0.228145 1.853 0.0443594 -0.229599 1.86481
0.494432 -0.189721 1.853 0.496939 -0.190683 1.86239
0.609546 -0.251361 1.883 0.609538 -0.251358 1.88298
0.57417 -0.181087 1.863 0.57356 -0.180894 1.86102
0.385592 -0.622297 1.883 0.379695 -0.612781 1.85421
0.583497 -0.586481 1.959 0.57767 -0.580624 1.93944
-0.805505 -0.34427 2.579 -0.80235 -0.342922 2.5689
-1.37457 -0.362809 2.522 -1.37224 -0.362194 2.51773
-0.14995 -0.319691 1.883 -0.150365 -0.320575 1.88821
-0.740041 -0.329966 2.68 -0.724058 -0.32284 2.62212
-0.0804875 -0.180115 1.853 -0.0802348 -0.179549 1.84718
-0.277149 -0.186649 1.823 -0.280632 -0.188995 1.84591
-0.540423 -0.612383 1.853 -0.540746 -0.612748 1.85411
-0.934804 -0.593163 1.915 -0.932368 -0.591617 1.91001
-0.261129 -0.618632 1.843 -0.260797 -0.617846 1.84066
-0.504805 -0.615688 1.863 -0.502396 -0.61275 1.85411
-0.526535 -0.572528 1.981 -0.523473 -0.5692 1.96948
0.28321 0.402794 1.68 0.283101 0.402638 1.67935
0.0309593 0.433202 1.663 0.0309933 0.433677 1.66482
0.24358 0.514415 1.647 0.243293 0.513808 1.64506
0.0135618 0.520413 1.639 0.0135569 0.520224 1.63841
0.717019 0.537406 1.639 0.720505 0.540019 1.64697
0.703485 0.514415 1.647 0.70637 0.516524 1.65375
0.259849 0.12979 1.757 0.260433 0.130082 1.76095
0.0863292 0.155505 1.739 0.0868479 0.15644 1.74945
0.271057 0.313024 1.713 0.270017 0.311822 1.70643
0.0666542 0.318709 1.696 0.0668096 0.319452 1.69995
-0.755881 0.781773 2.503 -0.765983 0.792221 2.53645
-1.22978 0.770529 2.467 -1.22645 0.768447 2.46033
-0.381816 0.355613 1.663 -0.385435 0.358983 1.67876
-0.119811 0.619321 1.609 -0.119599 0.618228 1.60616
-0.984901 0.507613 2.56 -0.991313 0.510917 2.57667
-1.38761 0.487004 2.522 -1.38291 0.485356 2.51347
-0.381281 0.16452 1.739 -0.380941 0.164374 1.73745
0.232762 0.362827 1.705 0.230871 0.359879 1.69115
0.0105254 0.33981 1.696 0.0105059 0.339181 1.69286
0.0309594 0.43665 1.663 0.0309754 0.436876 1.66386
-1.18799 0.0199825 2.659 -1.19759 0.0201439 2.68048
-1.31006 0.085499 2.639 -1.31116 0.0855712 2.64123
-1.08797 0.603957 2.541 -1.0848 0.602199 2.5336
-1.21148 0.688349 2.503 -1.20444 0.684349 2.48846
-1.28591 0.647755 2.467 -1.29362 0.651638 2.48179
0.425337 -0.317335 1.904 0.424168 -0.316463 1.89877
0.362223 -0.290407 1.883 0.36357 -0.291488 1.89001
0.497101 -0.194608 1.863 0.497261 -0.194671 1.8636
0.313809 -0.25391 1.873 0.314627 -0.254572 1.87789
-0.0438329 0.0682012 1.766 -0.0440127 0.068481 1.77324
-0.210451 0.0467267 1.785 -0.209445 0.0465033 1.77646
-0.0219158 0.123131 1.766 -0.0218094 0.122533 1.75743
-0.206089 0.165372 1.748 -0.205259 0.164706 1.74096
-0.115765 0.350361 1.696 -0.11518 0.348593 1.68744
-0.208496 0.347056 1.68 -0.209194 0.348217 1.68562
-0.112966 0.475732 1.655 -0.112602 0.4742 1.64967
-0.154045 0.43455 1.655 -0.154541 0.435949 1.66033
0.223305 -0.303886 1.894 0.222915 -0.303355 1.89069
0.0117542 -0.315668 1.894 0.0117284 -0.314976 1.88985
0.161848 -0.252555 1.863 0.162858 -0.254132 1.87463
0.0459949 -0.228145 1.853 0.0462891 -0.229604 1.86485
0.712269 0.411712 1.688 0.711252 0.411125 1.68559
0.534202 0.401212 1.688 0.533292 0.400528 1.68512
0.656769 0.441114 1.68 0.655104 0.439996 1.67574
0.518453 0.438751 1.671 0.519121 0.439316 1.67315
-0.250196 0.347056 1.68 -0.250913 0.34805 1.68482
-0.389393 0.360911 1.696 -0.385547 0.357347 1.67925
-0.327042 0.432449 1.647 -0.329029 0.435077 1.65701
0.425442 -0.182036 1.853 0.426707 -0.182577 1.85851
0.575889 -0.303886 1.894 0.577208 -0.304582 1.89834
0.578024 -0.183018 1.863 0.577622 -0.182891 1.8617
0.383544 -0.62676 1.873 0.377484 -0.616857 1.84341
0.656434 -0.582419 1.959 0.651879 -0.578377 1.94541
-0.806065 -0.336032 2.598 -0.803558 -0.334987 2.58992
-1.3668 -0.370456 2.503 -1.36399 -0.369695 2.49786
-0.0817906 -0.313835 1.883 -0.0820001 -0.314639 1.88782
-0.748356 -0.329966 2.68 -0.732193 -0.32284 2.62212
-0.0804875 -0.182036 1.853 -0.0802606 -0.181523 1.84778
-0.382505 -0.0314885 1.813 -0.378998 -0.0311998 1.79638
-0.926882 -0.593163 1.915 -0.924467 -0.591617 1.91001
-0.784843 -0.543048 2.04 -0.784552 -0.542847 2.03924
-0.0872203 -0.664453 1.757 -0.0862338 -0.656938 1.73713
-0.514634 -0.616721 1.843 -0.514721 -0.616825 1.84331
-0.519511 -0.566739 1.947 -0.521763 -0.569195 1.95544
0.420968 0.371462 1.696 0.419931 0.370547 1.69182
0.255504 0.52466 1.647 0.2548 0.523215 1.64246
0.0102213 0.504169 1.647 0.0101995 0.503096 1.64349
0.708614 0.486027 1.655 0.711779 0.488198 1.66239
0.715409 0.545152 1.647 0.714739 0.544641 1.64546
0.694969 0.514415 1.647 0.69775 0.516473 1.65359
0.261666 0.133433 1.757 0.262099 0.133654 1.75991
0.0755383 0.153702 1.739 0.0760058 0.154654 1.74976
0.276372 0.311248 1.713 0.27541 0.310164 1.70704
0.0631462 0.32926 1.696 0.0631788 0.32943 1.69687
0.705319 0.11278 1.776 0.705044 0.112736 1.77531
0.526328 0.271445 1.731 0.524239 0.270368 1.72413
-0.741077 0.667185 2.541 -0.750348 0.675531 2.57279
-1.04063 0.781773 2.503 -1.03598 0.778281 2.49182
-1.22467 0.770529 2.467 -1.22175 0.76869 2.46111
-0.0510993 0.52466 1.647 -0.0507808 0.52139 1.63673
-1.0477 0.136843 2.68 -1.04552 0.136558 2.67443
-1.00821 0.500685 2.579 -1.00737 0.500264 2.57683
-1.20503 0.47393 2.522 -1.21626 0.478346 2.5455
-0.377684 0.16452 1.739 -0.377362 0.16438 1.73752
-0.116925 0.279279 1.713 -0.116618 0.278546 1.7085
-0.820714 0.0172072 2.744 -0.822191 0.0172382 2.74894
-1.08943 0.0169376 2.701 -1.08939 0.0169369 2.70089
-0.868191 0.158078 2.701 -0.86795 0.158034 2.70025
-1.04105 0.136843 2.68 -1.03931 0.136615 2.67554
0.607294 0.328886 1.705 0.608384 0.329476 1.70806
0.528314 0.390453 1.696 0.525986 0.388732 1.68853
0.654251 0.469755 1.663 0.655626 0.470742 1.6665
0.508084 0.447067 1.671 0.507969 0.446966 1.67062
-0.0649408 0.37601 1.688 -0.0646604 0.374387 1.68071
-0.140357 0.325607 1.688 -0.140816 0.32667 1.69351
-0.149937 0.442786 1.655 -0.150219 0.443618 1.65811
0.223305 -0.313312 1.894 0.223267 -0.313259 1.89368
0.0117543 -0.299173 1.894 0.0116962 -0.297696 1.88465
0.16416 -0.238647 1.863 0.164802 -0.239582 1.87029
0.0528941 -0.223534 1.853 0.0531953 -0.224807 1.86355
-0.0414289 0.0765976 1.757 -0.0417512 0.0771935 1.77067
-0.214882 0.0644933 1.785 -0.213211 0.0639919 1.77112
-0.0153406 0.116539 1.766 -0.0152841 0.11611 1.75949
-0.119928 0.129061 1.757 -0.119691 0.128806 1.75353
-0.275815 0.334801 1.671 -0.278499 0.338059 1.68726
-0.379177 0.338207 1.688 -0.378574 0.33767 1.68532
-0.333174 0.440646 1.647 -0.334712 0.442679 1.6546
-0.741704 -0.323298 2.68 -0.72931 -0.317895 2.63522
0.701683 -0.546473 1.97 0.703144 -0.547611 1.9741
-0.276758 -0.621307 1.843 -0.275845 -0.619257 1.83692
-0.525034 -0.57115 2.005 -0.518963 -0.564545 1.98181
0.580336 -0.183019 1.863 0.579948 -0.182896 1.86175
-0.934597 -0.591778 1.926 -0.930205 -0.588997 1.91695
-0.606044 -0.529896 2.078 -0.605277 -0.529225 2.07537
0.272569 0.142177 1.757 0.272653 0.142222 1.75755
0.246402 0.115945 1.757 0.247494 0.116459 1.76479
0.291254 0.317642 1.713 0.289979 0.316251 1.7055
0.0736704 0.314489 1.696 0.0739006 0.315472 1.7013
-1.19129 0.0960716 2.659 -1.19162 0.0960983 2.65974
0.698707 0.117199 1.776 0.697864 0.117058 1.77386
0.539217 0.282214 1.731 0.536191 0.28063 1.72129
0.710978 0.411851 1.68 0.71311 0.413086 1.68504
0.718036 0.548621 1.639 0.720174 0.550255 1.64388
0.595184 0.484489 1.671 0.591924 0.481835 1.66185
-0.0724429 -0.311492 1.883 -0.0726076 -0.3122 1.88728
-0.372823 -0.181054 1.843 -0.372538 -0.180915 1.84159
-0.215965 -0.00214221 1.794 -0.215602 -0.00213861 1.79098
-0.380255 -0.0292329 1.813 -0.376637 -0.0289547 1.79575
0.425267 0.37601 1.688 0.42581 0.37649 1.69015
0.0227039 0.444927 1.663 0.022682 0.444497 1.6614
0.24324 0.514415 1.647 0.242952 0.513806 1.64505
-0.713751 0.670745 2.579 -0.714183 0.671151 2.58056
-1.26137 0.646298 2.485 -1.26316 0.647219 2.48854
-0.785909 0.781773 2.503 -0.794911 0.790727 2.53167
-1.03601 0.731227 2.522 -1.03009 0.727051 2.5076
0.497101 -0.210833 1.863 0.498619 -0.211477 1.86869
-0.0382928 0.567846 1.624 -0.0382715 0.567531 1.6231
-0.374382 0.0111935 1.785 -0.374113 0.0111854 1.78372
-0.116925 0.279279 1.713 -0.116618 0.278546 1.7085
-0.377684 0.166684 1.739 -0.377226 0.166482 1.73689
0.390266 -0.620735 1.883 0.384749 -0.61196 1.85638
